Zone,1,2,3,4
t1,-2.733731671122672e-7,-2.1842881284912267e-7,-3.2738676609692237e-7,-4.85365873164697e-7
t2,-2.628364664796822e-7,-2.0264689887706604e-7,-3.1927444680902876e-7,-4.825548558638389e-7
t3,-2.549624798953366e-7,-1.8902850876626638e-7,-3.1469188835984166e-7,-4.840447937962762e-7
t4,-2.5047576528904665e-7,-1.7778658887714843e-7,-3.1308337288206104e-7,-4.870865388333264e-7
t5,-2.4066469746254884e-7,-1.612498606296777e-7,-3.1069912713723803e-7,-4.914117713615722e-7
t6,-2.345798052484609e-7,-1.4231609675468036e-7,-3.097928090859788e-7,-5.027710595898844e-7
t7,-2.2664793391583428e-7,-1.213172304571295e-7,-3.068081085106702e-7,-5.113972697165269e-7
t8,-1.802111660743277e-7,-4.622566765394745e-8,-2.668377169301677e-7,-4.797971026402026e-7
t9,-1.2028027532624642e-7,-1.26812758607736e-8,-1.8944874476888194e-7,-3.6342621210863196e-7
t10,-1.0861800118629086e-7,-1.0496310126249885e-8,-1.6890227025108893e-7,-3.133234285596836e-7
t11,-1.1430517703751129e-7,-1.225517442210897e-8,-1.749556856319196e-7,-3.2409744123245827e-7
t12,-1.1184582575580175e-7,-1.1552127021562144e-8,-1.7232779904306357e-7,-3.198285162743918e-7
t13,-1.0419839309195294e-7,-9.265648153263685e-9,-1.6358273986330312e-7,-3.052609032492301e-7
t14,-9.859580078638934e-8,-7.637247771165745e-9,-1.5704194453509654e-7,-2.929740455978585e-7
t15,-9.58166064305792e-8,-6.723472318135636e-9,-1.5376574994780442e-7,-2.8634450367542014e-7
t16,-1.0138595373757197e-7,-8.319107785188907e-9,-1.6312854947458513e-7,-3.081609255212589e-7
t17,-1.4791173138740514e-7,-2.7608319915474626e-8,-2.2940676892447033e-7,-4.230091585303682e-7
t18,-2.1170499185377837e-7,-1.1697733506575412e-7,-2.8797562017459086e-7,-4.7589927157965257e-7
t19,-2.819049611424456e-7,-2.1130692749775163e-7,-3.470460498402078e-7,-5.22985760455501e-7
t20,-2.943838238798187e-7,-2.267935807099916e-7,-3.5810666695960257e-7,-5.347099426337739e-7
t21,-2.9862671478857186e-7,-2.3192462051733657e-7,-3.635163721497352e-7,-5.412030776136315e-7
t22,-3.0406913972982936e-7,-2.4900042310973705e-7,-3.6311265927388264e-7,-5.274971308294831e-7
t23,-3.1223186000964787e-7,-2.688627249844995e-7,-3.6570076422712544e-7,-5.150685568871576e-7
t24,-3.1270322418062367e-7,-2.718084028441426e-7,-3.645463059346068e-7,-5.141438008716055e-7
t25,-3.128717082710359e-7,-2.714912581546315e-7,-3.649497854219185e-7,-5.141976696768736e-7
t26,-3.099502546615962e-7,-2.664066408228111e-7,-3.637019729083422e-7,-5.169166947331786e-7
t27,-3.0368086319198297e-7,-2.562414914304632e-7,-3.5986582012860425e-7,-5.170056161115992e-7
t28,-2.97227493146563e-7,-2.4304654948557696e-7,-3.5691826347052727e-7,-5.215838176582646e-7
t29,-2.9008230408051054e-7,-2.2632934163475586e-7,-3.54181655519075e-7,-5.283660083422632e-7
t30,-2.780215695554989e-7,-2.0180828673550204e-7,-3.4867108729644325e-7,-5.362991949347776e-7
t31,-2.5918090106233856e-7,-1.6851911180893286e-7,-3.358848950080724e-7,-5.344585170337165e-7
t32,-1.9129096100144676e-7,-6.225336195946129e-8,-2.7735305861892973e-7,-4.895586934473738e-7
t33,-1.2499266586898297e-7,-1.4261932531911985e-8,-1.9676369603821475e-7,-3.7547885762685833e-7
t34,-1.0555938639194595e-7,-9.49635025044277e-9,-1.6421216575246704e-7,-3.0771138748772474e-7
t35,-1.0482294878670608e-7,-9.27326774413604e-9,-1.627316669739117e-7,-3.029672173233049e-7
t36,-9.68053129182573e-8,-6.827322036810425e-9,-1.5266582967810473e-7,-2.8653519079081605e-7
t37,-8.757923061598447e-8,-3.934845816534189e-9,-1.4019354528140884e-7,-2.6477485753346797e-7
t38,-8.351897252479705e-8,-2.8482847528573704e-9,-1.3413000593781615e-7,-2.565633452770152e-7
t39,-8.383403899749811e-8,-3.3513962813152385e-9,-1.3571984863720794e-7,-2.61672156213281e-7
t40,-1.0359048898558348e-7,-1.059888292714084e-8,-1.6658826928852706e-7,-3.280725409720623e-7
t41,-1.326938172426405e-7,-3.922088713315485e-8,-1.980353244108197e-7,-3.669400730536097e-7
t42,-1.9564730940716846e-7,-1.2886258571315387e-7,-2.5419107970863266e-7,-4.121689988363498e-7
t43,-2.515206142666797e-7,-2.0202681549134452e-7,-3.019030525989402e-7,-4.4935445915413714e-7
t44,-2.566496505467848e-7,-2.0810171885416018e-7,-3.0618250832130135e-7,-4.5251505835226057e-7
t45,-2.6324540670089e-7,-2.1507003573617852e-7,-3.1311728307816905e-7,-4.608624430897229e-7
t46,-2.7164974762784285e-7,-2.2783907600920938e-7,-3.2030734980682435e-7,-4.6321714104460184e-7
t47,-2.800466232693388e-7,-2.437198822496857e-7,-3.260322264505668e-7,-4.6079682468299916e-7
t48,-2.9230819819113407e-7,-2.603595532747657e-7,-3.3650637587056794e-7,-4.700723913025936e-7
t49,-3.013427322328309e-7,-2.699375727872283e-7,-3.4636969916834025e-7,-4.798891924278308e-7
t50,-3.0366114741892575e-7,-2.7092549459331843e-7,-3.4972597880502664e-7,-4.870530281255228e-7
t51,-2.9631696428608924e-7,-2.5771279393557025e-7,-3.4593101342456785e-7,-4.890818473409727e-7
t52,-2.8521193669874065e-7,-2.3601900671311493e-7,-3.399647593175866e-7,-4.9515741553991e-7
t53,-2.7105852935261077e-7,-2.104731436084894e-7,-3.322178183832316e-7,-4.98438623529632e-7
t54,-2.5844475956555816e-7,-1.844968218901312e-7,-3.2506996392537525e-7,-5.03405715716961e-7
t55,-2.4331724682011683e-7,-1.563684226476892e-7,-3.16256437873555e-7,-5.059590901388742e-7
t56,-1.8105862745142195e-7,-5.988652888748702e-8,-2.625292210301829e-7,-4.652145058300866e-7
t57,-1.1872625160324111e-7,-1.3362639042097648e-8,-1.8772497934716508e-7,-3.5954989100326017e-7
t58,-9.409061000907639e-8,-6.2918779530665754e-9,-1.506093596757073e-7,-2.829392667244758e-7
t59,-9.107466275545199e-8,-5.18719391452638e-9,-1.4549312034629627e-7,-2.7515392275302225e-7
t60,-8.782357755959844e-8,-4.224161779447868e-9,-1.4113698359147302e-7,-2.670297073121851e-7
t61,-8.099285280948601e-8,-2.289013561552372e-9,-1.3174370306231677e-7,-2.5207322253839023e-7
t62,-7.728440574838754e-8,-1.606901372811705e-9,-1.269901425726737e-7,-2.426114422451791e-7
t63,-8.246674894810071e-8,-4.171074399739323e-9,-1.3423257332001817e-7,-2.5751039159540685e-7
t64,-1.0490222909404212e-7,-1.3765750834790795e-8,-1.6811789449183678e-7,-3.297674252081474e-7
t65,-1.3811882122052511e-7,-4.8106209077912424e-8,-2.023911067209785e-7,-3.6899988421639e-7
t66,-2.8525222093998957e-7,-2.4592142481846083e-7,-3.327739243212809e-7,-4.765744995655778e-7
t67,-4.725349587207608e-7,-4.846369589341424e-7,-5.020305418843288e-7,-6.16146001994103e-7
t68,-4.709944852163782e-7,-4.817638962894117e-7,-5.008093870017607e-7,-6.144277359174267e-7
t69,-4.6490845020710775e-7,-4.7116790400975853e-7,-4.960057066623468e-7,-6.144440787640741e-7
t70,-4.4462609795792794e-7,-4.4657255555057503e-7,-4.772237467266048e-7,-5.944398749991734e-7
t71,-4.064317946505454e-7,-4.064057028020843e-7,-4.3870311614933366e-7,-5.50430780445913e-7
t72,-3.906464116228129e-7,-3.886727682287925e-7,-4.2307577899557514e-7,-5.337035558470165e-7
t73,-3.796628035124841e-7,-3.726637419298002e-7,-4.1455317832750953e-7,-5.324835235599261e-7
t74,-3.767404229628896e-7,-3.6718122550308207e-7,-4.136627120566568e-7,-5.358828000720574e-7
t75,-3.8103052258807264e-7,-3.7045478054952063e-7,-4.1923612830423287e-7,-5.44640819188789e-7
t76,-3.870210644233566e-7,-3.7341877064630885e-7,-4.2678553121670413e-7,-5.573396192297115e-7
t77,-3.7158642627239226e-7,-3.4721089624230793e-7,-4.163488493868094e-7,-5.560450011974424e-7
t78,-3.314183068118279e-7,-2.9015645001980817e-7,-3.834392202710207e-7,-5.364292517286756e-7
t79,-2.9023898436753067e-7,-2.3012827054300774e-7,-3.504189289802704e-7,-5.210580917793971e-7
t80,-1.93221680713684e-7,-9.13884500255671e-8,-2.6932992937786833e-7,-4.6135638987348137e-7
t81,-1.321659926830878e-7,-1.828418183006449e-8,-2.0818306904084056e-7,-3.991917534796784e-7
t82,-9.731764710893843e-8,-7.340022360392029e-9,-1.5402298416922363e-7,-2.905799846576899e-7
t83,-9.803726964819207e-8,-7.200630306549415e-9,-1.5329832379149885e-7,-2.8823642136491056e-7
t84,-9.345460961237528e-8,-5.669659830386718e-9,-1.4676867696640061e-7,-2.768238789173942e-7
t85,-8.617428422006412e-8,-3.4022379651420385e-9,-1.3615277433744052e-7,-2.5991266815094407e-7
t86,-8.17223684141888e-8,-2.2549963251479816e-9,-1.30300667517096e-7,-2.5052797017596035e-7
t87,-8.181720348524938e-8,-2.8502150054870734e-9,-1.307304093056609e-7,-2.519303712709434e-7
t88,-1.0112521709794353e-7,-9.695223839191922e-9,-1.6081241269154992e-7,-3.194542870825669e-7
t89,-1.3319254533935918e-7,-3.622486339673022e-8,-1.969719686164057e-7,-3.6532423619837475e-7
t90,-2.3597821812252146e-7,-1.7952375391771818e-7,-2.880521839537562e-7,-4.4248649644941533e-7
t91,-4.0454321553717406e-7,-3.922167618220247e-7,-4.403030161887543e-7,-5.715605563188373e-7
t92,-4.5974838017829437e-7,-4.598136445280763e-7,-4.923748414956052e-7,-6.195088925632186e-7
t93,-4.779127227784432e-7,-4.792927110731211e-7,-5.107883131944238e-7,-6.385533133627183e-7
t94,-4.4283961057373806e-7,-4.396516242869524e-7,-4.764782327549101e-7,-6.045349440110999e-7
t95,-3.9115689736148236e-7,-3.8027154183035326e-7,-4.273505479918966e-7,-5.555948213939382e-7
t96,-3.6022168102774725e-7,-3.420817624849116e-7,-3.992371318298448e-7,-5.331985058827767e-7
t97,-3.4253209339592406e-7,-3.197318926305647e-7,-3.8287673616700315e-7,-5.176425820823767e-7
t98,-3.2356428314312866e-7,-2.949794218912892e-7,-3.664467737801485e-7,-5.048888704303215e-7
t99,-3.205825074078823e-7,-2.8846300194242734e-7,-3.650841977607126e-7,-5.049343892641515e-7
t100,-3.161107503209081e-7,-2.789020471968164e-7,-3.633494634429025e-7,-5.065782733343544e-7
t101,-3.161236014349728e-7,-2.6872258166643613e-7,-3.684894230410673e-7,-5.277410548460388e-7
t102,-3.102392728552434e-7,-2.5512143335214096e-7,-3.668342173168525e-7,-5.352434579798242e-7
t103,-3.0491264276260716e-7,-2.418630345129357e-7,-3.6471385916349627e-7,-5.403670353522128e-7
t104,-2.015881122269753e-7,-9.223061533213665e-8,-2.7782102715544177e-7,-4.7595984532780323e-7
t105,-1.4053383657239018e-7,-2.1744486224990333e-8,-2.14539148578742e-7,-4.106358694944949e-7
t106,-1.0498556971827505e-7,-9.731966804383055e-9,-1.60337369248739e-7,-3.027462569996443e-7
t107,-1.0257189939262431e-7,-8.469828214056678e-9,-1.5594415817290632e-7,-2.926100021823548e-7
t108,-9.470248909100074e-8,-6.015365426464236e-9,-1.4585775690981058e-7,-2.758955095104107e-7
t109,-8.596644271807618e-8,-3.473411100219905e-9,-1.354197979793316e-7,-2.572547575294855e-7
t110,-8.286465787799165e-8,-2.7083105090132953e-9,-1.3121076300017055e-7,-2.512939532361376e-7
t111,-8.334126753865812e-8,-3.52443930754346e-9,-1.3188427063276823e-7,-2.5372537396498666e-7
t112,-1.0066079979160904e-7,-9.629603165967849e-9,-1.5834362791093243e-7,-3.147405329393096e-7
t113,-1.3161179982137236e-7,-3.305309020004434e-8,-1.9512881909015507e-7,-3.65648975776835e-7
t114,-2.1263984371735608e-7,-1.4610399774520004e-7,-2.6801464744314286e-7,-4.30480726568238e-7
t115,-3.43129495917861e-7,-3.1557109197489633e-7,-3.823380205891348e-7,-5.200194706081935e-7
t116,-3.8466121411780017e-7,-3.6771782506816313e-7,-4.205386993887387e-7,-5.528114640470463e-7
t117,-4.206097108948176e-7,-4.1174208083595787e-7,-4.54107777006416e-7,-5.809910510833284e-7
t118,-4.420003349786058e-7,-4.4240579890562963e-7,-4.728812759209241e-7,-5.899033515223735e-7
t119,-4.537225095762277e-7,-4.6181997341128203e-7,-4.821040552201113e-7,-5.927376893827069e-7
t120,-4.687694737841152e-7,-4.792701562727362e-7,-4.971891770411083e-7,-6.073583807871432e-7
t121,-4.7350551732630097e-7,-4.815167591772084e-7,-5.033153952353187e-7,-6.175044455300248e-7
t122,-4.766851053452953e-7,-4.827676166767596e-7,-5.078737407348663e-7,-6.275229763238967e-7
t123,-4.923724968095731e-7,-4.982967403590751e-7,-5.244581730871949e-7,-6.469679358475061e-7
t124,-4.965144262097318e-7,-4.961720948415927e-7,-5.310976553463109e-7,-6.639482650759912e-7
t125,-4.787902141456234e-7,-4.6655785313021184e-7,-5.184743773377272e-7,-6.637857439525377e-7
t126,-4.5686780691092885e-7,-4.3274666682975023e-7,-5.004855045613875e-7,-6.559530365650768e-7
t127,-4.1345618372934695e-7,-3.713038987198953e-7,-4.6363948768331813e-7,-6.33118351672915e-7
t128,-2.3031361702016152e-7,-1.269222619776462e-7,-3.036753590084904e-7,-5.046110595609846e-7
t129,-1.497437154109193e-7,-2.7545205345910563e-8,-2.228693246953119e-7,-4.2158393135731107e-7
t130,-1.1111502128334668e-7,-1.2353564808793103e-8,-1.672254966258913e-7,-3.1381209118469235e-7
t131,-1.0561110031397309e-7,-9.826759223543312e-9,-1.590483315817801e-7,-2.9874508012798365e-7
t132,-9.763721907134833e-8,-7.396985958806126e-9,-1.4940001731020417e-7,-2.826093042133181e-7
t133,-8.857923149849196e-8,-5.243981735848341e-9,-1.3763851321090703e-7,-2.620336136678029e-7
t134,-8.619482991898484e-8,-5.840694542613099e-9,-1.3453438060971026e-7,-2.5732962835797684e-7
t135,-9.915971907551162e-8,-1.1653569011826841e-8,-1.5443248556655432e-7,-3.0229580918590334e-7
t136,-1.244664172798209e-7,-2.8248336776860308e-8,-1.853269624730392e-7,-3.5324881156585347e-7
t137,-1.6590968100685855e-7,-8.376790516722302e-8,-2.2479300190258436e-7,-3.894298393812475e-7
t138,-4.083237137499386e-7,-4.0036762084176e-7,-4.4130462554982085e-7,-5.651810896742707e-7
t139,-6.592190935403714e-7,-7.263896411498071e-7,-6.751487851896897e-7,-7.693017729972808e-7
t140,-6.275574876206121e-7,-6.830344978441424e-7,-6.458755302872557e-7,-7.450557069861314e-7
t141,-5.971538330399671e-7,-6.409439320625002e-7,-6.180837076339115e-7,-7.232843313874332e-7
t142,-5.845718209052097e-7,-6.277938907030511e-7,-6.057437203382047e-7,-7.080323671462431e-7
t143,-5.939989879796073e-7,-6.450082107184633e-7,-6.12880434019871e-7,-7.074331181580035e-7
t144,-6.131893538176466e-7,-6.683764048231551e-7,-6.315927212615325e-7,-7.251620442944543e-7
t145,-6.065243632702551e-7,-6.550949294290368e-7,-6.270584377018643e-7,-7.248313476475101e-7
t146,-5.647517391239315e-7,-5.966838244936464e-7,-5.896950581216885e-7,-6.971174956699652e-7
t147,-5.123041524858604e-7,-5.257013132486845e-7,-5.425442919420273e-7,-6.612364492664627e-7
t148,-4.7285612051019295e-7,-4.7058521262628746e-7,-5.087222122292875e-7,-6.410635405948043e-7
t149,-4.5803327531067464e-7,-4.4471148525953873e-7,-4.978106352763151e-7,-6.4206647200727e-7
t150,-4.319430469206588e-7,-4.0364447933572995e-7,-4.77278021610146e-7,-6.352780107553008e-7
t151,-3.759848397264045e-7,-3.2590302218079307e-7,-4.3011583186958865e-7,-6.036696067785515e-7
t152,-2.159618779357886e-7,-1.0317371935496573e-7,-2.9135425017452593e-7,-4.964525924355764e-7
t153,-1.4008527701093093e-7,-2.0014989970112923e-8,-2.121973771685386e-7,-4.083132322892923e-7
t154,-1.0993623887052367e-7,-1.0939791904592492e-8,-1.6645238311566163e-7,-3.09659367088619e-7
t155,-1.1261401071888511e-7,-1.1338809830829085e-8,-1.683832847047419e-7,-3.137832361725866e-7
t156,-1.0710816936892847e-7,-9.659198064222365e-9,-1.618669308799439e-7,-3.036559147010523e-7
t157,-9.778598995728125e-8,-6.995035924431589e-9,-1.5107745172813702e-7,-2.836888187350178e-7
t158,-9.076544454657865e-8,-5.302840896217111e-9,-1.428989693369096e-7,-2.7085138094856355e-7
t159,-9.263444205369928e-8,-6.784803994231094e-9,-1.4623042999009313e-7,-2.789140494279972e-7
t160,-1.177747305537282e-7,-1.6918560875805865e-8,-1.8429532784651617e-7,-3.6027448464755594e-7
t161,-1.5417501940255448e-7,-5.5420424188102405e-8,-2.2284023573700414e-7,-4.070339210097947e-7
t162,-3.1891651037692997e-7,-2.794186156896939e-7,-3.6839734845009346e-7,-5.292831986063116e-7
t163,-5.005437620578261e-7,-5.076884661448659e-7,-5.346793604861787e-7,-6.654838219703016e-7
t164,-4.998743030604626e-7,-5.046423495788781e-7,-5.343204745935164e-7,-6.656826493583891e-7
t165,-5.014203555406989e-7,-5.043946172117118e-7,-5.367010834804408e-7,-6.697692830759091e-7
t166,-5.258057062709478e-7,-5.394453686991326e-7,-5.578637539037004e-7,-6.795416176755704e-7
t167,-5.39937451533524e-7,-5.65166320585184e-7,-5.680008845693826e-7,-6.7741882664319e-7
t168,-5.456501977592116e-7,-5.744390300611206e-7,-5.72673873218017e-7,-6.781557689882613e-7
t169,-5.212828137783225e-7,-5.394909790974851e-7,-5.514430054090067e-7,-6.632288878953779e-7
t170,-4.6595561688465805e-7,-4.6568174048449796e-7,-5.013956129474807e-7,-6.255354498275155e-7
t171,-4.065034273568202e-7,-3.8774085508189044e-7,-4.482080620989063e-7,-5.84460208198759e-7
t172,-3.591903510226538e-7,-3.230313137142068e-7,-4.0759445601650833e-7,-5.578815960027918e-7
t173,-3.3120808878995035e-7,-2.8060856524481106e-7,-3.8586322930283736e-7,-5.485113652168513e-7
t174,-3.1806151989773616e-7,-2.549096422539795e-7,-3.780360482368319e-7,-5.535298723016258e-7
t175,-3.077126952478037e-7,-2.3446310168037683e-7,-3.7286644117683463e-7,-5.599812937839714e-7
t176,-1.9975905546494337e-7,-7.725078881309768e-8,-2.7996434756071984e-7,-4.902306036202708e-7
t177,-1.3777655053982467e-7,-1.9419329961486377e-8,-2.1128325161155735e-7,-4.041915878422347e-7
t178,-1.1292570017739787e-7,-1.2236603764473764e-8,-1.7196622338534682e-7,-3.18866613661217e-7
t179,-1.1683095519830288e-7,-1.3176117809758835e-8,-1.7616107477870448e-7,-3.262803110022917e-7
t180,-1.146639638359381e-7,-1.2446420826915108e-8,-1.7429710196845174e-7,-3.2135848097575104e-7
t181,-1.0714322885225602e-7,-1.0296955889537638e-8,-1.6491470691305857e-7,-3.073189869065523e-7
t182,-1.0210272297436848e-7,-9.108251077965181e-9,-1.583627821537438e-7,-2.964697484484291e-7
t183,-1.0142016782280693e-7,-9.826556304352322e-9,-1.5786865164243013e-7,-2.9384973851799845e-7
t184,-1.2456434721540698e-7,-1.9096844539676384e-8,-1.9333897642328e-7,-3.703561379017606e-7
t185,-1.7385621150473795e-7,-6.440526655126746e-8,-2.4919395622762097e-7,-4.4298535288791933e-7
t186,-3.566968866565868e-7,-3.141564939508272e-7,-4.0895236063054647e-7,-5.73194914241588e-7
t187,-5.90018204214058e-7,-6.111292460758759e-7,-6.220317366917519e-7,-7.483571867186634e-7
t188,-5.025305669766054e-7,-4.964966308966964e-7,-5.415127650977072e-7,-6.81513271057267e-7
t189,-4.4000504507989337e-7,-4.1584647332348667e-7,-4.846358832828259e-7,-6.363749262645554e-7
t190,-4.089769710902891e-7,-3.848631109741673e-7,-4.5327317959653113e-7,-5.970853365810922e-7
t191,-3.965401989096133e-7,-3.778343853355004e-7,-4.3763552223081304e-7,-5.73755288583699e-7
t192,-4.051974557270706e-7,-3.9081161806933625e-7,-4.4430388511226526e-7,-5.761038369496231e-7
t193,-4.077308452699574e-7,-3.9278747222110625e-7,-4.474615587755802e-7,-5.794291601413206e-7
t194,-3.96696963742123e-7,-3.7673732159663497e-7,-4.383110211188322e-7,-5.724880911371902e-7
t195,-3.877346509499955e-7,-3.629738395804205e-7,-4.315307616542371e-7,-5.696632255524669e-7
t196,-3.820356004886984e-7,-3.5100963426991463e-7,-4.285482073127153e-7,-5.762997441056719e-7
t197,-3.757846410217034e-7,-3.366333784667369e-7,-4.2602409111882365e-7,-5.828761481670195e-7
t198,-3.6602738023308523e-7,-3.168159470143791e-7,-4.2127980088301045e-7,-5.879323169359191e-7
t199,-3.52723576412158e-7,-2.937729165693481e-7,-4.122149960950292e-7,-5.928142020072399e-7
t200,-2.2663246539321666e-7,-1.1947115676467165e-7,-3.0381467472396883e-7,-5.085653801584173e-7
t201,-1.6132873376286613e-7,-3.4459586798506244e-8,-2.3878249192934746e-7,-4.449246574053913e-7
t202,-1.197783064456169e-7,-1.6441833890331123e-8,-1.8048130243036272e-7,-3.3517700083135313e-7
t203,-1.1397141447853393e-7,-1.3119007419783681e-8,-1.7127765805027467e-7,-3.203996676166103e-7
t204,-1.0562169466039842e-7,-1.0735019294869542e-8,-1.6029457044603383e-7,-3.0088253382452216e-7
t205,-9.743871862643849e-8,-9.222901952621513e-9,-1.4882528022647543e-7,-2.834184827119655e-7
t206,-9.737285458752906e-8,-1.1635276276880423e-8,-1.4820975314965829e-7,-2.7950113142454324e-7
t207,-1.1907316631296822e-7,-2.3832988038402077e-8,-1.7852761653570935e-7,-3.450921665558983e-7
t208,-1.4994731725813787e-7,-6.378083327068687e-8,-2.0943158034119226e-7,-3.7528962311123467e-7
t209,-2.9557423550529385e-7,-2.6063826660621094e-7,-3.373369117085551e-7,-4.774418163713036e-7
t210,-1.1249237784800569e-6,-1.3507194975212837e-6,-1.106830155411907e-6,-1.1491228724664825e-6
t211,-1.8721459229224485e-6,-2.3056230605690077e-6,-1.7923512487075842e-6,-1.7592455852443954e-6
t212,-1.9585923937393967e-6,-2.411052120341256e-6,-1.8719849484182982e-6,-1.8308841950893195e-6
t213,-1.945442076725812e-6,-2.392595735175482e-6,-1.8616605356081076e-6,-1.823863347628431e-6
t214,-1.9647824189661086e-6,-2.416498196504225e-6,-1.8768249217604379e-6,-1.8371707898864047e-6
t215,-1.9815787841015537e-6,-2.4382129508831436e-6,-1.8858521040946713e-6,-1.8381767682548788e-6
t216,-1.9490693571963653e-6,-2.3985346521734396e-6,-1.854000780691384e-6,-1.8086914648710212e-6
t217,-1.8377721244303113e-6,-2.2595852173791086e-6,-1.755300408931863e-6,-1.724863764326214e-6
t218,-1.7682096940415725e-6,-2.170535652738155e-6,-1.6930339934919308e-6,-1.6738150359501954e-6
t219,-1.742291878676743e-6,-2.1348015578710505e-6,-1.6719187293028137e-6,-1.6587787310807512e-6
t220,-1.6170604099586317e-6,-1.9689080167136322e-6,-1.563458349037622e-6,-1.5699232106144918e-6
t221,-1.40039208187025e-6,-1.683662032822592e-6,-1.3694314177464712e-6,-1.4043746402531993e-6
t222,-1.2297266947840284e-6,-1.4531466478996407e-6,-1.2163203639272103e-6,-1.2747220421391654e-6
t223,-1.1032738531354643e-6,-1.2816374646976137e-6,-1.101492265978651e-6,-1.177618008456185e-6
t224,-5.472735421801945e-7,-5.516869280855758e-7,-5.834782147025335e-7,-7.308478144965199e-7
t225,-2.6831219632769383e-7,-1.8826266172683856e-7,-3.3340449058651514e-7,-5.238616501545516e-7
t226,-1.7488768379615833e-7,-6.642527657940402e-8,-2.466044156136556e-7,-4.29154595777216e-7
t227,-1.297958973645895e-7,-2.6305355062700347e-8,-1.9503055035924727e-7,-3.670734389027942e-7
t228,-1.0899534980117973e-7,-1.690915074960765e-8,-1.654843622548021e-7,-3.133372588605625e-7
t229,-1.0187074126046934e-7,-1.491422509512513e-8,-1.5666531420002324e-7,-2.9968772530063297e-7
t230,-1.0598995639748058e-7,-1.723672804629849e-8,-1.634208235244512e-7,-3.157631393110688e-7
t231,-1.2068111667312604e-7,-2.708804041752217e-8,-1.8071163819587467e-7,-3.4371996951213936e-7
t232,-1.4231910560940572e-7,-5.7094193549830547e-8,-2.0145674308879983e-7,-3.6139856003814487e-7
t233,-2.442377867128465e-7,-1.9867131530081848e-7,-2.9061650255025384e-7,-4.3451862607133483e-7
t234,-1.184562256893341e-6,-1.4310940991344737e-6,-1.158763394128713e-6,-1.1872627903521488e-6
t235,-3.540967345420687e-6,-4.2601606939092856e-6,-3.321369634561118e-6,-3.0858853538115843e-6
t236,-4.575085843544341e-6,-5.405339535293513e-6,-4.286061874492879e-6,-3.933790806384157e-6
t237,-5.33247271885572e-6,-6.228288584997032e-6,-4.995883724359082e-6,-4.564907195931012e-6
t238,-5.846736750824428e-6,-6.7704027254019e-6,-5.477471853255336e-6,-4.9942281942596215e-6
t239,-6.129684006233324e-6,-7.0441677869419244e-6,-5.736690812070313e-6,-5.214831059815305e-6
t240,-6.2337615722654545e-6,-7.137506330934286e-6,-5.834128553180006e-6,-5.301506362406961e-6
t241,-6.3639521912933405e-6,-7.2888884365577295e-6,-5.953377044629471e-6,-5.410727590777436e-6
t242,-6.303121066806796e-6,-7.230532219761496e-6,-5.898743837264503e-6,-5.3664719323444955e-6
t243,-6.097898829232997e-6,-7.035279920835823e-6,-5.70638596894513e-6,-5.200473935255466e-6
t244,-5.694141661152016e-6,-6.626860808050538e-6,-5.326989190307931e-6,-4.874478376866008e-6
t245,-5.083764860896382e-6,-5.997597919040583e-6,-4.7624129701840625e-6,-4.387092649171424e-6
t246,-4.272215743751778e-6,-5.119262498929105e-6,-4.012423351295346e-6,-3.7348875768646523e-6
t247,-3.319134420199706e-6,-4.040629738042063e-6,-3.13642062057049e-6,-2.9754488654432075e-6
t248,-7.029836128992015e-7,-7.493094565022126e-7,-7.294430679111548e-7,-8.556960563774151e-7
t249,-2.2576139444034064e-7,-1.242770560677571e-7,-2.958614083905334e-7,-4.940551533374026e-7
t250,-1.5737290217460184e-7,-4.5966598408890387e-8,-2.274389500508431e-7,-4.186679640851614e-7
t251,-1.237514759226705e-7,-2.3558271595876818e-8,-1.8398212057189632e-7,-3.448578554965729e-7
t252,-1.1217152103314071e-7,-1.756691227426357e-8,-1.6744629703744062e-7,-3.153810138012849e-7
t253,-1.0569754979597396e-7,-1.6277741577996945e-8,-1.5952300902705058e-7,-3.021990714213115e-7
t254,-1.0953012009770984e-7,-1.961627962387576e-8,-1.6560333043321374e-7,-3.1686575965328324e-7
t255,-1.2130668061124697e-7,-2.8033846789468157e-8,-1.8056415675322456e-7,-3.44477930350148e-7
t256,-1.4111659736512623e-7,-5.376876872076592e-8,-2.0014842037484598e-7,-3.6183416669004384e-7
t257,-2.2491568380073012e-7,-1.7033842471369842e-7,-2.737587590670078e-7,-4.238867770469863e-7
t258,-1.1645691229900306e-6,-1.4044961806363428e-6,-1.1407151893003357e-6,-1.1733435373885477e-6
t259,-4.107012496318745e-6,-4.885241396032959e-6,-3.8511122877675496e-6,-3.5498300223974996e-6
t260,-4.807436580209474e-6,-5.672288477630785e-6,-4.517437712621668e-6,-4.148982328427543e-6
t261,-5.1923151265446806e-6,-6.091009477056457e-6,-4.880553277926408e-6,-4.470787346773504e-6
t262,-5.359386300626824e-6,-6.266224728711562e-6,-5.0315816124468506e-6,-4.604852555844949e-6
t263,-5.3784247962235555e-6,-6.273811990481202e-6,-5.037442827678058e-6,-4.610643946974593e-6
t264,-5.1936923148329415e-6,-6.096458112022229e-6,-4.869356835266859e-6,-4.468716815518699e-6
t265,-4.8313230618893485e-6,-5.707771132308289e-6,-4.527855943275531e-6,-4.172365272371794e-6
t266,-4.325585972305438e-6,-5.156248944041659e-6,-4.057605537529343e-6,-3.7614604392525468e-6
t267,-3.800977741150377e-6,-4.577349031633592e-6,-3.574376813380015e-6,-3.3445984038285583e-6
t268,-3.235877820702624e-6,-3.939618878922232e-6,-3.0601760339908034e-6,-2.9057760576405505e-6
t269,-2.6541277115575454e-6,-3.250712294049461e-6,-2.532602607718096e-6,-2.4520659449772354e-6
t270,-2.1309795381523974e-6,-2.6015855675497926e-6,-2.0573914043971608e-6,-2.0393432031694394e-6
t271,-1.6583296477244395e-6,-1.9434043017124082e-6,-1.6486963319558237e-6,-1.726955501101898e-6
t272,-4.476168125771001e-7,-4.1864361338934867e-7,-4.930218184297247e-7,-6.544075708341936e-7
t273,-1.9843020267556675e-7,-8.520194339175295e-8,-2.7050048488707087e-7,-4.7101236690210575e-7
t274,-1.4049339028423167e-7,-3.2492373864336984e-8,-2.082726412940006e-7,-3.8666196656851357e-7
t275,-1.1322025276154922e-7,-1.745370126700047e-8,-1.7008597913583847e-7,-3.1745826562311687e-7
t276,-1.0538703542825026e-7,-1.2749233733618548e-8,-1.5953098429627928e-7,-2.998075741225739e-7
t277,-9.798901447511592e-8,-1.0423914908766282e-8,-1.4960343121770795e-7,-2.840645652858868e-7
t278,-9.644211594182409e-8,-1.0845245213671768e-8,-1.4731777316325133e-7,-2.812317709671349e-7
t279,-1.0488556227475671e-7,-1.4862626662207121e-8,-1.5988964123650097e-7,-3.1035456800117173e-7
t280,-1.2439482928836063e-7,-2.8027757602022887e-8,-1.8390156842724744e-7,-3.514136867860996e-7
t281,-1.5901254664299882e-7,-7.333267232623962e-8,-2.1774060522744954e-7,-3.837511344455594e-7
t282,-3.585361598232637e-7,-3.3730374867315336e-7,-3.949429280983376e-7,-5.253232586061513e-7
t283,-6.158149210799759e-7,-6.696365719674397e-7,-6.334350541920648e-7,-7.284168659591741e-7
t284,-5.818224718449923e-7,-6.233640746661134e-7,-6.020963078458387e-7,-7.015444852041821e-7
t285,-5.475410855006522e-7,-5.781164065921582e-7,-5.703765217530703e-7,-6.734684747065782e-7
t286,-5.001825970507834e-7,-5.20939207867568e-7,-5.251807487740079e-7,-6.297680557563708e-7
t287,-4.782011881083498e-7,-4.983054823326217e-7,-5.033211971754921e-7,-6.050589747931302e-7
t288,-4.827761016329719e-7,-5.064534102683945e-7,-5.069524377963318e-7,-6.055738895508046e-7
t289,-4.975958650600716e-7,-5.232320754118914e-7,-5.214919242758877e-7,-6.198197130616765e-7
t290,-4.746075880927586e-7,-4.918019223067733e-7,-5.011243756326959e-7,-6.043926795095984e-7
t291,-4.364515281850384e-7,-4.385242531442408e-7,-4.677414496491742e-7,-5.821779699176357e-7
t292,-3.985229106553961e-7,-3.819079579329973e-7,-4.3632934452712003e-7,-5.661385727453653e-7
t293,-3.6504080238752884e-7,-3.311553226767795e-7,-4.096666662254705e-7,-5.565937862120775e-7
t294,-3.3792612128371334e-7,-2.896701623100595e-7,-3.8781703474318324e-7,-5.47035939010063e-7
t295,-3.2633746430856797e-7,-2.1893723556814253e-7,-3.9734502937007157e-7,-6.226665075218832e-7
t296,-2.0619816128128316e-7,-8.095875465735465e-8,-2.820968071736393e-7,-4.921813822496716e-7
t297,-1.3886168896376218e-7,-2.0579591994396942e-8,-2.069768723547532e-7,-3.9624960770761574e-7
t298,-1.07038251563345e-7,-1.0491801323580623e-8,-1.6139050342059568e-7,-3.021622633110632e-7
t299,-1.000352887440977e-7,-7.78430386649501e-9,-1.5191123575270248e-7,-2.8574159058875684e-7
t300,-9.500825547268459e-8,-6.177276914332284e-9,-1.4479874316970503e-7,-2.746659893059474e-7
t301,-8.845424106214197e-8,-4.466951543691556e-9,-1.364536772708173e-7,-2.590329328094861e-7
t302,-8.56777010978189e-8,-4.304203280994581e-9,-1.3225038831985525e-7,-2.5285444396539136e-7
t303,-9.250640747861946e-8,-7.845838102285615e-9,-1.4160951868128626e-7,-2.7496819219306733e-7
t304,-1.1764574537473517e-7,-2.0363721902522708e-8,-1.7651988867861388e-7,-3.424419780801575e-7
t305,-1.5093601402203738e-7,-5.98760960292589e-8,-2.103640455036227e-7,-3.773055930638297e-7
t306,-3.0994573302740837e-7,-2.7457293823271756e-7,-3.510816704892715e-7,-4.915119307603383e-7
t307,-4.797040158094498e-7,-4.895124442538034e-7,-5.071573873369171e-7,-6.19963527348704e-7
t308,-4.582903152935259e-7,-4.6009098540887266e-7,-4.882744631874626e-7,-6.04270868069733e-7
t309,-4.50341604683519e-7,-4.4757026164659776e-7,-4.820307769171554e-7,-6.012757592946945e-7
t310,-4.486042364289753e-7,-4.4808546618195083e-7,-4.797165929800452e-7,-5.968624434793527e-7
t311,-4.6053091407158285e-7,-4.6751638186112995e-7,-4.897526287766013e-7,-6.01906292993069e-7
t312,-4.970332807764324e-7,-5.136765171974457e-7,-5.238451359276747e-7,-6.320248931911731e-7
t313,-5.176051782436636e-7,-5.350065259450426e-7,-5.452681809270584e-7,-6.541825094898925e-7
t314,-5.391408528386416e-7,-5.586092654962211e-7,-5.667514084611246e-7,-6.779348694669505e-7
t315,-5.573141182216675e-7,-5.771689977079333e-7,-5.860234068338366e-7,-7.014222914616628e-7
t316,-5.715069259070032e-7,-5.884061085806088e-7,-6.022133455147813e-7,-7.217346664465657e-7
t317,-5.776772435703824e-7,-5.874441002651039e-7,-6.106230210486185e-7,-7.380503916468203e-7
t318,-5.703351924238922e-7,-5.702778234651423e-7,-6.07489752625826e-7,-7.458957920128261e-7
t319,-5.435806926170263e-7,-5.311206466887127e-7,-5.842205299272553e-7,-7.318861124573952e-7
t320,-2.467065798031331e-7,-1.419014229267406e-7,-3.2037130966352415e-7,-5.244408713288153e-7
t321,-1.6775716718186775e-7,-3.891500699406704e-8,-2.448108225422604e-7,-4.5291201878392747e-7
t322,-1.235078348197209e-7,-1.8725905941113047e-8,-1.8367276962198256e-7,-3.3837573854646605e-7
t323,-1.1906064211578621e-7,-1.5455769685314213e-8,-1.7676684579193041e-7,-3.267633334939684e-7
t324,-1.113185264480938e-7,-1.2820151561893133e-8,-1.6827853408234783e-7,-3.122017176080181e-7
t325,-1.027527725663633e-7,-1.0624792516921416e-8,-1.5697438610374016e-7,-2.928853416082978e-7
t326,-9.730965971428084e-8,-1.0060558796659348e-8,-1.5043161076406837e-7,-2.806215590125154e-7
t327,-1.0363541024169987e-7,-1.4278437105313334e-8,-1.599810335236104e-7,-3.01670590170177e-7
t328,-1.321229712837659e-7,-2.900874685868778e-8,-1.988089889767779e-7,-3.7747722233625784e-7
t329,-1.7381176947715272e-7,-7.98381410431401e-8,-2.412631027271529e-7,-4.1991136965515176e-7
t330,-4.4604079375495714e-7,-4.3730886748817014e-7,-4.842220849051292e-7,-6.211988890193641e-7
t331,-9.512417887333162e-7,-1.0972860760593384e-6,-9.547373256981795e-7,-1.034011440992967e-6
t332,-9.269077604455973e-7,-1.0627682592518923e-6,-9.323759099366731e-7,-1.0140021181274319e-6
t333,-9.170817528190525e-7,-1.0480433774404437e-6,-9.23171997815297e-7,-1.0072933251374653e-6
t334,-9.126283320792712e-7,-1.0481633465229516e-6,-9.16474185909041e-7,-9.948253805930844e-7
t335,-9.256054977813198e-7,-1.0714299185705736e-6,-9.258483744707736e-7,-9.96846312464035e-7
t336,-9.593060608786862e-7,-1.116920446513614e-6,-9.566766291047739e-7,-1.0226610063385654e-6
t337,-9.820664508991286e-7,-1.139404881879862e-6,-9.808050736159387e-7,-1.0507145626428864e-6
t338,-9.83451616376403e-7,-1.1411879638210558e-6,-9.820996824161445e-7,-1.051443789768188e-6
t339,-9.462067445128469e-7,-1.0874837206485066e-6,-9.493957805124464e-7,-1.0249809482382935e-6
t340,-8.833387110579056e-7,-9.987320000993238e-7,-8.933401894290475e-7,-9.794216733144244e-7
t341,-8.00278111988256e-7,-8.810730540277792e-7,-8.188716607090337e-7,-9.220972800019921e-7
t342,-7.345710744723403e-7,-7.874195711868344e-7,-7.606354575075225e-7,-8.78596550550074e-7
t343,-6.835121800742008e-7,-7.148193805233772e-7,-7.155767890322196e-7,-8.461246555212316e-7
t344,-2.798379471360522e-7,-1.9390471799094252e-7,-3.5013571373825316e-7,-5.517777652968961e-7
t345,-1.7222765036376568e-7,-4.342731580822255e-8,-2.5215541453249106e-7,-4.6322218369815756e-7
t346,-1.2318864497255286e-7,-1.840901780930725e-8,-1.852117332263501e-7,-3.396175943146842e-7
t347,-1.2141968648409162e-7,-1.5842350872128915e-8,-1.8178252281459396e-7,-3.3358451367810187e-7
t348,-1.1755611931469329e-7,-1.416672156641097e-8,-1.7735390692295475e-7,-3.263492589172574e-7
t349,-1.1025405554031157e-7,-1.202221806320059e-8,-1.676909152670904e-7,-3.119671851012997e-7
t350,-1.0545108029013014e-7,-1.1345756047238908e-8,-1.6241548041794714e-7,-3.0159728993496975e-7
t351,-1.0752655256980089e-7,-1.394626587409427e-8,-1.6548416529888586e-7,-3.072738238221097e-7
t352,-1.3795062531550212e-7,-2.791553796916494e-8,-2.0907153944284233e-7,-3.9437009814150134e-7
t353,-1.8743008539607782e-7,-8.3586227469591e-8,-2.609901997727548e-7,-4.5471860426172154e-7
t354,-4.472938481244325e-7,-4.2993389989597276e-7,-4.901517204292645e-7,-6.391866213360913e-7
t355,-8.025002285728555e-7,-8.90776144121416e-7,-8.199064695045154e-7,-9.253344134780175e-7
t356,-7.427629441533274e-7,-8.098223446617392e-7,-7.647397394255138e-7,-8.783192997863532e-7
t357,-6.944251813159926e-7,-7.450585323567915e-7,-7.194749814038253e-7,-8.379694820538259e-7
t358,-6.641880895556939e-7,-7.142153345903876e-7,-6.882273470561126e-7,-8.011289489870993e-7
t359,-6.833524837572679e-7,-7.481974045314357e-7,-7.025434590502634e-7,-8.014110718284404e-7
t360,-7.652882677997867e-7,-8.573572955167426e-7,-7.779796128452845e-7,-8.635993426833251e-7
t361,-8.747104376847677e-7,-1.0000399699821485e-6,-8.798847465058239e-7,-9.543279576650272e-7
t362,-9.503150490664335e-7,-1.0979041474769043e-6,-9.505778493159102e-7,-1.0182416831548365e-6
t363,-1.013646209162392e-6,-1.1787919671234009e-6,-1.0105393003485356e-6,-1.0753775685958096e-6
t364,-1.057211090199903e-6,-1.2309831955365338e-6,-1.0531255190183087e-6,-1.1186616042111014e-6
t365,-1.0905976706491258e-6,-1.2677250164224893e-6,-1.0874237311852624e-6,-1.1558999167032916e-6
t366,-1.0639642037692022e-6,-1.2238314317359147e-6,-1.0667528428845924e-6,-1.1450932080008682e-6
t367,-9.444728863818253e-7,-1.0592447740739065e-6,-9.581824687380712e-7,-1.0536157971054914e-6
t368,-3.5234027754022887e-7,-2.8085098550913706e-7,-4.1694296759808365e-7,-6.130041152635809e-7
t369,-1.9496372083472028e-7,-6.287201545284902e-8,-2.76235154652973e-7,-4.9456903355418e-7
t370,-1.3814181794066875e-7,-2.6608801964199838e-8,-2.0332035591701075e-7,-3.777636945564918e-7
t371,-1.2389677111194774e-7,-1.7640485965189157e-8,-1.823861321439729e-7,-3.3912263915834294e-7
t372,-1.1306608950908118e-7,-1.3826336032400281e-8,-1.6765060041869522e-7,-3.149957591097436e-7
t373,-1.0352324122688104e-7,-1.1602955881430969e-8,-1.5558330474644965e-7,-2.931627594529565e-7
t374,-1.0132953837871987e-7,-1.286236518334219e-8,-1.514072335268548e-7,-2.858827486707239e-7
t375,-1.1580332207937735e-7,-2.0079744772196934e-8,-1.7242761703442445e-7,-3.340357121223042e-7
t376,-1.447390343285072e-7,-4.67015841954132e-8,-2.0521193548589518e-7,-3.7891462542187846e-7
t377,-2.087437154884008e-7,-1.3773857830122174e-7,-2.6184061364501005e-7,-4.254011986414747e-7
t378,-6.419333505430655e-7,-7.019132855024011e-7,-6.592213521152645e-7,-7.557943728681327e-7
t379,-1.0128051618495699e-6,-1.1947491474597052e-6,-1.005937472468652e-6,-1.0662802487360204e-6
t380,-9.147103391467507e-7,-1.0626625295311817e-6,-9.146095639693079e-7,-9.85309932127841e-7
t381,-8.601415880296616e-7,-9.879722941598806e-7,-8.642171383754527e-7,-9.433261555475086e-7
t382,-8.549656080786997e-7,-9.821200697631853e-7,-8.590071554544075e-7,-9.381867083600477e-7
t383,-9.139189996184577e-7,-1.0634422222206488e-6,-9.127940644569972e-7,-9.841704764479897e-7
t384,-1.0112615246032627e-6,-1.206946377134836e-6,-9.974653095553388e-7,-1.0486172103252003e-6
t385,-1.062184540260841e-6,-1.2699854585534133e-6,-1.045774693212615e-6,-1.0932129459946488e-6
t386,-1.0669372845492442e-6,-1.272624725855801e-6,-1.0512075679751653e-6,-1.1009008465029792e-6
t387,-1.137158883837021e-6,-1.3597910701060738e-6,-1.118129372764392e-6,-1.1640738820253088e-6
t388,-1.1850717772634792e-6,-1.4133705570311851e-6,-1.1666316709713288e-6,-1.2150475008466094e-6
t389,-1.1700925315676238e-6,-1.3863123259750513e-6,-1.1564213766372459e-6,-1.2124627362265379e-6
t390,-1.2312129311901716e-6,-1.4593371176799775e-6,-1.2169370530860647e-6,-1.2729415461977319e-6
t391,-1.2672203815538685e-6,-1.5008979543627246e-6,-1.253205096391553e-6,-1.3081085931422246e-6
t392,-4.2149315750296897e-7,-3.8987370633287535e-7,-4.6724206637475466e-7,-6.282865297060621e-7
t393,-1.9128387553343896e-7,-7.988883108407755e-8,-2.6265668820228116e-7,-4.6127026666709256e-7
t394,-1.3919629904623148e-7,-3.131751056883218e-8,-2.0633334052462303e-7,-3.8852703415049815e-7
t395,-1.0950187428358129e-7,-1.6180620617834625e-8,-1.6490522801971288e-7,-3.135659895927054e-7
t396,-1.0317132937504293e-7,-1.2975546529464207e-8,-1.558171825128711e-7,-2.9434184773190953e-7
t397,-9.947007589008203e-8,-1.266933400751528e-8,-1.5120076680875895e-7,-2.8734765847865013e-7
t398,-1.0591895232131035e-7,-1.6826855820547735e-8,-1.6099619802541027e-7,-3.111196476533346e-7
t399,-1.1393313037598784e-7,-2.221412447956744e-8,-1.717424265367485e-7,-3.322133480241971e-7
t400,-1.3641742213759486e-7,-4.7383177195856585e-8,-1.94641192752091e-7,-3.57487854700963e-7
t401,-2.189674371885687e-7,-1.6371950803152437e-7,-2.6763093784574665e-7,-4.191816975799286e-7
t402,-9.363131466913717e-7,-1.1052533895236644e-6,-9.295982380384254e-7,-9.851630454455334e-7
t403,-2.407051769307561e-6,-2.9568995044430286e-6,-2.2812683004348026e-6,-2.178710958048998e-6
t404,-2.5922633590621293e-6,-3.1766095183770756e-6,-2.4515506291192727e-6,-2.3292519393946565e-6
t405,-2.5992419053224387e-6,-3.186403260947432e-6,-2.460333998702224e-6,-2.340393133084585e-6
t406,-2.444934192894103e-6,-3.000696378211297e-6,-2.31596029805767e-6,-2.2137058016087044e-6
t407,-2.2399036809497587e-6,-2.75185889751931e-6,-2.1220157261456798e-6,-2.037640286655518e-6
t408,-2.094731188199992e-6,-2.579960922340332e-6,-1.9833909800801897e-6,-1.910933417738781e-6
t409,-2.0783805126351166e-6,-2.557495981682803e-6,-1.970682251464949e-6,-1.9028288320353355e-6
t410,-2.0528037071276716e-6,-2.5244492804325263e-6,-1.949983371061831e-6,-1.887850397458825e-6
t411,-2.0957666062499748e-6,-2.5742261190695726e-6,-1.99215854783484e-6,-1.9325755027327638e-6
t412,-2.0642996161631866e-6,-2.5326639061387e-6,-1.970783463483531e-6,-1.92183245487984e-6
t413,-1.8543589602637862e-6,-2.2667182196436645e-6,-1.7868127061705328e-6,-1.7696096043787324e-6
t414,-1.5046276482376597e-6,-1.8134060786249366e-6,-1.469834923447037e-6,-1.4941426166431197e-6
t415,-1.1246467703384244e-6,-1.3088672382645106e-6,-1.1211109098627872e-6,-1.1873730594003989e-6
t416,-3.6672106222115774e-7,-2.8021445193162755e-7,-4.3032664143057947e-7,-6.406333329969454e-7
t417,-2.1013096126565548e-7,-6.50532522334463e-8,-2.867704270334235e-7,-5.179166431891682e-7
t418,-1.465246084206378e-7,-2.8368281127857764e-8,-2.0782635517171982e-7,-3.852968960166939e-7
t419,-1.3142996325374815e-7,-1.949901628126002e-8,-1.8780336044498107e-7,-3.479501435435709e-7
t420,-1.2471277062250042e-7,-1.6698230996187037e-8,-1.7896115402151118e-7,-3.345744231825842e-7
t421,-1.1696919212081948e-7,-1.4388054428936717e-8,-1.685491953891184e-7,-3.1727040727802366e-7
t422,-1.1151025464635757e-7,-1.3978095004596714e-8,-1.6276371738522894e-7,-3.054457814458484e-7
t423,-1.2174205648127133e-7,-2.004661212648567e-8,-1.7683586104445108e-7,-3.3863171106142494e-7
t424,-1.419272711599167e-7,-4.3068574267389776e-8,-2.0108857740152595e-7,-3.737685924532767e-7
t425,-1.950634859926419e-7,-1.1823743947401657e-7,-2.4969835268237554e-7,-4.145735875411112e-7
t426,-5.500658184830308e-7,-5.797619799530501e-7,-5.73033098868104e-7,-6.768095108733307e-7
t427,-1.0024691182249346e-6,-1.1778414094787176e-6,-9.96430579035888e-7,-1.05313922209055e-6
t428,-9.597002435107065e-7,-1.1209924729087509e-6,-9.558932206995188e-7,-1.013890588013783e-6
t429,-9.609959695596254e-7,-1.1188796306487366e-6,-9.58148274910269e-7,-1.0192715290874954e-6
t430,-1.00195578902724e-6,-1.1739561142199428e-6,-9.957305553359803e-7,-1.0534393563241836e-6
t431,-1.0502212937057703e-6,-1.2427415225168576e-6,-1.038481784338008e-6,-1.0881134461848136e-6
t432,-1.1848655464989454e-6,-1.4254325119243667e-6,-1.1609586927809405e-6,-1.1956506050427408e-6
t433,-1.3576987690915586e-6,-1.6483920726758739e-6,-1.3207956266293583e-6,-1.3412362929509672e-6
t434,-1.338091602049351e-6,-1.6193668286338458e-6,-1.3049989356636974e-6,-1.3296592707337863e-6
t435,-1.0993395782132272e-6,-1.2993273385034275e-6,-1.087435118795268e-6,-1.1399280177500047e-6
t436,-8.590660115139962e-7,-9.716445432041515e-7,-8.67590767758344e-7,-9.511993585923343e-7
t437,-6.853326243815372e-7,-7.270346391868077e-7,-7.103812405958365e-7,-8.273225457612885e-7
t438,-5.464740623020021e-7,-5.397011855826701e-7,-5.836650408141443e-7,-7.295256492499492e-7
t439,-4.403361919148362e-7,-3.987553876595981e-7,-4.878672384320736e-7,-6.559320061054432e-7
t440,-2.282642259872223e-7,-1.2265779892830266e-7,-2.9860252454798387e-7,-4.989449916606995e-7
t441,-1.5750594914753112e-7,-3.2666746525657334e-8,-2.2900991097997755e-7,-4.306911452015688e-7
t442,-1.1233677183705496e-7,-1.3851415977231273e-8,-1.6810071349638446e-7,-3.15984654568733e-7
t443,-1.0201604586721136e-7,-9.217939747180674e-9,-1.5357666755127054e-7,-2.8946100909022765e-7
t444,-9.883778556082949e-8,-7.973924266763815e-9,-1.489171149360446e-7,-2.820382832064514e-7
t445,-9.256427183318018e-8,-6.5107509058446675e-9,-1.4056909866079238e-7,-2.683983809548623e-7
t446,-8.886352753353951e-8,-6.4409338281274164e-9,-1.355518660299715e-7,-2.587860973946997e-7
t447,-9.629720892067537e-8,-1.0426562349365953e-8,-1.4654160369969517e-7,-2.864546762704495e-7
t448,-1.1861173281710833e-7,-2.334562387091587e-8,-1.7605455178256983e-7,-3.3994914976730497e-7
t449,-1.5091535614986678e-7,-6.61150913428308e-8,-2.066549673761448e-7,-3.68713538615885e-7
t450,-3.274598692900838e-7,-3.022861300747513e-7,-3.6354293597344816e-7,-4.950881065142375e-7
t451,-5.568696873249366e-7,-5.988997805252194e-7,-5.760310427560693e-7,-6.738839302626162e-7
t452,-5.113707278461095e-7,-5.388127553547328e-7,-5.337913565438209e-7,-6.367156795238026e-7
t453,-4.82043530109866e-7,-5.002287368730489e-7,-5.067007127516711e-7,-6.127772950375712e-7
t454,-4.761451865749343e-7,-4.923507116753354e-7,-5.015892789444676e-7,-6.092536382038433e-7
t455,-4.6790914414397943e-7,-4.865197117736917e-7,-4.927412769994146e-7,-5.952715929962525e-7
t456,-4.77728128091535e-7,-5.015276637116306e-7,-5.012656523437386e-7,-5.998788168542712e-7
t457,-4.7005622424135746e-7,-4.887324835196773e-7,-4.95292729171769e-7,-5.971471290428164e-7
t458,-4.4597653613052064e-7,-4.5594654970515136e-7,-4.7402239105159346e-7,-5.809548835406194e-7
t459,-4.1776397099150903e-7,-4.1521264565395574e-7,-4.4968626982538127e-7,-5.663209581780003e-7
t460,-3.898300323988125e-7,-3.7151029234719163e-7,-4.27369441766111e-7,-5.581169374556967e-7
t461,-3.692412168279029e-7,-3.3752873038862415e-7,-4.122220458519072e-7,-5.584536953754069e-7
t462,-3.502528296820203e-7,-3.066709604887096e-7,-3.982319445601436e-7,-5.545552237442709e-7
t463,-3.1862659931043375e-7,-2.60471105705246e-7,-3.7223675750672935e-7,-5.407000499454182e-7
t464,-1.9649581781458503e-7,-8.628699788424598e-8,-2.6746316375631193e-7,-4.6232330100798136e-7
t465,-1.3527404154261893e-7,-2.018230307958646e-8,-2.0288709121108635e-7,-3.9026966989211207e-7
t466,-9.989811952786268e-8,-8.481162200430525e-9,-1.5193212713757647e-7,-2.8779622443455875e-7
t467,-9.403233053970525e-8,-6.03985028169322e-9,-1.4310514369310843e-7,-2.7291200618583066e-7
t468,-9.162352667064875e-8,-5.016447868654661e-9,-1.3897120992054704e-7,-2.6606886002653394e-7
t469,-8.5434979168314e-8,-3.3944487142429616e-9,-1.320651720415749e-7,-2.526472180559004e-7
t470,-8.101142221142497e-8,-2.6415123507676507e-9,-1.2598244786429816e-7,-2.4285941129464965e-7
t471,-8.501829396553948e-8,-5.118373588512602e-9,-1.321618688729811e-7,-2.5663363715719407e-7
t472,-1.090659385659836e-7,-1.606341984849792e-8,-1.662993610915949e-7,-3.282915880045245e-7
t473,-1.4357906376710383e-7,-5.49957485805423e-8,-2.0194648530895576e-7,-3.6718140567333587e-7
t474,-3.2921922032188873e-7,-3.050388827497037e-7,-3.663767976939358e-7,-5.018067503693356e-7
t475,-6.334553453543535e-7,-6.987148631129281e-7,-6.490751201179115e-7,-7.438780807173026e-7
t476,-6.454056762447465e-7,-7.132558151811251e-7,-6.60600883605555e-7,-7.556301093493152e-7
t477,-6.499467166448125e-7,-7.167551720282095e-7,-6.655087825129979e-7,-7.603620552130915e-7
t478,-6.537933013725244e-7,-7.225699022489473e-7,-6.690695759029617e-7,-7.632646579214455e-7
t479,-6.546301768885808e-7,-7.260315037049253e-7,-6.690289870111623e-7,-7.605218017537488e-7
t480,-6.948485086214581e-7,-7.767114752499363e-7,-7.073324349825907e-7,-7.934854309510292e-7
t481,-7.584944711891433e-7,-8.558708296807062e-7,-7.681513873556575e-7,-8.502946540931255e-7
t482,-8.039364659522175e-7,-9.132455361392069e-7,-8.112659996296804e-7,-8.897359668550211e-7
t483,-8.322015684491119e-7,-9.467353644327331e-7,-8.389555157742507e-7,-9.173601074054122e-7
t484,-8.585742301831362e-7,-9.76788645833297e-7,-8.656801617870056e-7,-9.460901294490178e-7
t485,-9.083569409678224e-7,-1.0348768843290272e-6,-9.15057813487964e-7,-9.972987960602747e-7
t486,-8.871734304905387e-7,-9.990960039411022e-7,-8.981715469223621e-7,-9.877118813270438e-7
t487,-7.699496950835403e-7,-8.380818680273101e-7,-7.908129789670662e-7,-8.976023683806786e-7
t488,-2.9239596151425076e-7,-2.119432072640837e-7,-3.571854636228154e-7,-5.497550201423475e-7
t489,-1.7801426795303185e-7,-5.057984071485175e-8,-2.504783888926022e-7,-4.5724871147981534e-7
t490,-1.2701229944877619e-7,-2.062757008607282e-8,-1.856031792863036e-7,-3.465060881774842e-7
t491,-1.2158101513325973e-7,-1.5895524759573076e-8,-1.7768695900264592e-7,-3.302186437480123e-7
t492,-1.1466079806268866e-7,-1.327975671120428e-8,-1.6956026454798103e-7,-3.1480415598496646e-7
t493,-1.0550632726682785e-7,-1.1166026379630087e-8,-1.5928734888854564e-7,-2.9837119214394634e-7
t494,-1.0049266186133613e-7,-1.1197179434453793e-8,-1.5293443323846285e-7,-2.866569956648037e-7
t495,-1.1050287267293884e-7,-1.666918977228481e-8,-1.691125608717086e-7,-3.2376231680557875e-7
t496,-1.3817755962717633e-7,-3.44110393949797e-8,-2.0309965527916073e-7,-3.8466582815806876e-7
t497,-1.926281683749172e-7,-1.1193223303249218e-7,-2.5364144734561416e-7,-4.2614549110519375e-7
t498,-4.771119138261444e-7,-4.809770724203883e-7,-5.100567805501562e-7,-6.377809756779674e-7
t499,-8.614914391085735e-7,-9.812678242167246e-7,-8.692248231422836e-7,-9.534633298409129e-7
t500,-8.830605471945733e-7,-1.0067945276735242e-6,-8.899163121808797e-7,-9.727779013114974e-7
t501,-9.58938871861052e-7,-1.1050172104892934e-6,-9.61312187905387e-7,-1.0382825456531395e-6
t502,-1.0608609430441547e-6,-1.2443944262751002e-6,-1.0542094484345647e-6,-1.1150926112510024e-6
t503,-1.104664566540715e-6,-1.3101556296019523e-6,-1.0908234562524202e-6,-1.1382574338473616e-6
t504,-1.0271693814508126e-6,-1.2095582048688263e-6,-1.018178500441717e-6,-1.0712297313518642e-6
t505,-8.779229017349603e-7,-1.0083209960868286e-6,-8.811245442943437e-7,-9.509009981552063e-7
t506,-7.649178074493184e-7,-8.560482139443539e-7,-7.77252085050824e-7,-8.620890704321445e-7
t507,-6.743548790152297e-7,-7.335818602819775e-7,-6.939001462279271e-7,-7.919795310335244e-7
t508,-6.026892824424366e-7,-6.34984490558103e-7,-6.288622178362796e-7,-7.407146053432204e-7
t509,-5.4890481595981e-7,-5.588889851437375e-7,-5.812550963071588e-7,-7.068589381379899e-7
t510,-4.88182771041612e-7,-4.7304199475624005e-7,-5.286576375687188e-7,-6.719519283176574e-7
t511,-4.1564974661719635e-7,-3.7448059899606665e-7,-4.651702867301682e-7,-6.267825013914401e-7
t512,-2.1923832760047798e-7,-1.092976083241415e-7,-2.9326944218826696e-7,-4.994550991109039e-7
t513,-1.5353630377721172e-7,-2.6510188267610048e-8,-2.2884872704994294e-7,-4.360102538563924e-7
t514,-1.1385231811032065e-7,-1.2610921477872397e-8,-1.7077693811288179e-7,-3.182214810445394e-7
t515,-1.1595765101952827e-7,-1.2559591165969313e-8,-1.7228850240122575e-7,-3.206869892748341e-7
t516,-1.1279378848405209e-7,-1.1439561733474027e-8,-1.6884432437174337e-7,-3.15054451163882e-7
t517,-1.050775306975933e-7,-9.212062036521154e-9,-1.5949348957134017e-7,-2.982818462758079e-7
t518,-9.98176167090483e-8,-7.696302400570752e-9,-1.529026920354621e-7,-2.875138894602721e-7
t519,-9.77872057445429e-8,-7.541879711187729e-9,-1.506660418648517e-7,-2.844438477965355e-7
t520,-1.1046388371952238e-7,-1.1551388177342438e-8,-1.699005407264753e-7,-3.2803248950101944e-7
t521,-1.467226472192903e-7,-3.002455467533195e-8,-2.1755572039972118e-7,-4.0974942222902595e-7
t522,-2.0925208420919328e-7,-1.180310871798028e-7,-2.7635836988516524e-7,-4.5784066114566933e-7
t523,-3.063510959210174e-7,-2.475348193341897e-7,-3.6010809904654044e-7,-5.26164784205922e-7
t524,-3.089942044301778e-7,-2.4922995999334156e-7,-3.632654162539727e-7,-5.301524014094202e-7
t525,-3.031875270325852e-7,-2.4149876173019475e-7,-3.581666754967542e-7,-5.25929841612222e-7
t526,-2.9308910071064937e-7,-2.376348496734869e-7,-3.4581367817623764e-7,-5.05989937685911e-7
t527,-2.821193245658754e-7,-2.3313103973087448e-7,-3.331816543498894e-7,-4.819677901680621e-7
t528,-2.6838129649453014e-7,-2.174523692503192e-7,-3.2021266382551694e-7,-4.710675980651217e-7
t529,-2.487123437454755e-7,-1.911584646814207e-7,-3.0464170698087935e-7,-4.6267047253608447e-7
t530,-2.362432216121027e-7,-1.7321599165508557e-7,-2.952671236121962e-7,-4.5611447462013723e-7
t531,-2.2806197106510967e-7,-1.596316781946287e-7,-2.8991163627262993e-7,-4.5455637154394363e-7
t532,-2.2208381881818226e-7,-1.4566438953093564e-7,-2.863121857250655e-7,-4.590046521421716e-7
t533,-2.199801977555575e-7,-1.3380982716116537e-7,-2.8848018654712377e-7,-4.7155639433344624e-7
t534,-2.198766668958269e-7,-1.2382240414070627e-7,-2.907093676488329e-7,-4.832365808021575e-7
t535,-2.1625671389238594e-7,-1.094362058563535e-7,-2.8881282638464474e-7,-4.864940823520389e-7
t536,-1.7620600367883504e-7,-4.420042565882319e-8,-2.5489848017638363e-7,-4.625201389978411e-7
t537,-1.1874122336146165e-7,-1.1813545332976678e-8,-1.8287729817942445e-7,-3.5360871402298164e-7
t538,-1.0166344552640784e-7,-7.920152733365877e-9,-1.5534984103559638e-7,-2.9136375876044385e-7
t539,-1.0085960903627596e-7,-7.465188384549075e-9,-1.5184623453660405e-7,-2.8774428576617813e-7
t540,-9.290107485560336e-8,-4.988101637554325e-9,-1.413542430441698e-7,-2.682911103635623e-7
t541,-8.364171689367145e-8,-2.1956439115948347e-9,-1.294023577681157e-7,-2.4843757623581986e-7
t542,-7.937890171172024e-8,-9.642609623471679e-10,-1.2406763344772948e-7,-2.399890242558135e-7
t543,-7.837680446235766e-8,-9.87608028199946e-10,-1.2362613905998404e-7,-2.4060125453277527e-7
t544,-9.514971285467838e-8,-6.477940551728664e-9,-1.5057564402063567e-7,-3.0211445899757386e-7
t545,-1.208694718568551e-7,-2.6147572145205015e-8,-1.8031574087754873e-7,-3.4243062523075175e-7
t546,-1.7994838099807218e-7,-1.1063752022457556e-7,-2.3367228191363458e-7,-3.8689795766464823e-7
t547,-2.446741926902284e-7,-1.9637252243917112e-7,-2.89266351097417e-7,-4.3050556588446875e-7
t548,-2.4765051007617676e-7,-1.9968239127221536e-7,-2.925873336959782e-7,-4.340483870706126e-7
t549,-2.4629371127241853e-7,-1.9613490987296768e-7,-2.9213605845220793e-7,-4.3426236911198447e-7
t550,-2.4907218314048886e-7,-2.0138888243087637e-7,-2.9512617531609567e-7,-4.3709897735626975e-7
t551,-2.5605979951746814e-7,-2.1554027842391475e-7,-2.993217169961697e-7,-4.3426972742655504e-7
t552,-2.6874015499789977e-7,-2.3303915895714148e-7,-3.1079668683586926e-7,-4.4211143882189524e-7
t553,-2.787036049932343e-7,-2.431726337351285e-7,-3.2095758914635324e-7,-4.540088682537148e-7
t554,-2.883706574879864e-7,-2.530732088345552e-7,-3.313110915352036e-7,-4.635844880892132e-7
t555,-2.9674331549165234e-7,-2.5975660309151546e-7,-3.388312213223042e-7,-4.73632935719679e-7
t556,-3.125347410848261e-7,-2.724763445619873e-7,-3.562674247800418e-7,-4.991781357118933e-7
t557,-3.0486807111422027e-7,-2.5659638825824836e-7,-3.5275651650599314e-7,-5.060476898440357e-7
t558,-2.7881549760402457e-7,-2.1553007998074765e-7,-3.333107892158831e-7,-5.014881152003608e-7
t559,-2.6187004918517476e-7,-1.8631553692589748e-7,-3.214048671668192e-7,-5.017517546008772e-7
t560,-1.8398760523733799e-7,-6.155139033236606e-8,-2.575402961577434e-7,-4.5985571950279524e-7
t561,-1.2634120749520504e-7,-1.574472279490364e-8,-1.903941631223617e-7,-3.694758360678836e-7
t562,-9.819071445335415e-8,-7.271837624032718e-9,-1.4976114789745866e-7,-2.845289770093968e-7
t563,-9.186365496353784e-8,-5.022647150713295e-9,-1.4089506532437597e-7,-2.679179576719865e-7
t564,-8.949971723395212e-8,-4.325117760811782e-9,-1.3796797728315669e-7,-2.6402864527077523e-7
t565,-8.539553223921984e-8,-3.206176189356665e-9,-1.3210244494557173e-7,-2.5316620934471244e-7
t566,-8.204252495311617e-8,-3.0154651545810853e-9,-1.277691468728212e-7,-2.4586518207545233e-7
t567,-8.950469180943723e-8,-6.594806149749815e-9,-1.3943004070160235e-7,-2.740006497634485e-7
t568,-1.1211170281946517e-7,-1.9828337998616493e-8,-1.698470363207343e-7,-3.290274437804558e-7
t569,-1.3986131256203006e-7,-5.689329174781418e-8,-1.9674153057476772e-7,-3.553810611921155e-7
t570,-2.660304877987404e-7,-2.2836828751573132e-7,-3.067348249050116e-7,-4.427085735199061e-7
t571,-4.399534819856655e-7,-4.50244352383458e-7,-4.6603528093089195e-7,-5.734491450753814e-7
t572,-4.111956418984436e-7,-4.114724342703062e-7,-4.3997418652070454e-7,-5.5340234990523e-7
t573,-3.9303656626980764e-7,-3.8654480172961154e-7,-4.244205696167293e-7,-5.418303316351305e-7
t574,-3.72783840752138e-7,-3.619585087927117e-7,-4.0514691473068527e-7,-5.228097785983166e-7
t575,-3.535053901602957e-7,-3.420378537841514e-7,-3.862338438770487e-7,-5.008826867252653e-7
t576,-3.336803843845604e-7,-3.1843598457173493e-7,-3.680457862446274e-7,-4.848037555756009e-7
t577,-3.333610558460913e-7,-3.171200791845922e-7,-3.6863866972868877e-7,-4.882687018014479e-7
t578,-3.348891016559351e-7,-3.17200269406852e-7,-3.7113725018176713e-7,-4.963019380495271e-7
t579,-3.348949500982091e-7,-3.135785499363616e-7,-3.7360106619470404e-7,-5.045904434305705e-7
t580,-3.3345420750043207e-7,-3.0332763530814233e-7,-3.7577858866406023e-7,-5.160688125931437e-7
t581,-3.1880079010256524e-7,-2.7507367404613315e-7,-3.664735404407885e-7,-5.199278508494146e-7
t582,-3.0487912186715247e-7,-2.4948187791599844e-7,-3.580278817691619e-7,-5.225697799337811e-7
t583,-2.8913992837704455e-7,-2.2252587986090142e-7,-3.470828814731597e-7,-5.234636831126477e-7
t584,-2.0774503996304525e-7,-1.00764379068125e-7,-2.8061780432174325e-7,-4.7643897084888463e-7
t585,-1.566172432739084e-7,-3.108612153282676e-8,-2.305875578311713e-7,-4.3069024540918557e-7
t586,-1.078695274812093e-7,-1.0738520862817769e-8,-1.6590374411281094e-7,-3.167894004703901e-7
t587,-9.468264154540174e-8,-6.061163183827544e-9,-1.4454097490689569e-7,-2.758821772312429e-7
t588,-9.26570816845644e-8,-5.148454345132411e-9,-1.4136315392008254e-7,-2.7061564160507437e-7
t589,-8.630296214229558e-8,-3.269859569308869e-9,-1.337840628380565e-7,-2.561921931714042e-7
t590,-8.151824395331116e-8,-2.238309292124905e-9,-1.2787932310363113e-7,-2.45965902261678e-7
t591,-8.481425851023608e-8,-3.929209193491834e-9,-1.326410189171581e-7,-2.607229597227829e-7
t592,-1.030517349204247e-7,-1.1418391980433677e-8,-1.5998775521038274e-7,-3.201054080034343e-7
t593,-1.3193359642546334e-7,-3.913372734304741e-8,-1.9144055386636925e-7,-3.604732780796039e-7
t594,-2.4545713704065236e-7,-1.9748969992315852e-7,-2.9076056251626856e-7,-4.381863094496541e-7
t595,-4.150598228372183e-7,-4.1403209990589485e-7,-4.4425369946299355e-7,-5.638753970308636e-7
t596,-4.143295094763343e-7,-4.130689454704742e-7,-4.4387001227669645e-7,-5.610995817529311e-7
t597,-3.9479274040163236e-7,-3.862916177215259e-7,-4.2711414322550697e-7,-5.486586071763996e-7
t598,-3.7771575345496487e-7,-3.6606964484310676e-7,-4.108246817288132e-7,-5.34442715747454e-7
t599,-3.727317589078465e-7,-3.635577707494795e-7,-4.055040211288706e-7,-5.245021400460708e-7
t600,-3.968657436036856e-7,-3.90711054906734e-7,-4.2930051166926706e-7,-5.48443581914776e-7
t601,-4.3751045690863704e-7,-4.406122469378473e-7,-4.678016787451504e-7,-5.843345277466757e-7
t602,-4.7376390360402597e-7,-4.834000207852207e-7,-5.029152495606628e-7,-6.162902537978678e-7
t603,-4.836353269546388e-7,-4.895301858856596e-7,-5.147857596096302e-7,-6.326314511028848e-7
t604,-4.3875494370612824e-7,-4.2314391433307403e-7,-4.775546149374624e-7,-6.12422216009879e-7
t605,-3.754696021935891e-7,-3.280003353603257e-7,-4.266895348295356e-7,-5.905845384783235e-7
t606,-3.1958645105265793e-7,-2.491930554598848e-7,-3.8019473491635744e-7,-5.652633046040032e-7
t607,-2.836341187037233e-7,-1.9577149191521046e-7,-3.509915549698341e-7,-5.491164896756624e-7
t608,-1.8656278194461125e-7,-6.379116217219614e-8,-2.61916547552038e-7,-4.6438563240392797e-7
t609,-1.281204426048326e-7,-1.7326049248455123e-8,-1.9367160566735837e-7,-3.7238434242250245e-7
t610,-1.0175651212892841e-7,-8.776496466804936e-9,-1.54999615304932e-7,-2.9232900038987243e-7
t611,-9.560156695935649e-8,-6.45992801594045e-9,-1.4604114795943785e-7,-2.7653064460046564e-7
t612,-9.25439815226137e-8,-5.3503420591141595e-9,-1.4198860093481854e-7,-2.699818767868355e-7
t613,-8.795973697656891e-8,-4.113306476657047e-9,-1.3548986911293957e-7,-2.5812255652269254e-7
t614,-8.467943947266034e-8,-3.771032634144639e-9,-1.311144543762393e-7,-2.498856030588222e-7
t615,-8.886386708639723e-8,-6.3352213607966116e-9,-1.369341070979031e-7,-2.639094494164951e-7
t616,-1.1112135105119399e-7,-1.5846865342362164e-8,-1.6928578908022778e-7,-3.3445991706772093e-7
t617,-1.4346329411728476e-7,-4.794913354172749e-8,-2.0401927135492073e-7,-3.761370978194723e-7
t618,-2.716140187102029e-7,-2.2465463153840956e-7,-3.1671000142882545e-7,-4.678963400142843e-7
t619,-4.2297072993994863e-7,-4.1933185789858104e-7,-4.539640623251066e-7,-5.799793719115888e-7
t620,-3.8482107186184845e-7,-3.6900998633775544e-7,-4.194247510551754e-7,-5.517656014139512e-7
t621,-3.606197395546371e-7,-3.372623872028708e-7,-3.9822873224781086e-7,-5.350219298211957e-7
t622,-3.3905213851701317e-7,-3.1039631380333075e-7,-3.787230490172616e-7,-5.166020839484606e-7
t623,-3.213986571247186e-7,-2.910938675783425e-7,-3.616068521975555e-7,-4.979986330906904e-7
t624,-3.2405333904055285e-7,-3.037079944431119e-7,-3.6035167355678975e-7,-4.81855066814914e-7
t625,-3.4592765579561063e-7,-3.289688052490155e-7,-3.81430203666138e-7,-5.025447346227034e-7
t626,-3.774334659574986e-7,-3.6762852711815333e-7,-4.115906888028294e-7,-5.294091203235241e-7
t627,-4.1040992952946207e-7,-4.049717600232699e-7,-4.43813296796792e-7,-5.614625126220452e-7
t628,-4.221022667565705e-7,-4.1176191941930423e-7,-4.580658830404132e-7,-5.832123613064321e-7
t629,-4.0989481396650034e-7,-3.8800891009747375e-7,-4.504972399938208e-7,-5.890870252667823e-7
t630,-3.850095866453344e-7,-3.49569698181957e-7,-4.3100539131392423e-7,-5.805276317483423e-7
t631,-3.5180222074351686e-7,-3.0166106371045186e-7,-4.041439162749022e-7,-5.68219896167862e-7
t632,-2.0007828933256426e-7,-7.668708839815622e-8,-2.769048214623324e-7,-4.863243128032618e-7
t633,-1.333579738591939e-7,-1.993153579405077e-8,-2.0047521048153685e-7,-3.8325080291358924e-7
t634,-1.0572504433040316e-7,-1.0351581666475466e-8,-1.603890340410842e-7,-3.0140281247323786e-7
t635,-9.915784684877037e-8,-7.741731382876221e-9,-1.5066893089439362e-7,-2.836018689478708e-7
t636,-9.575033012036091e-8,-6.641735332276695e-9,-1.4591081155695253e-7,-2.771744941412837e-7
t637,-9.025009865066531e-8,-5.20795811441816e-9,-1.3823147715097788e-7,-2.6340629189221235e-7
t638,-8.668424828788237e-8,-4.898137149550804e-9,-1.3326364750732335e-7,-2.5499904008626237e-7
t639,-9.143103276243695e-8,-7.868013555544158e-9,-1.40416317022376e-7,-2.7049259743572003e-7
t640,-1.1490360157679577e-7,-1.989629722709031e-8,-1.7437608900386324e-7,-3.396479254104718e-7
t641,-1.535294931182385e-7,-6.637006726122954e-8,-2.1241173027905165e-7,-3.801764206806331e-7
t642,-3.291038045265165e-7,-3.01251492436444e-7,-3.676733519803233e-7,-5.050220301227481e-7
t643,-4.899956257895767e-7,-5.096042878860105e-7,-5.159783405798452e-7,-6.291911756560038e-7
t644,-4.470442459562715e-7,-4.5315281742969574e-7,-4.7608701693766097e-7,-5.948273225565396e-7
t645,-4.1998313942857123e-7,-4.160415038687479e-7,-4.523034731207219e-7,-5.756572496635296e-7
t646,-3.882494821876198e-7,-3.749003749093917e-7,-4.234685089337136e-7,-5.517412734708297e-7
t647,-3.528195176568546e-7,-3.3157610643486673e-7,-3.903981458959292e-7,-5.186991154046642e-7
t648,-3.3809864437587055e-7,-3.143434513525555e-7,-3.7593451918768534e-7,-5.038451413510741e-7
t649,-3.358166080842382e-7,-3.08245787400584e-7,-3.760591803826306e-7,-5.088777149963114e-7
t650,-3.3731551648091433e-7,-3.078935555545348e-7,-3.7856915309844585e-7,-5.131354963770493e-7
t651,-3.360853862002502e-7,-3.027674521294999e-7,-3.7972809853091036e-7,-5.19712022728519e-7
t652,-3.3336497002816135e-7,-2.9356550599615315e-7,-3.806608583609789e-7,-5.297564066235515e-7
t653,-3.331027915883239e-7,-2.855121074181358e-7,-3.840623694533255e-7,-5.418347535559771e-7
t654,-3.319820236228935e-7,-2.7626762114640697e-7,-3.868004632113484e-7,-5.548863444125185e-7
t655,-3.209614877296911e-7,-2.563042288715613e-7,-3.7900029040857295e-7,-5.53660037544105e-7
t656,-2.044595093672984e-7,-8.505641975432805e-8,-2.822220752299342e-7,-4.863279666138084e-7
t657,-1.3453004865659193e-7,-1.8812671868235742e-8,-2.041622220068866e-7,-3.93438028964991e-7
t658,-1.0985505014500304e-7,-1.1262446455874252e-8,-1.6730750286381042e-7,-3.125287840019911e-7
t659,-1.1196903554957036e-7,-1.1544497776022872e-8,-1.6897877722024207e-7,-3.1516799359445567e-7
t660,-1.0652636591086912e-7,-9.93351579143597e-9,-1.621239496636737e-7,-3.030965185756724e-7
t661,-9.890962519192282e-8,-8.003109504815605e-9,-1.5311256272655768e-7,-2.871124874003638e-7
t662,-9.62683423711131e-8,-8.253063918886505e-9,-1.4970707769939833e-7,-2.813416407287765e-7
t663,-1.0530103149609618e-7,-1.3150825405548698e-8,-1.6313786165410869e-7,-3.0874919159043134e-7
t664,-1.406412930940744e-7,-3.224028771031493e-8,-2.0992810164503e-7,-3.9508182095317946e-7
t665,-1.970001232398647e-7,-1.0611321273116468e-7,-2.6398410187874836e-7,-4.4838098708920065e-7
t666,-5.345554479845901e-7,-5.468577762294485e-7,-5.670686960463762e-7,-6.980665513462405e-7
t667,-9.803973975196898e-7,-1.131078650154017e-6,-9.840060425701598e-7,-1.0670383823514575e-6
t668,-9.181057656917885e-7,-1.046800963341807e-6,-9.263944080968987e-7,-1.015398090220586e-6
t669,-7.98694311482446e-7,-8.865859630885856e-7,-8.157204285226368e-7,-9.177206681572871e-7
t670,-6.831281021008443e-7,-7.409316934072972e-7,-7.056026411664506e-7,-8.147319827083851e-7
t671,-6.053782197234476e-7,-6.456043100422019e-7,-6.306755149945961e-7,-7.418356042243171e-7
t672,-5.647155734330356e-7,-5.877800769914012e-7,-5.948518787895701e-7,-7.160026538626961e-7
t673,-5.605732331501406e-7,-5.791517163451677e-7,-5.922591041542988e-7,-7.157147278796003e-7
t674,-5.734506238003565e-7,-5.930312459638459e-7,-6.051307189091615e-7,-7.290065215419131e-7
t675,-5.674237813399814e-7,-5.815151857729437e-7,-6.013615787289208e-7,-7.295906888487218e-7
t676,-5.39432800256377e-7,-5.413710796150469e-7,-5.771391132077999e-7,-7.136626636022414e-7
t677,-4.971102347241037e-7,-4.807367911070717e-7,-5.401933974782638e-7,-6.897913959796187e-7
t678,-4.412269354637622e-7,-4.014756316702551e-7,-4.935094749119682e-7,-6.605792808245635e-7
t679,-3.7507284457109574e-7,-3.103976305579084e-7,-4.364356677702543e-7,-6.245502585451787e-7
t680,-2.0971710209304358e-7,-7.959739981703713e-8,-2.935842932421527e-7,-5.121556984376462e-7
t681,-1.3665566638774737e-7,-1.9445864953961424e-8,-2.0836756998174766e-7,-3.9884632281570956e-7
t682,-1.1720633337312876e-7,-1.3538043254204162e-8,-1.7782820283485207e-7,-3.313587393823515e-7
t683,-1.217353429029686e-7,-1.4640019034621785e-8,-1.8249615330042974e-7,-3.3526376502737753e-7
t684,-1.193896430520309e-7,-1.394755793779092e-8,-1.7901166279604795e-7,-3.3112583230227805e-7
t685,-1.1347565872824503e-7,-1.2479348799013272e-8,-1.7187421391501758e-7,-3.171851237031388e-7
t686,-1.1023865453621556e-7,-1.2425238152327552e-8,-1.6873316968345094e-7,-3.128237177908315e-7
t687,-1.1542361854392913e-7,-1.6083323067254545e-8,-1.76580562916687e-7,-3.248935840878062e-7
t688,-1.5204459517512522e-7,-3.808824093519029e-8,-2.2887632925575249e-7,-4.273110013385788e-7
t689,-2.3121820253136943e-7,-1.4675116529191151e-7,-3.010469451637932e-7,-4.916084716304611e-7
t690,-7.659910780942524e-7,-8.406898479021113e-7,-7.874020154028804e-7,-8.941633381029888e-7
t691,-1.2854021966344492e-6,-1.5275699089003307e-6,-1.2693547594252296e-6,-1.324922959646226e-6
t692,-1.0160547784485388e-6,-1.1692315377399022e-6,-1.0208113104921047e-6,-1.1047734490595652e-6
t693,-7.504099579632977e-7,-8.17846908226275e-7,-7.733261581211377e-7,-8.859672057839674e-7
t694,-5.929507466147583e-7,-6.224399207844351e-7,-6.23303449996547e-7,-7.480345314750392e-7
t695,-5.834688355868377e-7,-6.198189056153507e-7,-6.102106754911487e-7,-7.255096753137096e-7
t696,-6.422193362291486e-7,-6.984728197725346e-7,-6.635633042380578e-7,-7.683832985488008e-7
t697,-7.075769521983252e-7,-7.83248615008446e-7,-7.244861595270547e-7,-8.21327805875235e-7
t698,-8.060872838709629e-7,-9.114623905915215e-7,-8.16441355963585e-7,-9.05644936354563e-7
t699,-8.372011480269497e-7,-9.501163781684809e-7,-8.465339598449693e-7,-9.346965840835522e-7
t700,-7.604996214852895e-7,-8.43820516473859e-7,-7.774461747360776e-7,-8.790380706717934e-7
t701,-6.626281930057501e-7,-7.079943864538764e-7,-6.889583798430545e-7,-8.084412807036976e-7
t702,-5.820969894124565e-7,-5.955417510308692e-7,-6.174303271786785e-7,-7.563753757022713e-7
t703,-5.224799259221197e-7,-5.128777708910436e-7,-5.649848489336829e-7,-7.183207936769767e-7
t704,-2.3347794812812167e-7,-1.2472760076278542e-7,-3.110630471232453e-7,-5.217848306408186e-7
t705,-1.6141961013133859e-7,-3.681259391285907e-8,-2.3837677302730867e-7,-4.4521690018478955e-7
t706,-1.1565098676771604e-7,-1.646149966818335e-8,-1.7465427189166266e-7,-3.230787733859988e-7
t707,-1.0375152184817345e-7,-1.0823425086696486e-8,-1.5815256146837375e-7,-2.970317262432671e-7
t708,-9.967459014823847e-8,-8.998417110977338e-9,-1.5202198525540823e-7,-2.864130815185776e-7
t709,-9.282786230068197e-8,-7.25602896033918e-9,-1.431889520444219e-7,-2.7207946697670846e-7
t710,-8.954182215265364e-8,-7.314560368857147e-9,-1.3803016220551728e-7,-2.6213295615916173e-7
t711,-9.6953609179303e-8,-1.1743358004600643e-8,-1.4935933130403654e-7,-2.880245059856841e-7
t712,-1.2081042129328262e-7,-2.6121389495028935e-8,-1.8132449922048426e-7,-3.467385190015068e-7
t713,-1.6344830638172603e-7,-8.359160820697666e-8,-2.2141787351895204e-7,-3.830488658407408e-7
t714,-4.1186475953829387e-7,-4.0897158253400457e-7,-4.4347209938165386e-7,-5.638018183737778e-7
t715,-8.390145050152308e-7,-9.719308601514568e-7,-8.414726187515751e-7,-9.13199173788602e-7
t716,-7.668014070199113e-7,-8.740612456248982e-7,-7.742920305498874e-7,-8.549044028317512e-7
t717,-7.040728814535303e-7,-7.888860465321025e-7,-7.160464135167161e-7,-8.035253295403851e-7
t718,-6.615267093950527e-7,-7.34272605103777e-7,-6.754788926331294e-7,-7.649786219217701e-7
t719,-6.336765937515154e-7,-7.01477774854426e-7,-6.484005507896022e-7,-7.379342550604755e-7
t720,-6.291501959482524e-7,-7.00570298128512e-7,-6.426770778118583e-7,-7.291701886850557e-7
t721,-6.195244114212351e-7,-6.856075731840542e-7,-6.348118623645356e-7,-7.255160193992855e-7
t722,-5.873727570266883e-7,-6.400444423716153e-7,-6.06556452738447e-7,-7.052832628535661e-7
t723,-5.222334389860857e-7,-5.494733310177918e-7,-5.484173841521455e-7,-6.602966084907636e-7
t724,-4.5336007848947424e-7,-4.5102264961097307e-7,-4.883921242646116e-7,-6.210072240554053e-7
t725,-4.058576770043475e-7,-3.816429264783077e-7,-4.48212828664773e-7,-5.977570185272246e-7
t726,-3.8411019178239207e-7,-3.460526060537874e-7,-4.317991593672229e-7,-5.939128285350564e-7
t727,-3.624309487823459e-7,-3.122526089772771e-7,-4.140290520384186e-7,-5.832654510811598e-7
t728,-2.0790129316405073e-7,-9.55204195267441e-8,-2.8134816871578645e-7,-4.859454472246394e-7
t729,-1.5065403685066255e-7,-2.9348655353323534e-8,-2.2313566955426743e-7,-4.239390621803239e-7
t730,-1.078611459304536e-7,-1.2349937542042687e-8,-1.6319663300694098e-7,-3.069743857720089e-7
t731,-9.759175678981823e-8,-8.188331557980816e-9,-1.4938677128632848e-7,-2.8320061880888964e-7
t732,-9.554265444986145e-8,-7.124044771492841e-9,-1.4614563947904033e-7,-2.755742136815079e-7
t733,-9.082401083458776e-8,-5.983683206277814e-9,-1.3922960408001523e-7,-2.6634315967633634e-7
t734,-8.744452405851212e-8,-6.0375788940636596e-9,-1.3542264598407397e-7,-2.5670709093526917e-7
t735,-9.417099941192102e-8,-9.805076850332941e-9,-1.4568125962277982e-7,-2.834238138145831e-7
t736,-1.1877339646985532e-7,-2.3062076577526343e-8,-1.7827943732957123e-7,-3.449579028969042e-7
t737,-1.528487303296866e-7,-6.716450952907065e-8,-2.1180089315706097e-7,-3.7840616182985e-7
t738,-3.402962958322483e-7,-3.1717364241108844e-7,-3.775379094162111e-7,-5.096329705091548e-7
t739,-5.873472756805398e-7,-6.361527497368901e-7,-6.063331344676403e-7,-7.008200113790969e-7
t740,-5.115127151710904e-7,-5.358640494341879e-7,-5.353261377608816e-7,-6.388024632620584e-7
t741,-4.5864520921286714e-7,-4.6644615329129624e-7,-4.867063025357447e-7,-5.981592135128475e-7
t742,-4.290578581168582e-7,-4.2865226775176613e-7,-4.5956426807454344e-7,-5.752728317253801e-7
t743,-4.4683458116533785e-7,-4.5512305772060946e-7,-4.7532402237708734e-7,-5.853986779651178e-7
t744,-5.174444553026568e-7,-5.449241418891275e-7,-5.413236907672279e-7,-6.422397108729148e-7
t745,-5.92197200183834e-7,-6.388508951663308e-7,-6.121373881590111e-7,-7.058206938094387e-7
t746,-6.674657140161973e-7,-7.340107627019762e-7,-6.835521019209447e-7,-7.703912744506077e-7
t747,-6.882405449676291e-7,-7.555640946334246e-7,-7.052393346345978e-7,-7.941448855257308e-7
t748,-6.305632869939027e-7,-6.711970684586393e-7,-6.544366623987476e-7,-7.58962631374095e-7
t749,-5.51888784088481e-7,-5.461475773497097e-7,-5.88420643421568e-7,-7.289273513421216e-7
t750,-4.6565587851257027e-7,-4.286228625823248e-7,-5.104216265999976e-7,-6.759985433156554e-7
t751,-3.793541432562019e-7,-3.120196442763053e-7,-4.3407887426924e-7,-6.214237100607864e-7
t752,-2.1314431378435025e-7,-7.95986292108798e-8,-2.866165039969808e-7,-5.034949962358586e-7
t753,-1.3771585949873248e-7,-1.9293603748655986e-8,-2.0110098542663307e-7,-3.858358505022794e-7
t754,-1.119493104414178e-7,-1.1304621593231692e-8,-1.652034933671292e-7,-3.101821746225786e-7
t755,-1.0765681918787653e-7,-9.639288875796792e-9,-1.584203179964493e-7,-2.9876679728109153e-7
t756,-1.0464146018231502e-7,-8.434804708080259e-9,-1.531945834866639e-7,-2.8916361517363833e-7
t757,-9.67737901278777e-8,-6.1657852862339864e-9,-1.4324558196115155e-7,-2.729573541540119e-7
t758,-9.07182058788144e-8,-4.534174291190113e-9,-1.3573634531186464e-7,-2.5984263221863503e-7
t759,-8.963671589118062e-8,-4.813369947189582e-9,-1.3550465301617887e-7,-2.590297634832418e-7
t760,-1.1068710474946538e-7,-1.1966908866477696e-8,-1.6213402951379887e-7,-3.1241087194994873e-7
t761,-1.582708460291216e-7,-4.053361733741108e-8,-2.203285007766804e-7,-4.138002336192826e-7
t762,-2.859576552188767e-7,-2.21444543861561e-7,-3.3485570527534977e-7,-5.076562369215918e-7
t763,-5.287074119278544e-7,-5.333625440566747e-7,-5.577366253136285e-7,-6.839753913233029e-7
t764,-4.676926395775443e-7,-4.5459180736742287e-7,-5.009826391179844e-7,-6.394573102054342e-7
t765,-4.3122478309200584e-7,-4.062676914337005e-7,-4.680119462184055e-7,-6.165929390575772e-7
t766,-4.1965107203592113e-7,-3.9344043146268045e-7,-4.5737428069293107e-7,-6.029037606016178e-7
t767,-4.0503164738471454e-7,-3.7745611783098436e-7,-4.441485103745943e-7,-5.905143562865525e-7
t768,-4.0642674141273904e-7,-3.985188988861509e-7,-4.3897378158695346e-7,-5.60788047512344e-7
t769,-4.183529619644252e-7,-4.122780492416681e-7,-4.504464358544362e-7,-5.711752370374726e-7
t770,-4.2564891967071573e-7,-4.21182182007887e-7,-4.577272345396804e-7,-5.785107129547636e-7
t771,-4.3777681494207013e-7,-4.326942348053433e-7,-4.706577553617164e-7,-5.943822160516281e-7
t772,-4.4559741709260735e-7,-4.3588302215636267e-7,-4.808421995609905e-7,-6.105359605747002e-7
t773,-4.1013346996207634e-7,-3.779251859587145e-7,-4.527024988580949e-7,-6.037392057448915e-7
t774,-3.6496001311220264e-7,-3.1440682830654403e-7,-4.146468206888128e-7,-5.799466098639417e-7
t775,-3.283820664668797e-7,-2.621031615570178e-7,-3.840068839390198e-7,-5.646636442314772e-7
t776,-2.066428160069451e-7,-7.139679835883927e-8,-2.806192432331493e-7,-4.992514861584069e-7
t777,-1.3887144500198944e-7,-1.9786702788794106e-8,-2.0279359100632745e-7,-3.894840431387067e-7
t778,-1.1332935614813026e-7,-1.1961462643663856e-8,-1.6631397041534283e-7,-3.118963235001744e-7
t779,-1.0932898166201529e-7,-1.0338815711678918e-8,-1.599332199367895e-7,-3.010495345437949e-7
t780,-1.0680317204165716e-7,-9.339951170503843e-9,-1.5559564181875802e-7,-2.93962653868209e-7
t781,-9.932630866355253e-8,-7.272002754533448e-9,-1.4638757231280152e-7,-2.775729916184148e-7
t782,-9.438237133185302e-8,-6.304226337965224e-9,-1.4073828372531775e-7,-2.671934170826456e-7
t783,-9.550482298024166e-8,-7.979536178765816e-9,-1.4266326567532544e-7,-2.7273488687173235e-7
t784,-1.1973530723513273e-7,-1.820468730016229e-8,-1.7728516448593627e-7,-3.450713523600125e-7
t785,-1.5791687960234404e-7,-5.3509201863740316e-8,-2.1828747911340534e-7,-3.983834064000995e-7
t786,-3.0882136117810387e-7,-2.6320108077088376e-7,-3.530358806061973e-7,-5.066986236978437e-7
t787,-5.870050349354834e-7,-6.219854551349109e-7,-6.095504425692943e-7,-7.202249546174954e-7
t788,-5.604877130840835e-7,-5.863630558529556e-7,-5.848535124520723e-7,-7.006044275031939e-7
t789,-5.421395418603464e-7,-5.610115195142552e-7,-5.684041365853495e-7,-6.870939120901578e-7
t790,-5.16810280643112e-7,-5.28891429911289e-7,-5.44415637011879e-7,-6.643135648492385e-7
t791,-4.983271867449965e-7,-5.078862164426566e-7,-5.270411249949475e-7,-6.441239782960497e-7
t792,-5.088370934350201e-7,-5.241344068639706e-7,-5.361605392879127e-7,-6.488265567008254e-7
t793,-5.254833608882567e-7,-5.434273339428222e-7,-5.523625919621795e-7,-6.653144642945317e-7
t794,-5.72301629401234e-7,-6.033218455420124e-7,-5.967038577556217e-7,-7.045796851856755e-7
t795,-6.376394504754908e-7,-6.836650797354515e-7,-6.594896308185599e-7,-7.640739811051456e-7
t796,-6.942570826680833e-7,-7.484599761041717e-7,-7.155697796431511e-7,-8.225681259822679e-7
t797,-7.041349748063522e-7,-7.524448446720766e-7,-7.275286065471511e-7,-8.417960464588768e-7
t798,-6.349396884355623e-7,-6.554604181303715e-7,-6.651342109461788e-7,-7.966776656316687e-7
t799,-5.487011273427049e-7,-5.389092018368525e-7,-5.863378471564738e-7,-7.352648346431334e-7
t800,-2.4267724448168827e-7,-1.342927733969383e-7,-3.1216938992050795e-7,-5.168946772324551e-7
t801,-1.5958072530431695e-7,-3.325414869970007e-8,-2.2978076998955515e-7,-4.3565126725722734e-7
t802,-1.1755169130820066e-7,-1.5702384251955724e-8,-1.718811329571065e-7,-3.2192364961533123e-7
t803,-1.108616793129123e-7,-1.2003528741766266e-8,-1.627395306323449e-7,-3.0372136227865344e-7
t804,-1.0625028591323012e-7,-1.0153210227440475e-8,-1.5577774409743643e-7,-2.9284098486237244e-7
t805,-9.917577075778676e-8,-8.276000076076844e-9,-1.4698080773869653e-7,-2.7737371128937e-7
t806,-9.494071438591354e-8,-8.064208905274887e-9,-1.4175095237699803e-7,-2.682357816653009e-7
t807,-1.01455051477296e-7,-1.2027853675418644e-8,-1.5172732009596215e-7,-2.889520652391461e-7
t808,-1.3003714750316173e-7,-2.6933575351031823e-8,-1.8938450137551614e-7,-3.6606034411287594e-7
t809,-1.6970320326998137e-7,-7.662136145614321e-8,-2.2880883342762027e-7,-4.0474636309260337e-7
t810,-3.7466506435694354e-7,-3.5067070668317603e-7,-4.116893949620788e-7,-5.524596116138297e-7
t811,-7.06916627944464e-7,-7.82058010049855e-7,-7.217955242842341e-7,-8.161924941569473e-7
t812,-6.646711400560194e-7,-7.248108353721417e-7,-6.821960498349846e-7,-7.83108347025043e-7
t813,-6.350472052210503e-7,-6.821017461531872e-7,-6.556458064532099e-7,-7.635158220806757e-7
t814,-6.262395440666684e-7,-6.713334204170017e-7,-6.473841262231132e-7,-7.541969601231089e-7
t815,-6.686136349866462e-7,-7.277964261347516e-7,-6.86707647916307e-7,-7.864821192954908e-7
t816,-7.602188059395437e-7,-8.523138501065297e-7,-7.711251517604445e-7,-8.545860330453765e-7
t817,-8.658366937685521e-7,-9.879035397883909e-7,-8.711364126953051e-7,-9.459285978204352e-7
t818,-9.467714678878454e-7,-1.0925178369287359e-6,-9.477535736564842e-7,-1.0172250096907587e-6
t819,-9.376065195482767e-7,-1.0765637497923255e-6,-9.407164695446559e-7,-1.0124890205476977e-6
t820,-8.557167691092943e-7,-9.621464106132712e-7,-8.664628764866314e-7,-9.535466677871849e-7
t821,-8.249287300081599e-7,-9.133658122157362e-7,-8.405271690976662e-7,-9.396954822891565e-7
t822,-7.996380363557645e-7,-8.712953133696321e-7,-8.199245223179188e-7,-9.281481002184351e-7
t823,-6.973644142044054e-7,-7.319191318611769e-7,-7.261289221216225e-7,-8.528549265061865e-7
t824,-2.605386365633628e-7,-1.509967217653704e-7,-3.320192220245839e-7,-5.45415066854834e-7
t825,-1.6993857363479408e-7,-3.602650933804713e-8,-2.441803324909399e-7,-4.5732989401608936e-7
t826,-1.2661331034193384e-7,-1.808774013719369e-8,-1.8359882853791972e-7,-3.412005437400652e-7
t827,-1.279838971013815e-7,-1.7038712164868474e-8,-1.8349024402060177e-7,-3.3908944869766796e-7
t828,-1.2248988871866052e-7,-1.5403617028772843e-8,-1.7801884582626187e-7,-3.301080432476766e-7
t829,-1.1492737409930646e-7,-1.3501546015941638e-8,-1.7047465655462806e-7,-3.157579232999483e-7
t830,-1.0865711503606714e-7,-1.247864578258902e-8,-1.627013771199043e-7,-3.0294144664124215e-7
t831,-1.1304975496071033e-7,-1.551698513991342e-8,-1.6765254637221353e-7,-3.114288633789241e-7
t832,-1.4431006560409503e-7,-3.0998629552301285e-8,-2.1194516092247294e-7,-4.020815524173656e-7
t833,-1.9568788377502524e-7,-8.803329531526553e-8,-2.6461461412069885e-7,-4.5953985241940364e-7
t834,-5.377934798101662e-7,-5.384543190501164e-7,-5.736861545228466e-7,-7.172489674692219e-7
t835,-1.5546047236487677e-6,-1.8762681753335044e-6,-1.5226487433960448e-6,-1.5595020622706187e-6
t836,-1.7896393230014143e-6,-2.1786585848998375e-6,-1.7400606109691164e-6,-1.7553583973922683e-6
t837,-1.920194705814456e-6,-2.343658583397554e-6,-1.8615836068743213e-6,-1.864940526138388e-6
t838,-1.9370765635668534e-6,-2.36660626270813e-6,-1.8732218816354737e-6,-1.8693859275910095e-6
t839,-2.0143008078723592e-6,-2.4647053456401114e-6,-1.9394094880312294e-6,-1.92174219977703e-6
t840,-2.289459704374042e-6,-2.8058596666113885e-6,-2.190837912956755e-6,-2.1440019179616253e-6
t841,-2.5564136713306066e-6,-3.1328618060662056e-6,-2.4371089377047065e-6,-2.3625317087986657e-6
t842,-2.7654928410273814e-6,-3.384882476091494e-6,-2.6293982181890415e-6,-2.5325509167241843e-6
t843,-2.9016329366888753e-6,-3.548431321733874e-6,-2.7544074759071913e-6,-2.646399589232189e-6
t844,-2.86792252874499e-6,-3.5104301823423706e-6,-2.727976045692157e-6,-2.6263161531070076e-6
t845,-2.701987481689875e-6,-3.311152676124899e-6,-2.580121834992274e-6,-2.5035089941936525e-6
t846,-2.3796620928030838e-6,-2.9135471053522067e-6,-2.289871009737901e-6,-2.2533721885125128e-6
t847,-1.8840444859328804e-6,-2.2817628472823207e-6,-1.8381045121830911e-6,-1.8577216587136225e-6
t848,-3.961779374504098e-7,-3.2837910167577713e-7,-4.5824875308090906e-7,-6.585226875610871e-7
t849,-2.0123237689594547e-7,-6.029005281301511e-8,-2.833992483014969e-7,-5.137063640919185e-7
t850,-1.363753791399994e-7,-2.309770012487843e-8,-1.994821578558946e-7,-3.6460472448828904e-7
t851,-1.3678066351179942e-7,-2.0693066444524873e-8,-1.970676190957364e-7,-3.615567095353745e-7
t852,-1.3238186406262446e-7,-1.8690332346945652e-8,-1.922539561000639e-7,-3.499689668904909e-7
t853,-1.2441502240565384e-7,-1.6472972173076183e-8,-1.829461955239773e-7,-3.3606903376686753e-7
t854,-1.2095757159337402e-7,-1.5912988150788423e-8,-1.788898976475721e-7,-3.2879133154621913e-7
t855,-1.2250345245422774e-7,-1.7835523037507742e-8,-1.8054926806864067e-7,-3.333218151672541e-7
t856,-1.472781639931338e-7,-2.966118246752689e-8,-2.1647534091148848e-7,-4.026540857270384e-7
t857,-2.1917514462934172e-7,-9.626900141648741e-8,-2.9556533854183355e-7,-5.110368388565398e-7
t858,-6.967453353622373e-7,-7.252106730705343e-7,-7.291770883668053e-7,-8.685287855964836e-7
t859,-2.618535393926529e-6,-3.2136850374817268e-6,-2.512105215826791e-6,-2.453461942367625e-6
t860,-3.0835256539008805e-6,-3.77762380098637e-6,-2.9413745322207324e-6,-2.8343929899742863e-6
t861,-3.341711952139695e-6,-4.085384502032802e-6,-3.1802039549742236e-6,-3.0459181955491395e-6
t862,-3.4856154459942152e-6,-4.243862003654332e-6,-3.3021819695940564e-6,-3.1400649901886284e-6
t863,-3.5463513638275223e-6,-4.304670224701771e-6,-3.3490901146901347e-6,-3.1722586278391903e-6
t864,-3.857337878661301e-6,-4.633920415756671e-6,-3.618882358744829e-6,-3.386897569644476e-6
t865,-4.2119855505553715e-6,-5.03026516918664e-6,-3.946537078818048e-6,-3.669563785759369e-6
t866,-4.4295642717178126e-6,-5.266067386194714e-6,-4.145586023037582e-6,-3.842138620275258e-6
t867,-4.413013918127308e-6,-5.252400072083478e-6,-4.131866285863072e-6,-3.8307914853847445e-6
t868,-4.198897374895221e-6,-5.0277545014686205e-6,-3.938944822108727e-6,-3.6695710982785154e-6
t869,-3.858458898688211e-6,-4.657119655842528e-6,-3.6298969781613615e-6,-3.4073223219337907e-6
t870,-3.462087195751874e-6,-4.211187073893729e-6,-3.2721300548855864e-6,-3.099507698369595e-6
t871,-2.9085606225481337e-6,-3.5609571625601324e-6,-2.7675605764434723e-6,-2.662017977813171e-6
t872,-5.551987212126364e-7,-5.42346963857559e-7,-5.997152147376653e-7,-7.652715944999276e-7
t873,-2.2501000563799156e-7,-1.0231421324723684e-7,-3.014337917908247e-7,-5.17468664179904e-7
t874,-1.5038465324460185e-7,-3.7629742926344564e-8,-2.1734691539281193e-7,-3.9804122109688926e-7
t875,-1.2599125249542663e-7,-2.238682857307184e-8,-1.840184617059274e-7,-3.4076136563069154e-7
t876,-1.187041338524905e-7,-1.8411273973042164e-8,-1.7391532307986423e-7,-3.22660447014281e-7
t877,-1.1282715257180681e-7,-1.8094496673398653e-8,-1.6609444399476388e-7,-3.112047177277912e-7
t878,-1.1316098568551593e-7,-2.0589865556433676e-8,-1.6705634838864614e-7,-3.1572155386527385e-7
t879,-1.3597692030725723e-7,-3.454858770806226e-8,-1.9582166272863152e-7,-3.693228333458144e-7
t880,-1.614312896627234e-7,-6.827437933527391e-8,-2.208259668580621e-7,-3.9216668224948813e-7
t881,-2.5679861586991504e-7,-2.0054357313106468e-7,-3.046719160340897e-7,-4.615389560821061e-7
t882,-1.0438334911291388e-6,-1.2326086051661318e-6,-1.0347753380893848e-6,-1.0882242671580268e-6
t883,-2.7561961969911956e-6,-3.3707457538676286e-6,-2.6137669470150826e-6,-2.4800070413092543e-6
t884,-2.9485589960492642e-6,-3.5969832820032447e-6,-2.7918229290362244e-6,-2.638517159954151e-6
t885,-2.914165123475343e-6,-3.5578186967774133e-6,-2.761780742066573e-6,-2.6153136908273484e-6
t886,-2.849929150205499e-6,-3.4791575524019695e-6,-2.7010228727839303e-6,-2.560939796877095e-6
t887,-2.855688703403357e-6,-3.4846478369411078e-6,-2.7028378822030306e-6,-2.562034830175866e-6
t888,-2.86687016401092e-6,-3.493017425477843e-6,-2.707984906408347e-6,-2.5603056631382732e-6
t889,-2.800872393899057e-6,-3.41537448076246e-6,-2.6468226288455847e-6,-2.50779900817585e-6
t890,-2.655166563230819e-6,-3.2433102363890696e-6,-2.5137447160532663e-6,-2.3919318021345824e-6
t891,-2.470652418290348e-6,-3.0243399972814908e-6,-2.348046211264277e-6,-2.2517160419605434e-6
t892,-2.2440163977798803e-6,-2.749614853782864e-6,-2.1472480240635526e-6,-2.0833251001247917e-6
t893,-1.974984370389482e-6,-2.412869991351343e-6,-1.90588464232293e-6,-1.8769879525574583e-6
t894,-1.655190396122169e-6,-1.9999291736532512e-6,-1.6156329840043862e-6,-1.6257386800486162e-6
t895,-1.208142547830591e-6,-1.4102612718505467e-6,-1.2036225132404803e-6,-1.2642837138159305e-6
t896,-3.33848172033676e-7,-2.6319606327489495e-7,-3.9169271592524467e-7,-5.784764534221059e-7
t897,-1.8822074515256792e-7,-6.194205441609129e-8,-2.5968479137093454e-7,-4.661228674724725e-7
t898,-1.3292961398765205e-7,-2.65378358888977e-8,-1.9253744437085e-7,-3.6051400091615485e-7
t899,-1.1607853999225039e-7,-1.643070568123352e-8,-1.6974253450449832e-7,-3.1732566124078334e-7
t900,-1.1067654357313874e-7,-1.3601793471717243e-8,-1.6286132012162717e-7,-3.053155764643716e-7
t901,-1.044459568339008e-7,-1.20153865302342e-8,-1.5443233243954403e-7,-2.902873286504115e-7
t902,-1.0327490907127326e-7,-1.4230529379876252e-8,-1.5258379719527523e-7,-2.8661511372395087e-7
t903,-1.1538332416402768e-7,-2.0637566715818597e-8,-1.7049747389640294e-7,-3.264503762885164e-7
t904,-1.4196200673929878e-7,-4.396883500568829e-8,-2.0125854964075993e-7,-3.7395064550945394e-7
t905,-1.9984527228749125e-7,-1.264495833149096e-7,-2.536766888975203e-7,-4.180214403324413e-7
t906,-6.209577568247105e-7,-6.742567271928987e-7,-6.397145773199526e-7,-7.370947714948961e-7
t907,-1.525224081508409e-6,-1.866230170546168e-6,-1.4799609203852206e-6,-1.482900409422207e-6
t908,-1.3446269972199512e-6,-1.6307657881302384e-6,-1.314199834040345e-6,-1.3368004873188452e-6
t909,-1.1655926911573721e-6,-1.3917373440408805e-6,-1.1490909791746018e-6,-1.1906740165518954e-6
t910,-1.0299049113789238e-6,-1.2103955609271746e-6,-1.0227940039629159e-6,-1.0770188986919213e-6
t911,-9.468741336699172e-7,-1.1026356482163201e-6,-9.44312127599284e-7,-1.0039698485881265e-6
t912,-9.076823045705654e-7,-1.0552644740182e-6,-9.06013950237864e-7,-9.64586838246982e-7
t913,-8.859802158103153e-7,-1.0247027836582093e-6,-8.86332671793054e-7,-9.4699429365932e-7
t914,-8.411075111081088e-7,-9.627452369352013e-7,-8.455107769120188e-7,-9.116741983093366e-7
t915,-7.565178273531738e-7,-8.450195711306867e-7,-7.686655500980204e-7,-8.484271144004977e-7
t916,-6.832295310072174e-7,-7.395144044706511e-7,-7.032086296081431e-7,-7.989963625929884e-7
t917,-6.16559044096699e-7,-6.428384724449314e-7,-6.443878338437826e-7,-7.596665539671638e-7
t918,-5.672789184045125e-7,-5.716945573959926e-7,-6.006584109693544e-7,-7.305812066181064e-7
t919,-5.139872761130544e-7,-4.978567877539689e-7,-5.533078003335929e-7,-6.983019550027747e-7
t920,-2.376983495380186e-7,-1.2326475031191451e-7,-3.0873919563014014e-7,-5.181974611189587e-7
t921,-1.624588389048464e-7,-3.3199536062420045e-8,-2.3326408994095765e-7,-4.384211307949789e-7
t922,-1.1878458233298835e-7,-1.5756206247684337e-8,-1.7358219857517037e-7,-3.2495312789575007e-7
t923,-1.1272212833238735e-7,-1.2383632108800595e-8,-1.647505867513512e-7,-3.0804925793914764e-7
t924,-1.101048479000263e-7,-1.1257502343363965e-8,-1.605183859468395e-7,-2.9983813763983337e-7
t925,-1.0189285546005542e-7,-9.231215771696797e-9,-1.5136418885299844e-7,-2.836485165846744e-7
t926,-9.718968133331631e-8,-8.795680519850352e-9,-1.447914154918928e-7,-2.7355817404424775e-7
t927,-1.027709958260513e-7,-1.2665721637904502e-8,-1.5220658436199357e-7,-2.907059915378734e-7
t928,-1.2514822862956228e-7,-2.585988531375361e-8,-1.839669072842075e-7,-3.530339786178011e-7
t929,-1.5975667110951963e-7,-6.785987695904064e-8,-2.185539381404592e-7,-3.892980629179172e-7
t930,-3.1959492841989244e-7,-2.852035492657338e-7,-3.5990280565764977e-7,-5.012187522020409e-7
t931,-5.789049944075974e-7,-6.175783847454467e-7,-6.00282356544114e-7,-7.005975550451464e-7
t932,-5.321007562378771e-7,-5.537619901172733e-7,-5.568353809867469e-7,-6.628081267331414e-7
t933,-5.195474575847378e-7,-5.351245118946969e-7,-5.458202769271767e-7,-6.554121833035519e-7
t934,-5.089893086039029e-7,-5.237079341742888e-7,-5.355520850660084e-7,-6.438080477958553e-7
t935,-4.7608798178237453e-7,-4.820942370732103e-7,-5.051308531786629e-7,-6.186280766085283e-7
t936,-4.3967051191545894e-7,-4.39219367008899e-7,-4.701767164379301e-7,-5.857473138925415e-7
t937,-4.08969426018113e-7,-3.986800999729433e-7,-4.428084646962302e-7,-5.636618928650589e-7
t938,-3.910747712619931e-7,-3.756759414118141e-7,-4.26329973508002e-7,-5.498342006127368e-7
t939,-3.7610456730607465e-7,-3.5375447749333935e-7,-4.145779073727149e-7,-5.465510901200707e-7
t940,-3.6346623865900786e-7,-3.3139668183049113e-7,-4.06016173985648e-7,-5.488904100552268e-7
t941,-3.442490566987724e-7,-2.9452368338845575e-7,-3.9383567840174e-7,-5.564534236162722e-7
t942,-3.18758994598105e-7,-2.5509746628455666e-7,-3.724218694825352e-7,-5.471720838779948e-7
t943,-2.894152054474422e-7,-2.1072924983634012e-7,-3.4910811731892154e-7,-5.332864431337572e-7
t944,-1.8775025201538104e-7,-5.518196223189891e-8,-2.6064677230881194e-7,-4.6944076595178336e-7
t945,-1.242498038404459e-7,-1.4205221725123401e-8,-1.825609432069229e-7,-3.529197838766636e-7
t946,-1.0552137747340194e-7,-8.946431458840814e-9,-1.559191997733813e-7,-2.9614360056081457e-7
t947,-1.0340970960381485e-7,-8.101772901272494e-9,-1.5280759636214125e-7,-2.8909653905408216e-7
t948,-1.0000005963976242e-7,-6.969528296537218e-9,-1.482371331542736e-7,-2.8061354897513395e-7
t949,-9.241647019066611e-8,-4.861957823757675e-9,-1.3899001548113735e-7,-2.655164243385954e-7
t950,-8.877710631383627e-8,-3.960150814911436e-9,-1.3350784787024923e-7,-2.5547439591682963e-7
t951,-8.816431756799386e-8,-4.496218296806864e-9,-1.3362366016468035e-7,-2.5794963996334536e-7
t952,-1.0826857676987382e-7,-1.1101622412912509e-8,-1.6166738427606527e-7,-3.1704204842656024e-7
t953,-1.4453829653313004e-7,-3.4727743975151444e-8,-2.043659354364156e-7,-3.8062695815452127e-7
t954,-2.17218905918224e-7,-1.3867070155938001e-7,-2.712962268923371e-7,-4.3619381600661725e-7
t955,-3.5639977389384566e-7,-3.205373872887026e-7,-3.9516175673797276e-7,-5.326531236451657e-7
t956,-3.6043696300465885e-7,-3.245563862184772e-7,-3.9872956592340174e-7,-5.378672442314161e-7
t957,-3.619118233851139e-7,-3.2501916375818625e-7,-4.005810170387246e-7,-5.410275313350576e-7
t958,-3.6690664606667537e-7,-3.336666294196083e-7,-4.0531028063668886e-7,-5.43542562685281e-7
t959,-3.7068570976045177e-7,-3.3998768844104206e-7,-4.0943078248149817e-7,-5.450090659216949e-7
t960,-3.7099248411936534e-7,-3.5533392863479804e-7,-4.045152906210043e-7,-5.24512211253137e-7
t961,-3.685891441489014e-7,-3.5349507031029675e-7,-4.0264241397634653e-7,-5.218935230873195e-7
t962,-3.553207486814244e-7,-3.371224220455822e-7,-3.910288439646661e-7,-5.146002706149941e-7
t963,-3.4038854769955733e-7,-3.1515341740169433e-7,-3.787925378849871e-7,-5.082954591093094e-7
t964,-3.2122174032608865e-7,-2.834840805456871e-7,-3.648512854390616e-7,-5.086277727507738e-7
t965,-2.976575082575674e-7,-2.4536240493620916e-7,-3.4719682415361917e-7,-5.057536302855871e-7
t966,-2.7391225398822674e-7,-2.0740144419668525e-7,-3.2906811430700795e-7,-4.997059135724599e-7
t967,-2.4853957796562664e-7,-1.6636848971590076e-7,-3.1020747232767963e-7,-4.905641648417393e-7
t968,-1.7330244457646907e-7,-4.399197876558826e-8,-2.460589541087605e-7,-4.4762266591562246e-7
t969,-1.1347761669651688e-7,-1.0859071523062207e-8,-1.7124301772405348e-7,-3.279526297349111e-7
t970,-9.989848429763959e-8,-7.0901426574699125e-9,-1.496361875551187e-7,-2.826192367273787e-7
t971,-9.851955255455477e-8,-6.602828392885958e-9,-1.4693355899734717e-7,-2.788403325925607e-7
t972,-9.534056957202318e-8,-5.5788370417451685e-9,-1.4265271927888836e-7,-2.7099022833540006e-7
t973,-8.804388467484988e-8,-3.3603778839988616e-9,-1.3368040254086333e-7,-2.56419714766969e-7
t974,-8.394724731400799e-8,-2.2204736402282828e-9,-1.2804084632796737e-7,-2.461868659849714e-7
t975,-8.36609537366169e-8,-2.398245297744445e-9,-1.2776579309027534e-7,-2.466685837339971e-7
t976,-9.22385924652848e-8,-5.150433684514894e-9,-1.4160636574840811e-7,-2.787436184250495e-7
t977,-1.259986274643551e-7,-2.1600733408662226e-8,-1.8505155442246767e-7,-3.5519181765789035e-7
t978,-1.7890664566540167e-7,-9.440957522649227e-8,-2.356639023725509e-7,-3.9958780053584676e-7
t979,-2.8790199375685465e-7,-2.408575004930605e-7,-3.309327671911493e-7,-4.7670755095315987e-7
t980,-3.068724871255847e-7,-2.6295972388423063e-7,-3.4930204953740583e-7,-4.937093412907842e-7
t981,-3.03000935857207e-7,-2.5574922446856406e-7,-3.469062654694814e-7,-4.949679421590729e-7
t982,-3.0222005020579755e-7,-2.56767828262402e-7,-3.461639803803634e-7,-4.930870261004851e-7
t983,-2.962494956818652e-7,-2.5132395701524925e-7,-3.407497671333695e-7,-4.878370093230965e-7
t984,-2.906643893316063e-7,-2.454587996110747e-7,-3.3658561624171457e-7,-4.847513302444052e-7
t985,-2.876529287730474e-7,-2.3841224684636424e-7,-3.3540226933120266e-7,-4.883330229891483e-7
t986,-2.7880908332697637e-7,-2.2495429781268254e-7,-3.292501502516251e-7,-4.862115381880289e-7
t987,-2.677116697294064e-7,-2.0737564159894678e-7,-3.2148680620067757e-7,-4.849931853784739e-7
t988,-2.569754208423712e-7,-1.8740901722494963e-7,-3.142716789585033e-7,-4.861406390609867e-7
t989,-2.505200028160226e-7,-1.697049964185762e-7,-3.133972403592353e-7,-4.957306171040673e-7
t990,-2.4310988438077854e-7,-1.4874950485606394e-7,-3.0977117577120854e-7,-5.057840583908513e-7
t991,-2.3172238501676917e-7,-1.242748843399944e-7,-3.033071769433518e-7,-5.043746250562445e-7
t992,-1.7078632162295073e-7,-2.7874388516141783e-8,-2.484767650478821e-7,-4.662772384208185e-7
t993,-1.1748274676821358e-7,-1.2079371964236909e-8,-1.7264365243715535e-7,-3.264641594481127e-7
t994,-1.1330296354306209e-7,-1.096171042576497e-8,-1.6549597026263616e-7,-3.1017348555270225e-7
t995,-1.1760640581727429e-7,-1.2343138371743004e-8,-1.6992508146981155e-7,-3.191577794965972e-7
t996,-1.1347729141287983e-7,-1.1074892163304028e-8,-1.6551097753005546e-7,-3.092886846153022e-7
t997,-1.0556293957378275e-7,-8.758910676925063e-9,-1.5633848812007645e-7,-2.954456735446776e-7
t998,-9.849134705114981e-8,-6.723301416507105e-9,-1.4857115482889494e-7,-2.812664013365138e-7
t999,-9.756560005953536e-8,-6.471058099514672e-9,-1.4771784384360526e-7,-2.792248011219637e-7
t1000,-9.976712588411805e-8,-7.190568933782771e-9,-1.5133885861754625e-7,-2.885559447849682e-7
t1001,-1.3821633687569787e-7,-1.9750856189424555e-8,-2.0628885504997103e-7,-3.9984036127924834e-7
t1002,-2.000965909015016e-7,-9.389806673887855e-8,-2.685052260873241e-7,-4.6277657425766724e-7
t1003,-3.029009213665094e-7,-2.3495909626838311e-7,-3.5824951653344167e-7,-5.360437650829319e-7
t1004,-2.9312347904751277e-7,-2.2195017250745518e-7,-3.507131250259738e-7,-5.294785049001495e-7
t1005,-2.7920258579340805e-7,-2.0257747653374183e-7,-3.3924746902780206e-7,-5.22891364067635e-7
t1006,-2.738604433785991e-7,-2.026909347327674e-7,-3.323073976964628e-7,-5.096970023405372e-7
t1007,-2.674005826357726e-7,-2.0051246552058045e-7,-3.24459911389263e-7,-4.960881480718604e-7
t1008,-2.6705113284011685e-7,-1.9996227870814668e-7,-3.2511665300193883e-7,-4.959146479218595e-7
t1009,-2.741202655829363e-7,-2.0692480535695246e-7,-3.3362868046971776e-7,-5.054581420871241e-7
t1010,-2.8536145573133867e-7,-2.1938262585832134e-7,-3.4383447798993875e-7,-5.181150805404868e-7
t1011,-2.948850965896588e-7,-2.28591710027676e-7,-3.537983779894046e-7,-5.294243217089575e-7
t1012,-3.0462892201941294e-7,-2.3701227157219046e-7,-3.6429166434478734e-7,-5.439257764587208e-7
t1013,-3.067804057401979e-7,-2.328158895484826e-7,-3.6877840271971947e-7,-5.559267678142554e-7
t1014,-2.9776602627894016e-7,-2.1306446323522274e-7,-3.6485636504700434e-7,-5.609313265565518e-7
t1015,-2.715465849165466e-7,-1.681817009536473e-7,-3.4421076152436315e-7,-5.546478229014976e-7
t1016,-1.8183381217120271e-7,-3.4458036834649334e-8,-2.6333021294277005e-7,-4.87138696317111e-7
t1017,-1.227654958656534e-7,-1.3951549483997781e-8,-1.8123445546348232e-7,-3.4162897958302847e-7
t1018,-1.184552358522615e-7,-1.2813007731208394e-8,-1.7422014059697504e-7,-3.243243143631995e-7
t1019,-1.2598949000130415e-7,-1.503735377061474e-8,-1.8228199678222056e-7,-3.3731091204431445e-7
t1020,-1.2304768439387783e-7,-1.4213248536530451e-8,-1.7938438143306046e-7,-3.328210017664296e-7
t1021,-1.1549407317177303e-7,-1.2086181750351645e-8,-1.7066956014612258e-7,-3.1969162830607165e-7
t1022,-1.1150974910787919e-7,-1.0805676883401674e-8,-1.6597824983771813e-7,-3.1113622113157706e-7
t1023,-1.1021515296387535e-7,-1.040708079383387e-8,-1.650234260514388e-7,-3.0706541297855704e-7
t1024,-1.1020444451225288e-7,-1.0322906245370632e-8,-1.6494047418246518e-7,-3.0973158907722246e-7
t1025,-1.3436918311347839e-7,-1.520755805326099e-8,-2.0406627502229334e-7,-3.9781034941588887e-7
t1026,-1.995387037749027e-7,-6.907643667790161e-8,-2.783846468094049e-7,-4.904619182073461e-7
t1027,-2.7736013334940935e-7,-1.8351268334959972e-7,-3.4688350755195013e-7,-5.511984485617013e-7
t1028,-2.9626170315672e-7,-2.0910822040495038e-7,-3.6329045485184724e-7,-5.638902209820287e-7
t1029,-2.982733430781852e-7,-2.114861990737238e-7,-3.6381135934039266e-7,-5.650372097886869e-7
t1030,-2.869157677241131e-7,-2.096824389620531e-7,-3.491886037896891e-7,-5.372433109197567e-7
t1031,-2.792373696576516e-7,-2.0907405840051893e-7,-3.3946435309083265e-7,-5.197718680881396e-7
t1032,-2.76961343938713e-7,-2.2449582988919787e-7,-3.301096719106967e-7,-4.86267291825661e-7
t1033,-2.809689004433292e-7,-2.2997263273863206e-7,-3.343882046854944e-7,-4.923055258298995e-7
t1034,-2.790118718511832e-7,-2.290286004193805e-7,-3.31935414217682e-7,-4.897661155097914e-7
t1035,-2.8481661987315766e-7,-2.341633754525997e-7,-3.387829896919919e-7,-4.97892859770711e-7
t1036,-2.96614962132299e-7,-2.426259044521864e-7,-3.522375998692226e-7,-5.164421613316211e-7
t1037,-3.002172927469041e-7,-2.390324854529263e-7,-3.5844957026788043e-7,-5.324170839642136e-7
t1038,-2.968751552758898e-7,-2.2772953274507555e-7,-3.5882625486263594e-7,-5.395006977010323e-7
t1039,-2.8036146024677247e-7,-1.9908354500720095e-7,-3.4665909585189826e-7,-5.385273908456928e-7
t1040,-1.8372812468194997e-7,-4.4933660419202735e-8,-2.64923113090479e-7,-4.815891547624402e-7
t1041,-1.1987381939308045e-7,-1.340362145744899e-8,-1.8164159675921098e-7,-3.4424411030937873e-7
t1042,-1.0520113497847406e-7,-9.027859295545597e-9,-1.5919807592295526e-7,-2.98908701531416e-7
t1043,-1.0197714272048798e-7,-7.864345009805714e-9,-1.5373948521617918e-7,-2.899584304286772e-7
t1044,-9.907278538058737e-8,-6.860284625440656e-9,-1.4915924935305548e-7,-2.8163973109095625e-7
t1045,-9.10538623213919e-8,-4.330408546852074e-9,-1.3816610627210844e-7,-2.6396989372289565e-7
t1046,-8.602058102676479e-8,-3.002178640518776e-9,-1.319386422085152e-7,-2.5367457274297927e-7
t1047,-8.519652532615422e-8,-3.406122829091513e-9,-1.316731709917804e-7,-2.5183045990717533e-7
t1048,-1.042713589829232e-7,-1.061700578784546e-8,-1.6036547357012815e-7,-3.160454093164918e-7
t1049,-1.407610662269447e-7,-4.018539057246734e-8,-2.0286979551288148e-7,-3.7558326369048777e-7
t1050,-2.444532306111619e-7,-1.8684366980153565e-7,-2.944745286015605e-7,-4.533847243937511e-7
t1051,-4.925636562233578e-7,-5.054934007022914e-7,-5.202097717254642e-7,-6.390506467407309e-7
t1052,-4.698664782182315e-7,-4.7521904894541654e-7,-4.997614150804872e-7,-6.206323112813275e-7
t1053,-4.426816460742525e-7,-4.386799669270506e-7,-4.7500926253460144e-7,-6.026720557010151e-7
t1054,-4.171850621326439e-7,-4.0735848904978827e-7,-4.5101788651860104e-7,-5.813591478275974e-7
t1055,-3.9983385025339884e-7,-3.867304607800725e-7,-4.352240300503728e-7,-5.665085000291329e-7
t1056,-4.066517251680248e-7,-3.9967686637093786e-7,-4.4039754508014656e-7,-5.650426272673246e-7
t1057,-4.2545873215730435e-7,-4.225252972421462e-7,-4.581906683162475e-7,-5.807247767542247e-7
t1058,-4.320052163158683e-7,-4.299097430497658e-7,-4.6488736358530775e-7,-5.893359427900294e-7
t1059,-4.343260321168722e-7,-4.287284694602519e-7,-4.6918847873058224e-7,-5.982056246869086e-7
t1060,-4.2884778680118045e-7,-4.1411983504626313e-7,-4.6693485990551344e-7,-6.069121572855625e-7
t1061,-4.0571466827933505e-7,-3.774534227784035e-7,-4.488998662720014e-7,-5.990687566946001e-7
t1062,-3.780171111068558e-7,-3.3449789301769284e-7,-4.272980735603795e-7,-5.925766524085849e-7
t1063,-3.461035101051778e-7,-2.880164558053168e-7,-4.009850692164413e-7,-5.761726896685179e-7
t1064,-2.0019275257983023e-7,-8.450086355869895e-8,-2.739402107210828e-7,-4.765612471674076e-7
t1065,-1.390797798246304e-7,-2.236702410454944e-8,-2.0923212209801886e-7,-4.009283417357076e-7
t1066,-1.0638505795759999e-7,-1.0831851487850822e-8,-1.607390824752001e-7,-3.028776116076857e-7
t1067,-1.0160047913308058e-7,-8.705302898000312e-9,-1.5416160549005848e-7,-2.9034414142220964e-7
t1068,-9.945149108171302e-8,-7.773138723727615e-9,-1.5050214515720307e-7,-2.83068171394219e-7
t1069,-9.231111496911174e-8,-5.790361572722101e-9,-1.4076448276660998e-7,-2.664090712771145e-7
t1070,-8.809733392923452e-8,-5.2432710999901e-9,-1.347472585107139e-7,-2.5746126560400465e-7
t1071,-9.454965299015137e-8,-8.754957878480107e-9,-1.446956276658008e-7,-2.799079750661289e-7
t1072,-1.2156678895608107e-7,-2.1854497349288602e-8,-1.8124057991818383e-7,-3.499729455754096e-7
t1073,-1.5808208308025103e-7,-6.576210976548734e-8,-2.1657668003634631e-7,-3.855320625347802e-7
t1074,-3.3071456651935647e-7,-2.979389148065443e-7,-3.698107609127502e-7,-5.070491623246087e-7
t1075,-7.503496339584885e-7,-8.461367609646351e-7,-7.599301516230548e-7,-8.394178766859606e-7
t1076,-7.27683729049466e-7,-8.145458769966621e-7,-7.391863063291256e-7,-8.229442598473553e-7
t1077,-6.949834084249364e-7,-7.686576511638204e-7,-7.094057519335887e-7,-7.988222511994621e-7
t1078,-6.825850176052652e-7,-7.538057748007075e-7,-6.973017179170786e-7,-7.86880580878909e-7
t1079,-6.772952254742426e-7,-7.482922068653669e-7,-6.919868249004865e-7,-7.805339197157892e-7
t1080,-6.574285232174435e-7,-7.269730385138311e-7,-6.719692903809629e-7,-7.575839133293961e-7
t1081,-6.436621638923261e-7,-7.070615831786786e-7,-6.595838865278724e-7,-7.467558149467251e-7
t1082,-6.40204626556846e-7,-7.00464347495106e-7,-6.573484940825874e-7,-7.463944954756355e-7
t1083,-6.24866950726196e-7,-6.764684010274252e-7,-6.443545990829321e-7,-7.400799411310236e-7
t1084,-5.937247596215248e-7,-6.27757978097872e-7,-6.183442770225235e-7,-7.264289160120834e-7
t1085,-5.424359510373912e-7,-5.522059892329064e-7,-5.73874871145043e-7,-7.004352045902426e-7
t1086,-4.973692608497433e-7,-4.873197538978801e-7,-5.344697592405442e-7,-6.749997718231554e-7
t1087,-4.2451933154170685e-7,-3.89241207422656e-7,-4.6894012211493007e-7,-6.293211060740292e-7
t1088,-2.0808271672064115e-7,-9.293892268715078e-8,-2.7994041876966764e-7,-4.847213965425734e-7
t1089,-1.3453601966087488e-7,-1.9087068240476475e-8,-1.9991185663435261e-7,-3.8682291549040206e-7
t1090,-1.0299723043449072e-7,-8.78204139291539e-9,-1.5423336440251466e-7,-2.930864660599955e-7
t1091,-1.0108710067396488e-7,-7.580701328345937e-9,-1.5051772086596248e-7,-2.836377634408108e-7
t1092,-9.906853667176254e-8,-6.89298083530452e-9,-1.479312358012267e-7,-2.792889184894404e-7
t1093,-9.061504669746296e-8,-4.4369285689755645e-9,-1.3676899611084446e-7,-2.6248590085351266e-7
t1094,-8.611801591553492e-8,-3.53994520449853e-9,-1.3104422481238e-7,-2.5208968969615114e-7
t1095,-9.067234775652186e-8,-6.487587270850355e-9,-1.3844244418293674e-7,-2.6562253852571085e-7
t1096,-1.199527230329617e-7,-2.0599949378827326e-8,-1.77776632399526e-7,-3.468972352742664e-7
t1097,-1.5936896740294656e-7,-6.68902162742287e-8,-2.1756836800631515e-7,-3.867054842595957e-7
t1098,-3.482242890518653e-7,-3.1964635543988427e-7,-3.849094567864862e-7,-5.188387187920495e-7
t1099,-6.589658931923968e-7,-7.229516859249265e-7,-6.746036000477866e-7,-7.622870334627653e-7
t1100,-6.154378545351582e-7,-6.65412412903579e-7,-6.339805910708364e-7,-7.278143257994518e-7
t1101,-6.185359944037101e-7,-6.661327990340745e-7,-6.3798885282807e-7,-7.343816121907291e-7
t1102,-6.041474192375232e-7,-6.478318327370558e-7,-6.24502265048347e-7,-7.204970980257815e-7
t1103,-5.677728877017764e-7,-6.015618216173126e-7,-5.900846228801356e-7,-6.895015345182593e-7
t1104,-6.00235821233741e-7,-6.48802808433536e-7,-6.191228276255174e-7,-7.101353798355439e-7
t1105,-6.880094754334464e-7,-7.628823960361966e-7,-7.015644170902449e-7,-7.833136228286969e-7
t1106,-7.315633266397859e-7,-8.197649105621482e-7,-7.425712734165138e-7,-8.199471039639908e-7
t1107,-6.659647149996968e-7,-7.293517053063698e-7,-6.827996937874207e-7,-7.703303863030437e-7
t1108,-6.013072004862004e-7,-6.374855674094729e-7,-6.251348424288149e-7,-7.29976715392864e-7
t1109,-5.706200469540113e-7,-5.840811544680525e-7,-6.013110298385989e-7,-7.260764730892518e-7
t1110,-5.680036254023959e-7,-5.738362318975629e-7,-6.009255494298264e-7,-7.338584212313129e-7
t1111,-5.390856031375041e-7,-5.31256966504481e-7,-5.764846849823663e-7,-7.195912761128181e-7
t1112,-2.434807088007997e-7,-1.4230160236038267e-7,-3.126717086509766e-7,-5.129187176337321e-7
t1113,-1.607114778857899e-7,-3.419095570361669e-8,-2.317298984760495e-7,-4.368184713871317e-7
t1114,-1.1483548763928228e-7,-1.4667975745360178e-8,-1.697427951631958e-7,-3.1625194659685505e-7
t1115,-1.0924440984673149e-7,-1.1510819647384768e-8,-1.607133988296509e-7,-3.0329857092722137e-7
t1116,-1.0500051704743963e-7,-9.725296528194467e-9,-1.5450640445673309e-7,-2.921872506528789e-7
t1117,-9.64455125635921e-8,-7.176883083632046e-9,-1.4380485921489792e-7,-2.7375117024978767e-7
t1118,-9.281414907635102e-8,-6.822952714371387e-9,-1.393640984319191e-7,-2.659673641225963e-7
t1119,-1.0018625706210119e-7,-1.1359891425910383e-8,-1.501286513560836e-7,-2.866271924566707e-7
t1120,-1.3510607892201385e-7,-3.225582680016123e-8,-1.9484192767395245e-7,-3.6686961844727537e-7
t1121,-1.8808322964992824e-7,-1.0335204652535941e-7,-2.4389284851433006e-7,-4.111508169367508e-7
t1122,-5.352957596594325e-7,-5.557860151694511e-7,-5.598358484100449e-7,-6.670476431133419e-7
t1123,-1.4223546131377508e-6,-1.728488966805667e-6,-1.3863219580134636e-6,-1.4019228698411799e-6
t1124,-1.3900248281942146e-6,-1.684960646574427e-6,-1.3576611936501487e-6,-1.3797215307113114e-6
t1125,-1.3225499035090085e-6,-1.5933626768500562e-6,-1.2959470340769367e-6,-1.327704306210131e-6
t1126,-1.2564108038752909e-6,-1.5080174856696062e-6,-1.23306254188817e-6,-1.2708375270281203e-6
t1127,-1.2495898836738828e-6,-1.5020045912951537e-6,-1.2251839444997307e-6,-1.2603235458942836e-6
t1128,-1.3189669419852616e-6,-1.598966188420323e-6,-1.2851851391473219e-6,-1.3078025437899463e-6
t1129,-1.424729781116615e-6,-1.7367204117362813e-6,-1.3818449712296529e-6,-1.3934117984272118e-6
t1130,-1.4717206537952734e-6,-1.7969719706170536e-6,-1.4248968101459925e-6,-1.4309914201177051e-6
t1131,-1.341462763894302e-6,-1.6250833159044449e-6,-1.3073663593188224e-6,-1.3295157348573401e-6
t1132,-1.1512129413867384e-6,-1.3669843395803478e-6,-1.1360182261249427e-6,-1.1833120848723543e-6
t1133,-9.980578285609928e-7,-1.1553156572431862e-6,-9.974029894573634e-7,-1.0670800816954888e-6
t1134,-9.173152131924432e-7,-1.0412756159788402e-6,-9.24678516399535e-7,-1.0075880082722906e-6
t1135,-8.322340266402002e-7,-9.229963848572865e-7,-8.474035485964893e-7,-9.430710756994659e-7
t1136,-2.7155729934224327e-7,-1.8887640031774302e-7,-3.3391478681294517e-7,-5.249001836985377e-7
t1137,-1.701251041359702e-7,-4.8115958866597726e-8,-2.406680757046582e-7,-4.4085667560337376e-7
t1138,-1.1989599100938647e-7,-1.9816923908891555e-8,-1.7539701100329324e-7,-3.296251061923002e-7
t1139,-1.094354199686146e-7,-1.3005953100854985e-8,-1.6150393581796017e-7,-3.0195932187123126e-7
t1140,-1.0430562606611516e-7,-1.0406566550152054e-8,-1.5435028783236955e-7,-2.9255363946446356e-7
t1141,-9.625542287262895e-8,-7.841539381809654e-9,-1.4373666163388875e-7,-2.7441940082251837e-7
t1142,-9.21848993277657e-8,-7.416399993306521e-9,-1.3886168929881867e-7,-2.650312969187085e-7
t1143,-9.82013035653456e-8,-1.1014643136954345e-8,-1.4791611808054012e-7,-2.8328120308850865e-7
t1144,-1.247798226378128e-7,-2.302818488853716e-8,-1.8325613024190155e-7,-3.574590119305875e-7
t1145,-1.598164089342054e-7,-6.239495154603494e-8,-2.1877926964742894e-7,-3.94428672129904e-7
t1146,-3.094003962119456e-7,-2.679346265206016e-7,-3.522050044205153e-7,-5.05752317395178e-7
t1147,-6.633364932110194e-7,-7.249473397386942e-7,-6.80778891835456e-7,-7.809152105231468e-7
t1148,-6.899483534642197e-7,-7.579223900646044e-7,-7.062058239369001e-7,-8.06017883121177e-7
t1149,-7.01019475081905e-7,-7.684445104804796e-7,-7.178370848806074e-7,-8.175181120732486e-7
t1150,-6.71974400946211e-7,-7.3116159345062e-7,-6.905734415705066e-7,-7.91537787197271e-7
t1151,-6.527050512218031e-7,-7.072186706969987e-7,-6.720830487397449e-7,-7.734989010606499e-7
t1152,-6.401980430387755e-7,-6.94790738793956e-7,-6.589359354825992e-7,-7.579875515579854e-7
t1153,-6.192625727364142e-7,-6.639696116052878e-7,-6.409743306561143e-7,-7.454209041958204e-7
t1154,-5.86003759159513e-7,-6.185337822591455e-7,-6.105792518821479e-7,-7.215298894271615e-7
t1155,-5.140328032694109e-7,-5.225737921900503e-7,-5.448882600134756e-7,-6.696918564742569e-7
t1156,-4.3142642615665276e-7,-4.1183021147291266e-7,-4.709314448274086e-7,-6.136935596974984e-7
t1157,-3.551633655807981e-7,-3.0742251690133555e-7,-4.041625082126254e-7,-5.711664475828526e-7
t1158,-3.0560710363664645e-7,-2.3430666416359238e-7,-3.6392411457768064e-7,-5.509857287158807e-7
t1159,-2.7089976601184625e-7,-1.8106173107986897e-7,-3.3582494693506883e-7,-5.338188129628621e-7
t1160,-1.7755452792774543e-7,-3.404986183730197e-8,-2.5547685014178073e-7,-4.753776162182012e-7
t1161,-1.1846751434066429e-7,-1.2528237038964284e-8,-1.7421557820997376e-7,-3.271997316626634e-7
t1162,-1.1368808761423357e-7,-1.1178322416281731e-8,-1.6725182307769027e-7,-3.125737276906952e-7
t1163,-1.180125928600037e-7,-1.2511375524983349e-8,-1.7179195613900057e-7,-3.218133489450236e-7
t1164,-1.1337065999702784e-7,-1.1246530327435467e-8,-1.6636256062700387e-7,-3.1187822092597865e-7
t1165,-1.0604419718855233e-7,-9.032395677975383e-9,-1.5813150709804212e-7,-2.9795691658501954e-7
t1166,-9.902907378743168e-8,-6.965453108370333e-9,-1.5035168350335733e-7,-2.8372902904338994e-7
t1167,-9.779767447848095e-8,-6.663895239713931e-9,-1.488015268752048e-7,-2.7941102081281915e-7
t1168,-1.0007333131139182e-7,-7.552834364270149e-9,-1.5244915776026504e-7,-2.885525267808732e-7
t1169,-1.3772044291691047e-7,-2.0372397133531706e-8,-2.0807402458744665e-7,-4.011395621034243e-7
t1170,-2.0171999202405315e-7,-9.623324044505805e-8,-2.729393498042024e-7,-4.6863455006949357e-7
t1171,-3.440743959062408e-7,-2.882710797351922e-7,-3.97704818490179e-7,-5.732280489042478e-7
t1172,-3.306308893724713e-7,-2.6988635362577904e-7,-3.864327158612905e-7,-5.666704664681414e-7
t1173,-3.039367002789862e-7,-2.339785849236637e-7,-3.647707637096163e-7,-5.473335466558417e-7
t1174,-2.8343462638828085e-7,-2.1385790481631832e-7,-3.4381037201396173e-7,-5.227445015008336e-7
t1175,-2.7731117901005314e-7,-2.1241073710237577e-7,-3.354565825532556e-7,-5.056981960515722e-7
t1176,-2.831308265753515e-7,-2.1977741058065697e-7,-3.4058238774181777e-7,-5.123851851699884e-7
t1177,-2.8957057735334937e-7,-2.2599912560954298e-7,-3.4764353704155123e-7,-5.184974038045595e-7
t1178,-2.9011657086010325e-7,-2.2443832542584322e-7,-3.496027596742683e-7,-5.238939441599722e-7
t1179,-2.8459397193949346e-7,-2.1414416768049257e-7,-3.466431577941673e-7,-5.252679903321546e-7
t1180,-2.7705473389120717e-7,-1.9965370697226517e-7,-3.4227395874153454e-7,-5.281980381546425e-7
t1181,-2.6630982849959906e-7,-1.7745241258923572e-7,-3.357778052658938e-7,-5.316352399559758e-7
t1182,-2.5580160194240185e-7,-1.5296712862265914e-7,-3.3028807492495307e-7,-5.35166037711759e-7
t1183,-2.4689894629714367e-7,-1.312620666773329e-7,-3.250731810760274e-7,-5.409353593387504e-7
t1184,-1.7492473749753899e-7,-2.858663722699791e-8,-2.583384446747935e-7,-4.819182755051432e-7
t1185,-1.2178829170077013e-7,-1.38586180986893e-8,-1.8226430779515472e-7,-3.399883660254442e-7
t1186,-1.1862770623077231e-7,-1.3132615541576173e-8,-1.7694882195221916e-7,-3.298808707392535e-7
t1187,-1.2641018564672193e-7,-1.5526168274716776e-8,-1.855519251989468e-7,-3.438704982457781e-7
t1188,-1.2353221349797327e-7,-1.4766010334038536e-8,-1.8267164541147835e-7,-3.3940044475326937e-7
t1189,-1.164954387051464e-7,-1.2646096478435897e-8,-1.7477965758492795e-7,-3.2578295243036623e-7
t1190,-1.1238643947359812e-7,-1.1324921012862703e-8,-1.6877065165544622e-7,-3.1367896175915326e-7
t1191,-1.1088189408471153e-7,-1.0812731772601485e-8,-1.6751537546313063e-7,-3.120206949450077e-7
t1192,-1.1040723802515555e-7,-1.0637740507646895e-8,-1.667188936945103e-7,-3.103465064759476e-7
t1193,-1.2459685923129485e-7,-1.327951554002043e-8,-1.9075028615117165e-7,-3.6956370437283857e-7
t1194,-1.9265371887973015e-7,-5.76905182477802e-8,-2.731800494798798e-7,-4.921316066052618e-7
t1195,-2.6239240427603263e-7,-1.616403010145014e-7,-3.360860423894335e-7,-5.443823157339234e-7
t1196,-2.777340679605906e-7,-1.8202079870738945e-7,-3.4878020171188754e-7,-5.543551992479823e-7
t1197,-2.7787017067438235e-7,-1.8289971099142478e-7,-3.4944125075034114e-7,-5.548316349132127e-7
t1198,-2.6844561163760735e-7,-1.8442745472226832e-7,-3.3616972456232323e-7,-5.282561704842982e-7
t1199,-2.6554619187533316e-7,-1.9061722616520562e-7,-3.2935192190374403e-7,-5.139249603904886e-7
t1200,-2.717013315485881e-7,-2.176704742261981e-7,-3.269550476915794e-7,-4.855868438864315e-7
t1201,-2.857923000553713e-7,-2.3570618033900275e-7,-3.392533298273583e-7,-4.951930390898403e-7
t1202,-2.924951460433375e-7,-2.461310607166154e-7,-3.441668453923672e-7,-4.980201986636716e-7
t1203,-2.934654912181969e-7,-2.4496496401579e-7,-3.457524653586907e-7,-5.027602566002353e-7
t1204,-2.9586631539393564e-7,-2.4127755000561716e-7,-3.509725117089637e-7,-5.145815893239173e-7
t1205,-2.9082300137831825e-7,-2.2676968121495027e-7,-3.4954834863291746e-7,-5.218169520384777e-7
t1206,-2.727712051507874e-7,-1.95566248602668e-7,-3.37127736654394e-7,-5.219871312520142e-7
t1207,-2.4575474259266115e-7,-1.5147245769323197e-7,-3.1700176634593095e-7,-5.140639865319572e-7
t1208,-1.8314878070280633e-7,-2.9333511070985526e-8,-2.676078681652971e-7,-5.030832568631047e-7
t1209,-1.287426411911896e-7,-1.5926700323965758e-8,-1.8847465398188174e-7,-3.519039011792462e-7
t1210,-1.1842229489024007e-7,-1.2707371961697164e-8,-1.7387386257175737e-7,-3.257794056965083e-7
t1211,-1.1423633905965231e-7,-1.1420093921618226e-8,-1.675245918212098e-7,-3.1415413263007827e-7
t1212,-1.0845791494893555e-7,-9.532777801232513e-9,-1.587639045056362e-7,-2.993658710563159e-7
t1213,-9.832466813546221e-8,-6.431734092467928e-9,-1.4649800993470589e-7,-2.771181904829521e-7
t1214,-9.236355106540164e-8,-4.652373495193059e-9,-1.3854963790639425e-7,-2.6532086327618605e-7
t1215,-9.015673553589261e-8,-4.236834464361569e-9,-1.36101987872874e-7,-2.5925167808177346e-7
t1216,-9.638399175310377e-8,-6.544741641067969e-9,-1.4837580897136425e-7,-2.9372357207127735e-7
t1217,-1.3213552219314905e-7,-2.6466993211298406e-8,-1.929363322569662e-7,-3.6881163889147496e-7
t1218,-1.899571572221519e-7,-1.086219861057882e-7,-2.4655404217117286e-7,-4.1630992919740596e-7
t1219,-3.141772104434642e-7,-2.740395732451914e-7,-3.561298916541626e-7,-5.019072173600985e-7
t1220,-3.015776146364587e-7,-2.563788388040428e-7,-3.4531843490248185e-7,-4.942437475406593e-7
t1221,-2.743516592747293e-7,-2.1890158929312552e-7,-3.2299186840301537e-7,-4.808059228828354e-7
t1222,-2.50749829082495e-7,-1.9048769790286615e-7,-3.0179781402241294e-7,-4.603990529222928e-7
t1223,-2.367785430417299e-7,-1.7361931882844778e-7,-2.9010666253138973e-7,-4.4904899560389804e-7
t1224,-2.3308169050211158e-7,-1.7673156042563555e-7,-2.8381120526774386e-7,-4.35536822948798e-7
t1225,-2.354696661264495e-7,-1.7912579873712205e-7,-2.868059886069966e-7,-4.368102026073459e-7
t1226,-2.3719549428966475e-7,-1.8009871740676723e-7,-2.894289884865739e-7,-4.422556702774202e-7
t1227,-2.3894561608255123e-7,-1.7777353642011222e-7,-2.929012294742955e-7,-4.511443530117974e-7
t1228,-2.421462830155884e-7,-1.7363740041815756e-7,-2.988232290165273e-7,-4.6802525496821655e-7
t1229,-2.454506425101136e-7,-1.694770642097848e-7,-3.0477312582214336e-7,-4.836245795363625e-7
t1230,-2.410446935321396e-7,-1.5325341385396704e-7,-3.052317147434087e-7,-4.94816945842885e-7
t1231,-2.259402999983482e-7,-1.234651710465941e-7,-2.948434175651423e-7,-4.937161871579151e-7
t1232,-1.7260761801897285e-7,-2.857267884524241e-8,-2.4982931401147074e-7,-4.684570162940366e-7
t1233,-1.1595496484204229e-7,-1.1588678471768477e-8,-1.7107822075205003e-7,-3.228052572617888e-7
t1234,-1.0598627407983896e-7,-8.810185564943848e-9,-1.5676030220790915e-7,-2.9603108653826e-7
t1235,-1.0262679583082465e-7,-7.831538024857367e-9,-1.5188734249948197e-7,-2.880307897703279e-7
t1236,-1.0009054086474461e-7,-7.050822092109084e-9,-1.4815024041274098e-7,-2.821790567931401e-7
t1237,-9.232750828326279e-8,-4.706754740361134e-9,-1.3896428668070085e-7,-2.65889767356651e-7
t1238,-8.718678410098946e-8,-3.0103841285716813e-9,-1.317908259030239e-7,-2.540929214954077e-7
t1239,-8.437940695286566e-8,-2.2321890186825677e-9,-1.2852382441125267e-7,-2.4861052325559817e-7
t1240,-8.52838804099737e-8,-2.5149980391052284e-9,-1.3084372339080415e-7,-2.539112531281567e-7
t1241,-1.188778742442948e-7,-1.3277005021711898e-8,-1.784675178139737e-7,-3.5314160409605835e-7
t1242,-1.679267125521793e-7,-7.145189798555568e-8,-2.276876112123438e-7,-4.014294431222213e-7
t1243,-2.747635622814943e-7,-2.188157888023215e-7,-3.2149384858389574e-7,-4.780151513618634e-7
t1244,-3.044416581742058e-7,-2.545692320467004e-7,-3.489864860016942e-7,-4.995579162445925e-7
t1245,-3.053675581842817e-7,-2.5510869051901316e-7,-3.510099536431823e-7,-5.025325854632775e-7
t1246,-2.9970168906306356e-7,-2.498252055924845e-7,-3.458940422564631e-7,-4.970855062332125e-7
t1247,-3.063422412470679e-7,-2.612663439084216e-7,-3.5106339243333956e-7,-4.979375288492602e-7
t1248,-3.137440536295495e-7,-2.7698052067980383e-7,-3.5556010465614316e-7,-4.923120088499119e-7
t1249,-3.1586353963193e-7,-2.8004674615639423e-7,-3.578320628103322e-7,-4.968062776852172e-7
t1250,-3.1042437223298655e-7,-2.7240850176372626e-7,-3.546120733522022e-7,-4.977191535399103e-7
t1251,-2.999432063347666e-7,-2.555418073486473e-7,-3.469636530490139e-7,-4.984274814784067e-7
t1252,-2.841347254232202e-7,-2.2765272276818644e-7,-3.37293651211957e-7,-4.991959250981697e-7
t1253,-2.687841826621929e-7,-1.980268805741184e-7,-3.2740088129190836e-7,-5.043422263377845e-7
t1254,-2.490471563916598e-7,-1.6302573530866062e-7,-3.128942406215223e-7,-4.993852475864345e-7
t1255,-2.3289319685264223e-7,-1.3228226192126865e-7,-3.016576495342774e-7,-4.976643596690364e-7
t1256,-1.6319538109923547e-7,-2.960302976854135e-8,-2.3823643162820987e-7,-4.45366877777035e-7
t1257,-1.0912266845089132e-7,-9.692339780008948e-9,-1.6441944749443507e-7,-3.129881054250101e-7
t1258,-9.931900396923949e-8,-7.005944882657687e-9,-1.510389133233783e-7,-2.8436230523353814e-7
t1259,-9.859841698609927e-8,-6.655236704497913e-9,-1.4777447566563744e-7,-2.811151140335072e-7
t1260,-9.625451035862693e-8,-5.956009120073113e-9,-1.442422765506146e-7,-2.7554499893762107e-7
t1261,-8.806291848464502e-8,-3.430555028164757e-9,-1.343419170414786e-7,-2.562053901312849e-7
t1262,-8.240060072059407e-8,-1.7507755057718364e-9,-1.2687305975281528e-7,-2.442549693718723e-7
t1263,-8.202162907798766e-8,-1.8451166172190047e-9,-1.2627037515129206e-7,-2.4333096582663073e-7
t1264,-9.025019138840026e-8,-4.575180398459931e-9,-1.4005219754232218e-7,-2.7505004923467226e-7
t1265,-1.2426148409619858e-7,-2.0900764034843124e-8,-1.841261887746873e-7,-3.5536386333189383e-7
t1266,-1.7447583614319356e-7,-9.087984908816792e-8,-2.3206511387664344e-7,-3.9672412914263004e-7
t1267,-2.7796522878233254e-7,-2.304221217396015e-7,-3.2198668062910843e-7,-4.701059626146525e-7
t1268,-2.7886573302514554e-7,-2.3036413202062145e-7,-3.2334411779026203e-7,-4.7238575612168303e-7
t1269,-2.695880005456359e-7,-2.1719028792053702e-7,-3.1647178755518044e-7,-4.7015640425196853e-7
t1270,-2.5911613649376903e-7,-2.0543065181746105e-7,-3.0682640586165277e-7,-4.5860984238277526e-7
t1271,-2.570915763282982e-7,-2.0310461700093812e-7,-3.063955400615061e-7,-4.5712709864723055e-7
t1272,-2.651974266096332e-7,-2.1720149736605343e-7,-3.121831997066256e-7,-4.571741443315375e-7
t1273,-2.765515158067918e-7,-2.303485838938269e-7,-3.234618205177272e-7,-4.686406057013173e-7
t1274,-2.848337422406128e-7,-2.406649017648566e-7,-3.305653813347675e-7,-4.742524941695512e-7
t1275,-2.8463259751437095e-7,-2.3690914897760403e-7,-3.32741406511534e-7,-4.820865710011066e-7
t1276,-2.8054958729239174e-7,-2.250155652311638e-7,-3.327905992839629e-7,-4.915289421369631e-7
t1277,-2.8133684417874125e-7,-2.1192496507700905e-7,-3.397742927262785e-7,-5.141653281246592e-7
t1278,-2.7557762516189335e-7,-1.9762279953264095e-7,-3.3712245612110025e-7,-5.199064943875329e-7
t1279,-2.590270203252237e-7,-1.6860510833598466e-7,-3.2495809930124087e-7,-5.192883815944008e-7
t1280,-1.7793044145512188e-7,-4.3635376947022785e-8,-2.5306497180169365e-7,-4.617990663834931e-7
t1281,-1.1879565100086874e-7,-1.2146220635955921e-8,-1.776250883102191e-7,-3.416459327878267e-7
t1282,-1.0294657488527383e-7,-8.13160272350937e-9,-1.546088236880456e-7,-2.924938390681725e-7
t1283,-1.0157242353423307e-7,-7.514428014656606e-9,-1.5100271253877628e-7,-2.860747794171596e-7
t1284,-9.83482094431352e-8,-6.514829935640947e-9,-1.4666309298269624e-7,-2.78059474166e-7
t1285,-9.007229929845525e-8,-4.1238556997583794e-9,-1.3670242898669393e-7,-2.6085276550428433e-7
t1286,-8.563207418358531e-8,-2.853929255337341e-9,-1.310199628221767e-7,-2.5052249866912903e-7
t1287,-8.409549145485024e-8,-2.744484255192771e-9,-1.2872523860636577e-7,-2.481651089616249e-7
t1288,-9.48130825492373e-8,-6.542989216815301e-9,-1.4528251958137e-7,-2.8668910596563626e-7
t1289,-1.2960486079193295e-7,-2.5694455601222717e-8,-1.899401868218046e-7,-3.629146656519367e-7
t1290,-1.8438514854180523e-7,-1.0407606970724616e-7,-2.408709524942697e-7,-4.060910966065235e-7
t1291,-2.999586874904241e-7,-2.581424873019654e-7,-3.4210298474791246e-7,-4.876889687966861e-7
t1292,-2.903514856804135e-7,-2.43833859810406e-7,-3.3437880408210905e-7,-4.81466252322992e-7
t1293,-2.7931655639585623e-7,-2.2781234331714317e-7,-3.2519359230344693e-7,-4.7470628399924144e-7
t1294,-2.747048274875364e-7,-2.2277519842745193e-7,-3.2167896211015155e-7,-4.7190319159565037e-7
t1295,-2.715687297508336e-7,-2.2097349594981804e-7,-3.188079888032826e-7,-4.6859779271938904e-7
t1296,-2.674991232486864e-7,-2.2417627562432202e-7,-3.1215726139157484e-7,-4.519754929205219e-7
t1297,-2.7178599589798823e-7,-2.305835851842216e-7,-3.1577195726122277e-7,-4.557867434659138e-7
t1298,-2.7331796601757556e-7,-2.3277968134742446e-7,-3.176849217276878e-7,-4.5723832398274307e-7
t1299,-2.6608521710294006e-7,-2.207159346915994e-7,-3.1312429265085e-7,-4.5996424658954435e-7
t1300,-2.6078411493847013e-7,-2.0569851734198517e-7,-3.1238993299059913e-7,-4.686794582205198e-7
t1301,-2.5301913316180834e-7,-1.8652503605728419e-7,-3.094052425292041e-7,-4.772892658167392e-7
t1302,-2.3933683004527874e-7,-1.6022527152771171e-7,-3.005725798292685e-7,-4.784010780767407e-7
t1303,-2.227098192831225e-7,-1.2945529622324065e-7,-2.883873257534354e-7,-4.75478443159304e-7
t1304,-1.6242996075581744e-7,-3.235869594042533e-8,-2.3521437251079155e-7,-4.385500211937241e-7
t1305,-1.0718244219921122e-7,-9.069331196934235e-9,-1.6205615302873745e-7,-3.1001077186007974e-7
t1306,-9.752269049264697e-8,-6.4398886011251775e-9,-1.481595086737283e-7,-2.800897045557895e-7
t1307,-9.727049762263796e-8,-6.2090078835507356e-9,-1.4583141424312106e-7,-2.770119008340246e-7
t1308,-9.385473278600444e-8,-5.202149326313453e-9,-1.409836764072433e-7,-2.694954620527378e-7
t1309,-8.611727660388119e-8,-2.8013633456955864e-9,-1.3163252440225014e-7,-2.532308150252991e-7
t1310,-8.169348215059819e-8,-1.593648853204099e-9,-1.2636488057372053e-7,-2.4356161986647594e-7
t1311,-8.128476783722153e-8,-1.8076641196377998e-9,-1.2612657663021046e-7,-2.4336403467841854e-7
t1312,-9.26290415890267e-8,-5.759019590507568e-9,-1.4217061050981446e-7,-2.7846580679854323e-7
t1313,-1.2962808308278493e-7,-2.329524230892823e-8,-1.906080540203401e-7,-3.6607527613513513e-7
t1314,-1.9091455638713804e-7,-1.0870996790078165e-7,-2.484629074540523e-7,-4.189737955249344e-7
t1315,-3.6551024934821503e-7,-3.3815999360564574e-7,-4.032607932838655e-7,-5.444220728390925e-7
t1316,-3.900974085885658e-7,-3.686836647908918e-7,-4.261403145505776e-7,-5.623359803587534e-7
t1317,-3.897892051197768e-7,-3.649690431522834e-7,-4.273018520755449e-7,-5.672520429139148e-7
t1318,-3.773117297168561e-7,-3.500003447639676e-7,-4.1561107024002967e-7,-5.553010435255212e-7
t1319,-3.63175360930866e-7,-3.337925002556567e-7,-4.0335064538475824e-7,-5.431303216490812e-7
t1320,-3.660557114119405e-7,-3.412006803165307e-7,-4.051681335486906e-7,-5.400372622155409e-7
t1321,-3.7270093503716256e-7,-3.4607395308803284e-7,-4.1236265339137513e-7,-5.501032766544228e-7
t1322,-3.727526629720973e-7,-3.4359755117619576e-7,-4.138998262797626e-7,-5.558972960576497e-7
t1323,-3.727342308411694e-7,-3.403709540728855e-7,-4.156332519390122e-7,-5.591186847770432e-7
t1324,-3.693325434309251e-7,-3.3071174290461223e-7,-4.1526689866578945e-7,-5.672812928886586e-7
t1325,-3.609151547436565e-7,-3.122962801869594e-7,-4.110953185207345e-7,-5.749222235976932e-7
t1326,-3.4274190390265504e-7,-2.8032624983542973e-7,-3.98606210118753e-7,-5.771974827522326e-7
t1327,-3.018955021863948e-7,-2.208074958892221e-7,-3.660652399222534e-7,-5.563182237397967e-7
t1328,-1.8861078202673675e-7,-4.538964115922989e-8,-2.6898881684834073e-7,-4.891322401932781e-7
t1329,-1.256586350366889e-7,-1.4849648090753134e-8,-1.8627851837990335e-7,-3.5458126997931153e-7
t1330,-1.1586554848817916e-7,-1.222161015304794e-8,-1.7215010330616667e-7,-3.203700425204969e-7
t1331,-1.1944363682936926e-7,-1.2922395511360123e-8,-1.7361961479296262e-7,-3.2163105919866266e-7
t1332,-1.1450614197729101e-7,-1.1506808138781887e-8,-1.6784465355868146e-7,-3.14377137952252e-7
t1333,-1.064789083447658e-7,-9.152178000685854e-9,-1.584449898368434e-7,-2.973897791702578e-7
t1334,-9.975781000774114e-8,-7.108821862410097e-9,-1.505072812632692e-7,-2.830823018007637e-7
t1335,-9.842524941892426e-8,-6.836592752833295e-9,-1.488451287293668e-7,-2.811539672979028e-7
t1336,-1.0100980147732077e-7,-7.713027945114168e-9,-1.5305786565070917e-7,-2.918100543730205e-7
t1337,-1.3710022497250727e-7,-1.9864632451618722e-8,-2.0583303957322565e-7,-3.9753447475139e-7
t1338,-1.9584548178735655e-7,-8.771452322608119e-8,-2.6589701204759153e-7,-4.6048385944763936e-7
t1339,-3.319962212347924e-7,-2.7354698039075955e-7,-3.858415009171783e-7,-5.610680992702677e-7
t1340,-3.499380990240731e-7,-2.9606423844206484e-7,-4.0233675664474816e-7,-5.734773726048765e-7
t1341,-3.4303049392278767e-7,-2.862848134120017e-7,-3.958913311451084e-7,-5.714175682952725e-7
t1342,-3.237752476890029e-7,-2.678140142769034e-7,-3.769100495100605e-7,-5.446855393077523e-7
t1343,-3.106826934605065e-7,-2.5677093307565956e-7,-3.631229720628249e-7,-5.262463754728226e-7
t1344,-3.0104572208209036e-7,-2.445425591105569e-7,-3.546594949723394e-7,-5.196262690035422e-7
t1345,-2.8863609908526266e-7,-2.2630171558964045e-7,-3.4515927836636195e-7,-5.157886066007063e-7
t1346,-2.729060974181582e-7,-2.041092590157598e-7,-3.3328806956258724e-7,-5.105115001655574e-7
t1347,-2.590611868350569e-7,-1.8172187604249558e-7,-3.227316613378147e-7,-5.055972593682696e-7
t1348,-2.4738342038474243e-7,-1.6059270771507706e-7,-3.147586056070384e-7,-5.051770848900177e-7
t1349,-2.3788016342114033e-7,-1.378526839058299e-7,-3.099085594427685e-7,-5.123224155255097e-7
t1350,-2.2968743874033897e-7,-1.1562647834081647e-7,-3.0671994893024086e-7,-5.170687981504668e-7
t1351,-2.207816095518098e-7,-9.117302588220464e-8,-3.0037285278187383e-7,-5.216723187676544e-7
t1352,-1.6327465800725387e-7,-2.183714147451406e-8,-2.4368400245018285e-7,-4.665793736389719e-7
t1353,-1.1886797428443177e-7,-1.305258525126811e-8,-1.7694848010536335e-7,-3.318695062131715e-7
t1354,-1.1760771294227095e-7,-1.2803200380605879e-8,-1.7563115273887138e-7,-3.246126309593257e-7
t1355,-1.2569506720633373e-7,-1.5414101522034913e-8,-1.8467421828606706e-7,-3.426919246153847e-7
t1356,-1.2354806293804389e-7,-1.4694133594654427e-8,-1.819632628878474e-7,-3.3852822448448555e-7
t1357,-1.1647985760323039e-7,-1.2577778184701411e-8,-1.7408925731192912e-7,-3.2494922568182854e-7
t1358,-1.1227738088609673e-7,-1.1280680972743296e-8,-1.6901058263748536e-7,-3.157136289657655e-7
t1359,-1.1062529412228421e-7,-1.066259306598318e-8,-1.6653167043225793e-7,-3.1059048794107907e-7
t1360,-1.0927004168361785e-7,-1.0253557589370651e-8,-1.6520102822298616e-7,-3.07765154160543e-7
t1361,-1.1772512802285268e-7,-1.1646869602635435e-8,-1.7884151235659898e-7,-3.420130937938376e-7
t1362,-1.821564091347308e-7,-4.259596085136965e-8,-2.630306915826727e-7,-4.773015173960871e-7
t1363,-2.446733343307689e-7,-1.35354580476846e-7,-3.194198352566301e-7,-5.309550137043999e-7
t1364,-2.577731014903472e-7,-1.532968098882042e-7,-3.3158185799376136e-7,-5.396116128956599e-7
t1365,-2.6433296480808403e-7,-1.6339970751792443e-7,-3.3782495280463493e-7,-5.444611136343367e-7
t1366,-2.607130505660674e-7,-1.7346216934041704e-7,-3.295624420433622e-7,-5.219601991230684e-7
t1367,-2.537337558124339e-7,-1.7360952346047773e-7,-3.199063990387923e-7,-5.045630183943796e-7
t1368,-2.426096404177978e-7,-1.785196272352095e-7,-3.0162037844933665e-7,-4.642259656416061e-7
t1369,-2.393807133992022e-7,-1.7478654767615415e-7,-2.983090979989932e-7,-4.6251728007875354e-7
t1370,-2.432433964371387e-7,-1.8158891514173517e-7,-3.0118461303821506e-7,-4.6322740077491925e-7
t1371,-2.4452502762097853e-7,-1.8097675627703063e-7,-3.041914957258596e-7,-4.684220669827108e-7
t1372,-2.4796332327674095e-7,-1.777563386607736e-7,-3.0919228970806726e-7,-4.811757972842408e-7
t1373,-2.531878397351782e-7,-1.7669255058453303e-7,-3.1808673364400044e-7,-4.959573193694371e-7
t1374,-2.5329004625034103e-7,-1.6882216669714215e-7,-3.204533415573349e-7,-5.085132656743602e-7
t1375,-2.439514850327875e-7,-1.4830104123022238e-7,-3.156032894622723e-7,-5.12545095103677e-7
t1376,-1.7997350685825272e-7,-4.799224139791297e-8,-2.5994735701136955e-7,-4.680497667812237e-7
t1377,-1.1889617587996474e-7,-1.2901262139491161e-8,-1.805518734366066e-7,-3.46420336387729e-7
t1378,-1.0381074252696805e-7,-8.704049480799784e-9,-1.588077583977822e-7,-2.9711088258416947e-7
t1379,-1.0105287853278581e-7,-7.709344141929066e-9,-1.5329107030007588e-7,-2.905924972268505e-7
t1380,-9.831663745858689e-8,-6.800513297500628e-9,-1.4887980266137266e-7,-2.825574985244541e-7
t1381,-9.01138866099672e-8,-4.37318406616219e-9,-1.3855848308764416e-7,-2.6393057179396227e-7
t1382,-8.79844313236777e-8,-4.052956480339974e-9,-1.3568618376738778e-7,-2.5993215643452484e-7
t1383,-9.790491147685228e-8,-7.346632443336487e-9,-1.5258659290475373e-7,-2.994631805959984e-7
t1384,-1.1929825168816363e-7,-1.8930282379696414e-8,-1.8075954149844645e-7,-3.5311224120100403e-7
t1385,-1.4227954782976867e-7,-4.647381592808731e-8,-2.0364993948981876e-7,-3.748262959310417e-7
t1386,-1.9993617119789848e-7,-1.3208164115777217e-7,-2.537245127471463e-7,-4.1555490306401397e-7
t1387,-3.0227877568598237e-7,-2.6523831223034556e-7,-3.432459796153625e-7,-4.828374068939179e-7
t1388,-3.0573154182561625e-7,-2.666337877408608e-7,-3.474949138155533e-7,-4.871706975303936e-7
t1389,-2.9521798625071055e-7,-2.5118199964938337e-7,-3.395123425403866e-7,-4.827671494966432e-7
t1390,-2.853898018444469e-7,-2.4039198320064595e-7,-3.311106242324309e-7,-4.7681187833140056e-7
t1391,-2.8898562142712996e-7,-2.465697258057224e-7,-3.3433593320461153e-7,-4.779775571902343e-7
t1392,-3.0050039084844835e-7,-2.675440405240274e-7,-3.4264170814077974e-7,-4.787559233063104e-7
t1393,-3.184656429939927e-7,-2.900539639743471e-7,-3.592661567965264e-7,-4.945444128080015e-7
t1394,-3.304835783613855e-7,-3.044278646258373e-7,-3.7119146105749166e-7,-5.076617875101592e-7
t1395,-3.31652698539376e-7,-3.028481487164589e-7,-3.727354801811601e-7,-5.115898280105614e-7
t1396,-3.2677019623382083e-7,-2.895123033214837e-7,-3.718744153016961e-7,-5.210442008603353e-7
t1397,-3.2196316325664145e-7,-2.757492288357302e-7,-3.7102045444699305e-7,-5.2923780322269e-7
t1398,-3.1573998266678903e-7,-2.604933555623079e-7,-3.684350138648904e-7,-5.380881795378874e-7
t1399,-3.0025532846472765e-7,-2.3452224641984938e-7,-3.565026280756138e-7,-5.332309492246689e-7
t1400,-1.8848127107309845e-7,-6.723830466994356e-8,-2.61302144632563e-7,-4.626848676338163e-7
t1401,-1.2432339227948613e-7,-1.4633593122571618e-8,-1.8820453267352416e-7,-3.638767536517825e-7
t1402,-1.0086796915948772e-7,-7.936461208903101e-9,-1.5344856660262096e-7,-2.904063758502742e-7
t1403,-9.807097902237751e-8,-6.7196838769288674e-9,-1.4833625071865316e-7,-2.804253211693391e-7
t1404,-9.584889557375284e-8,-6.034107717010186e-9,-1.4517162695419788e-7,-2.764633391970462e-7
t1405,-8.900405331070192e-8,-3.973697757661654e-9,-1.3683554246477127e-7,-2.617093530564352e-7
t1406,-8.439756017289221e-8,-2.818890816799271e-9,-1.3039393545514931e-7,-2.504311216124547e-7
t1407,-8.633388154188435e-8,-4.193364021878299e-9,-1.3360807958898307e-7,-2.576771959467259e-7
t1408,-1.0805821193272677e-7,-1.2719747613338568e-8,-1.6587138046529438e-7,-3.283290899916676e-7
t1409,-1.4257762686395975e-7,-4.3932376206135434e-8,-2.029348136162795e-7,-3.7938362683119827e-7
t1410,-2.3077477582558248e-7,-1.7138446592431265e-7,-2.8161475372499983e-7,-4.4419629620257574e-7
t1411,-5.101997712437565e-7,-5.30015340279538e-7,-5.358406997215256e-7,-6.507522607230208e-7
t1412,-5.354657702057232e-7,-5.599814467058699e-7,-5.605304525002519e-7,-6.732902467094208e-7
t1413,-5.48797941374956e-7,-5.753467827847126e-7,-5.735778988408443e-7,-6.843640183534179e-7
t1414,-5.335799928022744e-7,-5.565350940252559e-7,-5.58972057736799e-7,-6.69617414158228e-7
t1415,-5.173700444669176e-7,-5.362255837360905e-7,-5.439913651395141e-7,-6.541652382730912e-7
t1416,-5.478117536108019e-7,-5.827289746769389e-7,-5.702308021830161e-7,-6.686215139307462e-7
t1417,-3.6690934711185357e-7,-3.503353780322714e-7,-4.0304257943281586e-7,-5.30622813445953e-7
t1418,-3.5335585741126334e-7,-3.3193862505666924e-7,-3.921330844465815e-7,-5.244265907384862e-7
t1419,-3.550955252352944e-7,-3.310891413744297e-7,-3.950653701674692e-7,-5.30291446544229e-7
t1420,-3.4535338354743707e-7,-3.1131461769545976e-7,-3.891190500000874e-7,-5.354905666017198e-7
t1421,-3.1086469399406357e-7,-2.692772765085382e-7,-3.550241467224639e-7,-5.017111689462277e-7
t1422,-2.825129155222081e-7,-2.2657759406711642e-7,-3.3280926259411584e-7,-4.939718821670363e-7
t1423,-2.600107198559461e-7,-1.9116938037963605e-7,-3.1509957672405134e-7,-4.857687840531919e-7
t1424,-1.6883421615067533e-7,-5.522235657879301e-8,-2.3592578864004455e-7,-4.264150753189572e-7
t1425,-1.1587489361596816e-7,-1.3107640020713024e-8,-1.7394864102920637e-7,-3.405284563897301e-7
t1426,-9.52680713154939e-8,-6.494084174302507e-9,-1.4347726214562125e-7,-2.751666125367026e-7
t1427,-9.137225694305446e-8,-4.879742558683342e-9,-1.3812183832153253e-7,-2.648034980895098e-7
t1428,-8.938041587223514e-8,-4.132354505728762e-9,-1.3460798331369357e-7,-2.5901894856681687e-7
t1429,-8.1421291159898e-8,-2.0876557869996896e-9,-1.250876633925935e-7,-2.4195704884901004e-7
t1430,-7.80153092306732e-8,-1.6166508394664714e-9,-1.204148466041888e-7,-2.3420131334792174e-7
t1431,-8.106097022287198e-8,-3.5755943249507155e-9,-1.2522989552559377e-7,-2.455959658260526e-7
t1432,-1.0070958967263639e-7,-1.2184533439287161e-8,-1.5350567628919448e-7,-3.097128671112096e-7
t1433,-1.2879785750159742e-7,-4.266933396555404e-8,-1.831920484008673e-7,-3.420982966258396e-7
t1434,-2.2250376075606489e-7,-1.7559347955660617e-7,-2.6541843725290747e-7,-4.1055968430048384e-7
t1435,-4.95046892628848e-7,-5.271420266595111e-7,-5.149213598239016e-7,-6.159782978263994e-7
t1436,-5.349431533963611e-7,-5.776340907716421e-7,-5.529387934428925e-7,-6.48757520880228e-7
t1437,-5.333836872517393e-7,-5.718300791818743e-7,-5.525817700638442e-7,-6.525077483159974e-7
t1438,-5.558586639730664e-7,-6.006833775358955e-7,-5.741602097883356e-7,-6.707058055741765e-7
t1439,-5.740852341774716e-7,-6.243385455609133e-7,-5.913672027487953e-7,-6.857678710953513e-7
t1440,-5.754151091560264e-7,-6.314283124370801e-7,-5.908683459236466e-7,-6.772197504560742e-7
t1441,-5.472849428277922e-7,-5.929310105831119e-7,-5.652057459345233e-7,-6.547188433835438e-7
t1442,-5.092938327603422e-7,-5.429960993771038e-7,-5.30113186873572e-7,-6.236558405772623e-7
t1443,-4.769182407650405e-7,-4.961561672139414e-7,-5.016377122894821e-7,-6.033879799252793e-7
t1444,-4.3051900876807886e-7,-4.298123963344952e-7,-4.6072224235241546e-7,-5.748909842314972e-7
t1445,-3.833665521349059e-7,-3.580831857319372e-7,-4.2188591188767043e-7,-5.599009911461785e-7
t1446,-3.481697738208517e-7,-3.0739424172106764e-7,-3.92144042819435e-7,-5.436943498732388e-7
t1447,-3.105746190789277e-7,-2.543890032920246e-7,-3.606231187441989e-7,-5.248730444525181e-7
t1448,-1.8425731954117303e-7,-7.026370209391171e-8,-2.5246569277200433e-7,-4.47376340435879e-7
t1449,-1.251906581893695e-7,-1.5373492704353185e-8,-1.8688989112045013e-7,-3.6321119977074184e-7
t1450,-9.865866526114345e-8,-7.174907857939317e-9,-1.480667697124933e-7,-2.8091611526762217e-7
t1451,-9.532353340836957e-8,-5.639080570661722e-9,-1.4241125073397144e-7,-2.7238628409685873e-7
t1452,-9.232627780604591e-8,-4.642452405082296e-9,-1.3787971485365077e-7,-2.6408945915281996e-7
t1453,-8.451572283042759e-8,-2.458745855070665e-9,-1.2808702209684093e-7,-2.4742061690055864e-7
t1454,-8.074014028072301e-8,-1.8449369282310424e-9,-1.2348969330583837e-7,-2.399627861623505e-7
t1455,-8.315322747273688e-8,-3.6591233882966714e-9,-1.2770985245254807e-7,-2.49115450547901e-7
t1456,-1.0382663415035685e-7,-1.2258627236208173e-8,-1.5694778830899263e-7,-3.147550110150579e-7
t1457,-1.2879251204534703e-7,-3.6372904069655615e-8,-1.843175037294881e-7,-3.49382256953572e-7
t1458,-2.0212117182339662e-7,-1.4332793570685643e-7,-2.5023349057763755e-7,-4.050767241851451e-7
t1459,-4.503194664832616e-7,-4.639174904205015e-7,-4.7503111308942577e-7,-5.89472941994792e-7
t1460,-4.817843730663344e-7,-5.033883955218195e-7,-5.045829204095511e-7,-6.152473006222706e-7
t1461,-4.5606809453984793e-7,-4.675788519422327e-7,-4.817038156108766e-7,-5.96259075985386e-7
t1462,-4.0869182646554704e-7,-4.0602246876488794e-7,-4.383696580530938e-7,-5.579668833683014e-7
t1463,-3.9229307083775793e-7,-3.8477615825800843e-7,-4.2336889050266075e-7,-5.435512989057661e-7
t1464,-3.7896017284166783e-7,-3.703276490659791e-7,-4.1042857872720074e-7,-5.279274475579755e-7
t1465,-3.79666423353324e-7,-3.7157872271022153e-7,-4.1123841296148095e-7,-5.286179396651421e-7
t1466,-4.0335881447902013e-7,-4.022051394317713e-7,-4.331698510555361e-7,-5.467242549849045e-7
t1467,-4.3382689731762685e-7,-4.388141956439485e-7,-4.6253170406213255e-7,-5.746837086719801e-7
t1468,-4.5692126452725013e-7,-4.6088713188379806e-7,-4.868967943160187e-7,-6.052927230780532e-7
t1469,-4.695732915965715e-7,-4.70101122042585e-7,-5.009799139166885e-7,-6.250020841881605e-7
t1470,-4.5723530941338296e-7,-4.485159259420153e-7,-4.917608013228776e-7,-6.246337264769461e-7
t1471,-4.279523301148418e-7,-4.063585056159498e-7,-4.6717028887552354e-7,-6.126527453062134e-7
t1472,-2.7789434994204237e-7,-2.1103407213105691e-7,-3.332361814723442e-7,-5.098583589907505e-7
t1473,-1.846058350462376e-7,-7.546820185736045e-8,-2.525312620529443e-7,-4.4369964547751357e-7
t1474,-1.3574508109455453e-7,-2.3761312214043e-8,-2.0048036717746284e-7,-3.817769717401118e-7
t1475,-1.0362772116714806e-7,-9.889375972640701e-9,-1.544729387253315e-7,-2.9350036193428154e-7
t1476,-9.768969925528233e-8,-7.062694740991019e-9,-1.4586701376605833e-7,-2.7975380234310623e-7
t1477,-8.890428655009421e-8,-4.894178901256063e-9,-1.356082298282061e-7,-2.621385627386974e-7
t1478,-8.668662699927683e-8,-5.460461818770111e-9,-1.327504568335624e-7,-2.573356068489697e-7
t1479,-9.994347469096495e-8,-1.1721425238773442e-8,-1.5245544199152905e-7,-3.051431338792856e-7
t1480,-1.2644448537212423e-7,-3.685833110754939e-8,-1.8117531838462863e-7,-3.493186563137789e-7
t1481,-1.7233476715529988e-7,-1.0320280289135746e-7,-2.2318866192270419e-7,-3.8229746595153526e-7
t1482,-2.7661268037706357e-7,-2.4160850848166046e-7,-3.154535445549633e-7,-4.5541110883213827e-7
t1483,-5.005763797189485e-7,-5.302965122559606e-7,-5.218008148787126e-7,-6.27524363512451e-7
t1484,-5.060888090331472e-7,-5.351727503796261e-7,-5.279335119579893e-7,-6.339638666359649e-7
t1485,-4.77162419487817e-7,-4.943818640126586e-7,-5.015860723812643e-7,-6.140757373357685e-7
t1486,-4.704592010474772e-7,-4.838950976096625e-7,-4.960315150227575e-7,-6.087850256040939e-7
t1487,-4.5949655153427285e-7,-4.703097645803876e-7,-4.862070209661677e-7,-5.98284373043201e-7
t1488,-4.5756646018354067e-7,-4.693492527818866e-7,-4.843066115572675e-7,-5.97598929839795e-7
t1489,-4.5236785063479143e-7,-4.6027138852668406e-7,-4.803705263332365e-7,-5.9598952516791e-7
t1490,-4.350940570182177e-7,-4.3604953913926716e-7,-4.6551250558396667e-7,-5.853227454066097e-7
t1491,-4.018863274048351e-7,-3.9110106968520557e-7,-4.364023061656558e-7,-5.648535715041535e-7
t1492,-3.7035144768128187e-7,-3.475463151689932e-7,-4.089168214990605e-7,-5.454134131827608e-7
t1493,-3.421584757189994e-7,-3.053481577460392e-7,-3.8620104596383486e-7,-5.353890973026807e-7
t1494,-3.161590478802069e-7,-2.6544979881098804e-7,-3.655797709979341e-7,-5.260173883957453e-7
t1495,-2.868855583374858e-7,-2.228378586314008e-7,-3.416458870412403e-7,-5.140526658864504e-7
t1496,-1.7807893547414437e-7,-6.582715209324342e-8,-2.4732755113646864e-7,-4.4190339420481154e-7
t1497,-1.2001926951406735e-7,-1.3245210107017451e-8,-1.8318003724243738e-7,-3.593757318971843e-7
t1498,-9.80779795954071e-8,-6.963598107185322e-9,-1.489990061737809e-7,-2.824250900102459e-7
t1499,-9.875065842242825e-8,-6.912375731599464e-9,-1.491547685552097e-7,-2.838471223894801e-7
t1500,-9.607517377847558e-8,-6.0530143383958506e-9,-1.4594735601501654e-7,-2.7746363697315277e-7
t1501,-9.086259130589333e-8,-4.588022445968641e-9,-1.4018583996888833e-7,-2.665635907756203e-7
t1502,-8.800861174091519e-8,-3.94463931277713e-9,-1.3667254801074307e-7,-2.606632672641396e-7
t1503,-9.219483911475961e-8,-5.795594552066406e-9,-1.437949509781063e-7,-2.7568896726618404e-7
t1504,-1.1728804900688208e-7,-1.5030889412717646e-8,-1.8015010077252632e-7,-3.5711728775028544e-7
t1505,-1.5372227699714519e-7,-4.6498576273746095e-8,-2.2096663595939305e-7,-4.1296022199817943e-7
t1506,-2.4590410036132154e-7,-1.7616474002290605e-7,-3.05468211334654e-7,-4.867100917357077e-7
t1507,-5.461902336304138e-7,-5.589866348721154e-7,-5.781761637651171e-7,-7.107314928649838e-7
t1508,-6.011843151278195e-7,-6.288859419804153e-7,-6.299833470321576e-7,-7.562436687557706e-7
t1509,-6.029893180910214e-7,-6.313648036073899e-7,-6.312086088830317e-7,-7.555864372713215e-7
t1510,-6.220297613884553e-7,-6.60537522232831e-7,-6.474052468283416e-7,-7.650069949769617e-7
t1511,-6.463355171163323e-7,-6.951094731736505e-7,-6.691499481328738e-7,-7.785231452391188e-7
t1512,-6.58864318258144e-7,-7.094331335191548e-7,-6.812874587472001e-7,-7.921098964869591e-7
t1513,-6.758328206964285e-7,-7.296958919582193e-7,-6.980405148566825e-7,-8.076619318518163e-7
t1514,-6.813860373295295e-7,-7.330882810038673e-7,-7.044080724109382e-7,-8.176749439195833e-7
t1515,-6.903911264244931e-7,-7.415821293910497e-7,-7.141090339246125e-7,-8.281474357298274e-7
t1516,-6.85240312602621e-7,-7.290600374591679e-7,-7.115140972233898e-7,-8.315075936764586e-7
t1517,-6.428880758574195e-7,-6.665352148456089e-7,-6.744057892334166e-7,-8.080534059285585e-7
t1518,-5.999521894229524e-7,-6.030300368407596e-7,-6.368188798812472e-7,-7.858284680962206e-7
t1519,-5.208085469636805e-7,-4.954553261395148e-7,-5.661649215460807e-7,-7.3154508692734e-7
t1520,-2.3038834307248573e-7,-1.109202181488627e-7,-3.067545209950473e-7,-5.214135695139176e-7
t1521,-1.4747765045153886e-7,-2.471002007282366e-8,-2.1892692970823656e-7,-4.1574201225678787e-7
t1522,-1.194432307274094e-7,-1.4756715229288271e-8,-1.774794598606442e-7,-3.2917279559045577e-7
t1523,-1.2243400587226896e-7,-1.481351448695072e-8,-1.796100014499747e-7,-3.307246542982213e-7
t1524,-1.1827641578884852e-7,-1.3346687903823563e-8,-1.743306391826718e-7,-3.2238108916015666e-7
t1525,-1.1165736710537108e-7,-1.1389178192645624e-8,-1.6655824032851447e-7,-3.106857465851876e-7
t1526,-1.0634265049405391e-7,-1.0260888976794796e-8,-1.6027858310834226e-7,-2.988321041950319e-7
t1527,-1.0520700223921897e-7,-1.075346051402126e-8,-1.5917040449740048e-7,-2.968829801655747e-7
t1528,-1.2155663877948286e-7,-1.741620072989371e-8,-1.8178033156942487e-7,-3.4460466482492526e-7
t1529,-1.71451617389784e-7,-4.973641724855943e-8,-2.45213537614636e-7,-4.480650484189729e-7
t1530,-2.9982628080873e-7,-2.3137091619568825e-7,-3.6012947262912517e-7,-5.511713746818439e-7
t1531,-8.33859879147989e-7,-9.233344298693724e-7,-8.521163407420543e-7,-9.645873323447592e-7
t1532,-8.911046001469247e-7,-9.982597453941782e-7,-9.05593341296638e-7,-1.0125883804118054e-6
t1533,-8.885572434755366e-7,-9.939003023968798e-7,-9.030825888612351e-7,-1.010137968079562e-6
t1534,-8.285509505865926e-7,-9.240197896786377e-7,-8.4372503000554e-7,-9.48166336952073e-7
t1535,-7.750671727168065e-7,-8.582008871788393e-7,-7.920376137100696e-7,-8.976959488367128e-7
t1536,-7.540413524259023e-7,-8.54022498714276e-7,-7.634242946190387e-7,-8.485904664542145e-7
t1537,-7.61020053915619e-7,-8.66492322088e-7,-7.687171866188703e-7,-8.492642880152843e-7
t1538,-7.814095633049854e-7,-8.938907379155634e-7,-7.872218963450716e-7,-8.634882493194228e-7
t1539,-7.700789629732595e-7,-8.754600998444039e-7,-7.777455411334869e-7,-8.555660236649403e-7
t1540,-7.311582465056368e-7,-8.170936987401209e-7,-7.43812730867295e-7,-8.296110994181081e-7
t1541,-6.745091219808173e-7,-7.339733852983108e-7,-6.941209426673546e-7,-7.931620842353198e-7
t1542,-5.986933579419026e-7,-6.293038748825057e-7,-6.256265215351689e-7,-7.396898577470738e-7
t1543,-4.703940264935507e-7,-4.586016311363715e-7,-5.083719481117412e-7,-6.454145870213603e-7
t1544,-2.247190638920485e-7,-8.362892901598288e-8,-3.043970533731708e-7,-5.322676295920674e-7
t1545,-1.4275717810913246e-7,-2.2584207432212377e-8,-2.063303151121266e-7,-3.871642703333867e-7
t1546,-1.1562122380570084e-7,-1.2967036868613601e-8,-1.6959993006955532e-7,-3.190041614985515e-7
t1547,-1.0524947371061024e-7,-9.3838626045259e-9,-1.5565618146973922e-7,-2.9334302702597053e-7
t1548,-9.98084079536965e-8,-7.542770166005216e-9,-1.4723964632179224e-7,-2.8036593256239126e-7
t1549,-9.272461268375839e-8,-5.842439708305635e-9,-1.3837998874403854e-7,-2.648656383527743e-7
t1550,-8.963992424324129e-8,-5.75298981341248e-9,-1.3381112328044962e-7,-2.570602948831047e-7
t1551,-1.0288210110544706e-7,-1.1558737015145608e-8,-1.5394733141945247e-7,-3.0363080397963117e-7
t1552,-1.2901463637530166e-7,-3.020731004838075e-8,-1.8558343405111663e-7,-3.54962049827529e-7
t1553,-1.6311915260360467e-7,-7.867378905092955e-8,-2.168443640923693e-7,-3.871303190510147e-7
t1554,-2.906943533939218e-7,-2.5278280269336086e-7,-3.299361483192691e-7,-4.771245551931866e-7
t1555,-6.580753039880918e-7,-7.261711182789001e-7,-6.722460153799685e-7,-7.642242742917608e-7
t1556,-6.458844698617245e-7,-7.09691755056441e-7,-6.606448473894912e-7,-7.542546524738884e-7
t1557,-6.340290890454481e-7,-6.912593908819457e-7,-6.504990560803741e-7,-7.49193417439311e-7
t1558,-6.370478032488028e-7,-6.970877361047937e-7,-6.526380039631882e-7,-7.489614075666529e-7
t1559,-6.113873426276721e-7,-6.654267663781957e-7,-6.285607886762999e-7,-7.269853628457342e-7
t1560,-5.791492479788679e-7,-6.428592917416341e-7,-5.928072821701589e-7,-6.78947388637656e-7
t1561,-5.659063620696757e-7,-6.275076558994719e-7,-5.802405704273079e-7,-6.667405452955642e-7
t1562,-5.5665250255758e-7,-6.143740593378078e-7,-5.719185156736235e-7,-6.599502626021633e-7
t1563,-5.320973060692479e-7,-5.765106929732396e-7,-5.501685612159482e-7,-6.424420077867951e-7
t1564,-5.026434758871587e-7,-5.289756872127178e-7,-5.25840507951029e-7,-6.299048093895804e-7
t1565,-4.7180476171469224e-7,-4.821457632380138e-7,-4.992758714757415e-7,-6.132908882732318e-7
t1566,-4.285411937555646e-7,-4.1908298073389076e-7,-4.6195348626070226e-7,-5.897097189357795e-7
t1567,-3.5530823129288945e-7,-3.203400208186189e-7,-3.9622554815910285e-7,-5.403506683934914e-7
t1568,-1.9825944580461494e-7,-5.973430190544952e-8,-2.6680272865572873e-7,-4.840581448076062e-7
t1569,-1.284542550974539e-7,-1.6780092941473655e-8,-1.8271778262223587e-7,-3.5048952900467694e-7
t1570,-1.0684458826436129e-7,-9.581270109154337e-9,-1.547180545631967e-7,-2.941759586466889e-7
t1571,-9.730430903791938e-8,-6.371086656860421e-9,-1.42960378530999e-7,-2.731519970022758e-7
t1572,-9.323818116773755e-8,-4.985142348601338e-9,-1.372164320640893e-7,-2.6305340192291653e-7
t1573,-8.709922619440248e-8,-3.3393278712920786e-9,-1.3030890614384516e-7,-2.515515227177797e-7
t1574,-8.361495930498977e-8,-2.7869840709171447e-9,-1.2616296549438658e-7,-2.428147954732667e-7
t1575,-8.390165448454243e-8,-3.808130623622269e-9,-1.26901327932209e-7,-2.461074103264854e-7
t1576,-1.0177565757587664e-7,-1.0774023922169046e-8,-1.5362366573006167e-7,-3.0715938778714587e-7
t1577,-1.2963671016920263e-7,-3.435424045357469e-8,-1.8436811182052604e-7,-3.5044907085557255e-7
t1578,-2.0135504431355666e-7,-1.3751162335410634e-7,-2.4982481118914376e-7,-4.054974632196246e-7
t1579,-3.755534991534518e-7,-3.6107323564148333e-7,-4.0687753617175066e-7,-5.303345167141396e-7
t1580,-3.8067996769915913e-7,-3.6578708313690694e-7,-4.1176823649701013e-7,-5.332016951627124e-7
t1581,-3.6957801938296887e-7,-3.503614517379422e-7,-4.026278032121128e-7,-5.28038930893345e-7
t1582,-3.7875705864056015e-7,-3.639367555506278e-7,-4.1063973417366507e-7,-5.319070472705252e-7
t1583,-4.0554450216317443e-7,-3.998949772956875e-7,-4.354435802587805e-7,-5.510018497959352e-7
t1584,-4.297791963514084e-7,-4.3218788264303756e-7,-4.5766380330626706e-7,-5.683253492068887e-7
t1585,-4.465917845164222e-7,-4.518134952708552e-7,-4.7438381743371964e-7,-5.865533031212816e-7
t1586,-4.5274980136032035e-7,-4.5675216533983335e-7,-4.814714250220546e-7,-5.962005134898843e-7
t1587,-4.5701868075020107e-7,-4.570396808965977e-7,-4.875840113410589e-7,-6.073522585695908e-7
t1588,-4.6166713979081545e-7,-4.542888652283724e-7,-4.94752179382763e-7,-6.251668715119115e-7
t1589,-4.6708835075574856e-7,-4.516518749184739e-7,-5.030988789507356e-7,-6.421848440492718e-7
t1590,-4.5553330864620873e-7,-4.293586518368871e-7,-4.947850572150418e-7,-6.461625558163323e-7
t1591,-3.9372513431145745e-7,-3.456198313146371e-7,-4.4021847575312884e-7,-6.065922457036863e-7
t1592,-2.156829410925498e-7,-1.0309289125709238e-7,-2.826254923010806e-7,-4.851836783177913e-7
t1593,-1.52423669219461e-7,-2.6915496658304354e-8,-2.1899033913999566e-7,-4.1825652546534887e-7
t1594,-1.0636893893179842e-7,-9.842918433828133e-9,-1.57102663371472e-7,-2.985613479891644e-7
t1595,-9.690698826934568e-8,-6.2250995737332815e-9,-1.4367849268898897e-7,-2.7551361803161773e-7
t1596,-9.269953648292595e-8,-4.818170645234259e-9,-1.3787631518684106e-7,-2.6621172785181537e-7
t1597,-8.63887602014692e-8,-3.108109649928659e-9,-1.302415512502542e-7,-2.517154837662456e-7
t1598,-8.287423624287342e-8,-2.6640124062261233e-9,-1.2557178689903828e-7,-2.438975027805757e-7
t1599,-8.843353703985028e-8,-5.214354709868444e-9,-1.3409953045709623e-7,-2.6500208444738506e-7
t1600,-1.0791894161960181e-7,-1.3703911339439053e-8,-1.6264361533572295e-7,-3.2389386537656466e-7
t1601,-1.2880555208902934e-7,-3.394685162932602e-8,-1.8409632756646843e-7,-3.492675724641625e-7
t1602,-1.849586805208125e-7,-1.1730638593583956e-7,-2.3424494126172036e-7,-3.918371742911587e-7
t1603,-3.64042564320736e-7,-3.488626213653891e-7,-3.951049340464442e-7,-5.204147205682457e-7
t1604,-3.9373947947825846e-7,-3.8563803068950695e-7,-4.2317344169932426e-7,-5.438683539188504e-7
t1605,-3.997763266884529e-7,-3.919159474228268e-7,-4.296649919451395e-7,-5.494235334508916e-7
t1606,-3.823798759099062e-7,-3.699403439071788e-7,-4.138603561059175e-7,-5.360570303781325e-7
t1607,-3.729860589552751e-7,-3.586284857647179e-7,-4.0550859565746334e-7,-5.285112228412894e-7
t1608,-3.523846243467156e-7,-3.3629970574134595e-7,-3.8549312366610104e-7,-5.068010234866543e-7
t1609,-3.4547543419843356e-7,-3.173517204740894e-7,-3.839407239147749e-7,-5.193964959257221e-7
t1610,-3.43005481733479e-7,-3.0602831634662793e-7,-3.8543057699112114e-7,-5.325096733661957e-7
t1611,-3.378952415706148e-7,-2.9238460396813134e-7,-3.8373959955071604e-7,-5.409063527612382e-7
t1612,-3.27161990753199e-7,-2.721243222678643e-7,-3.75710420877231e-7,-5.412171273901526e-7
t1613,-3.129983450959763e-7,-2.424314700205788e-7,-3.667103515289354e-7,-5.477480414989069e-7
t1614,-2.928610173949717e-7,-2.1371835706443526e-7,-3.5078724883035334e-7,-5.394030446443635e-7
t1615,-2.6110758249674893e-7,-1.7575961592980862e-7,-3.212161197679213e-7,-5.084903927972525e-7
t1616,-1.630016617928504e-7,-4.247939807563488e-8,-2.3136001792034009e-7,-4.2343304755377766e-7
t1617,-1.1482852164953283e-7,-1.1539333977733625e-8,-1.6861817306553354e-7,-3.221371033778505e-7
t1618,-9.89874386165937e-8,-6.817129447355572e-9,-1.4718589486355175e-7,-2.802418574982466e-7
t1619,-9.394938704561715e-8,-5.125871692809617e-9,-1.400009196989482e-7,-2.674575606139995e-7
t1620,-9.055329354702697e-8,-3.9680542113527986e-9,-1.3458049179592715e-7,-2.579916932468972e-7
t1621,-8.347707615724887e-8,-1.911771996032388e-9,-1.2581149641718727e-7,-2.42882405107563e-7
t1622,-8.00639833779015e-8,-1.076873870519884e-9,-1.2193133849395003e-7,-2.3732087003572588e-7
t1623,-7.811162643687052e-8,-9.24595739961877e-10,-1.1996326165874218e-7,-2.337583672269559e-7
t1624,-8.774649785394627e-8,-4.104848253236538e-9,-1.3515993363949603e-7,-2.707142867978355e-7
t1625,-1.1619157600528162e-7,-1.8199801995235056e-8,-1.7104144153622402e-7,-3.3529270758439175e-7
t1626,-1.544828602896026e-7,-6.748912224636568e-8,-2.0915602822131427e-7,-3.702579428208251e-7
t1627,-2.451332802632313e-7,-1.9265456740448806e-7,-2.885291347184618e-7,-4.320898783894633e-7
t1628,-2.554323336938772e-7,-2.0409868432036244e-7,-2.977065952634653e-7,-4.4100792855247333e-7
t1629,-2.6026488963221483e-7,-2.0909559827797565e-7,-3.034424409035329e-7,-4.4775076460926433e-7
t1630,-2.63486133793524e-7,-2.1385934401050113e-7,-3.061873213132253e-7,-4.4793681748833617e-7
t1631,-2.633577559421206e-7,-2.1525844346517189e-7,-3.0708044295651263e-7,-4.4885738016067345e-7
t1632,-2.6676838531011207e-7,-2.2300821186215326e-7,-3.087762659401467e-7,-4.465286053476116e-7
t1633,-2.6848768735061766e-7,-2.2389468837753477e-7,-3.1122032061640933e-7,-4.4922958212450895e-7
t1634,-2.666837035958751e-7,-2.1917132628690204e-7,-3.111115112800609e-7,-4.5335762951851525e-7
t1635,-2.634685612051818e-7,-2.1107824362745545e-7,-3.1091325758855696e-7,-4.60744200676359e-7
t1636,-2.612237390234425e-7,-1.9864667183490422e-7,-3.120750147639707e-7,-4.747916683701162e-7
t1637,-2.5848748906369956e-7,-1.8512031239751942e-7,-3.1400997394306806e-7,-4.878270155143027e-7
t1638,-2.5385217630674585e-7,-1.707433154352279e-7,-3.1314905833316346e-7,-4.960617970826088e-7
t1639,-2.3728605823565036e-7,-1.4103041202319814e-7,-3.005847120560076e-7,-4.907611508717071e-7
t1640,-1.6737323303733732e-7,-3.4905522721986534e-8,-2.3743087933617392e-7,-4.434375854250545e-7
t1641,-1.1245418526761751e-7,-1.0620201324359334e-8,-1.6584023701018435e-7,-3.1915879276888057e-7
t1642,-9.857533104669877e-8,-6.645663910718045e-9,-1.4670194918632916e-7,-2.7984759113854235e-7
t1643,-9.446117150335622e-8,-5.20708247153185e-9,-1.4041512197699257e-7,-2.6946066395446426e-7
t1644,-8.935594801409317e-8,-3.6400490997551345e-9,-1.338052651947084e-7,-2.5809878643980566e-7
t1645,-8.172669324799217e-8,-1.4722776831429009e-9,-1.2426280306811826e-7,-2.41706180746882e-7
t1646,-7.761811214291386e-8,-4.5374822620093893e-10,-1.192766490703328e-7,-2.3194918112318747e-7
t1647,-7.732018092387759e-8,-9.010953042317186e-10,-1.192544035611208e-7,-2.3414765874113696e-7
t1648,-9.03734985215609e-8,-5.1395631973675934e-9,-1.3973563754449147e-7,-2.7985347985952856e-7
t1649,-1.1769143061618386e-7,-2.0681068693993873e-8,-1.727142060216092e-7,-3.33507551560098e-7
t1650,-1.5923422959016819e-7,-7.879628016761921e-8,-2.1230146630949571e-7,-3.669895658250649e-7
t1651,-2.815317848976652e-7,-2.413428542953609e-7,-3.1968475756167397e-7,-4.5211330564267155e-7
t1652,-3.1718334240782316e-7,-2.860032276735308e-7,-3.527314920581532e-7,-4.797735997860936e-7
t1653,-3.3190048500989754e-7,-3.0231926013803713e-7,-3.6747274743044786e-7,-4.957358973374354e-7
t1654,-3.3934626860455155e-7,-3.1216334908275447e-7,-3.750467018779234e-7,-5.018156110884341e-7
t1655,-3.553015841466538e-7,-3.3214261609361675e-7,-3.9000703392629974e-7,-5.158624513203617e-7
t1656,-3.73592182014244e-7,-3.5991555324524783e-7,-4.061551652815129e-7,-5.243588143108609e-7
t1657,-3.9830836106751166e-7,-3.889194251008651e-7,-4.302549933150027e-7,-5.504942890392783e-7
t1658,-4.272558500067051e-7,-4.2374250929863116e-7,-4.579440088787771e-7,-5.756196937787739e-7
t1659,-4.425684459450534e-7,-4.407129788913174e-7,-4.7363327285137515e-7,-5.920645472355513e-7
t1660,-4.453159956664022e-7,-4.3911802556905284e-7,-4.785975853591426e-7,-6.024136917754843e-7
t1661,-4.298377686867925e-7,-4.123698193992444e-7,-4.66727197884699e-7,-6.009257867845267e-7
t1662,-3.929889553459852e-7,-3.5888324722814575e-7,-4.346275558418345e-7,-5.829159286101893e-7
t1663,-3.434444491646217e-7,-2.912747086221358e-7,-3.9178654135271753e-7,-5.528274573323221e-7
t1664,-1.8797344946156466e-7,-7.188817435695323e-8,-2.5633023403752416e-7,-4.511426688291719e-7
t1665,-1.3050484863121445e-7,-1.9048514399444397e-8,-1.9056697513779228e-7,-3.6897601173971673e-7
t1666,-1.0670804460211424e-7,-1.0618220519921319e-8,-1.558507347515756e-7,-2.9367478934448e-7
t1667,-1.0736098425392362e-7,-1.0163366315183243e-8,-1.5616069017797388e-7,-2.9428395436852366e-7
t1668,-1.0210119593952491e-7,-8.48490412629471e-9,-1.4990558800079474e-7,-2.83196268635809e-7
t1669,-9.492739122094508e-8,-6.884336266875204e-9,-1.4193251243214073e-7,-2.6889343351465566e-7
t1670,-9.110879380821956e-8,-6.77812124117557e-9,-1.374970592991483e-7,-2.6019257182619605e-7
t1671,-9.659656982888745e-8,-1.0348058052730226e-8,-1.4476031941247662e-7,-2.7402233628543085e-7
t1672,-1.229779996110068e-7,-2.3815791405113342e-8,-1.8192515538340644e-7,-3.5128964321031446e-7
t1673,-1.636916305145974e-7,-6.902029945523282e-8,-2.2479553822932084e-7,-3.9737863658429964e-7
t1674,-3.326050162493486e-7,-2.9574052364790907e-7,-3.7570666479573985e-7,-5.235849400468596e-7
t1675,-1.1464951564307185e-6,-1.363785548214075e-6,-1.1340499487634276e-6,-1.1814222927307442e-6
t1676,-1.1295083468618223e-6,-1.3371693435786518e-6,-1.1187791764058508e-6,-1.1701195270149483e-6
t1677,-1.1299375509884195e-6,-1.3348509150643945e-6,-1.1190891952996854e-6,-1.1695866114549776e-6
t1678,-1.1799986896898543e-6,-1.4009273403043454e-6,-1.1642641264638106e-6,-1.2064756188966946e-6
t1679,-1.3098189558608487e-6,-1.573084849232175e-6,-1.282475980826881e-6,-1.30711210147587e-6
t1680,-1.5130455256662808e-6,-1.8416826416911491e-6,-1.4643065364474728e-6,-1.46081693433465e-6
t1681,-1.7835093269442392e-6,-2.1836082782997627e-6,-1.7124584245354045e-6,-1.6815179476608944e-6
t1682,-2.0574664341122647e-6,-2.5233357125492115e-6,-1.9633946060180497e-6,-1.9051308167935728e-6
t1683,-2.334365809043325e-6,-2.860460728810706e-6,-2.21755899802832e-6,-2.1315893222721145e-6
t1684,-2.502669642915026e-6,-3.063389108150126e-6,-2.374634756503093e-6,-2.274025905192799e-6
t1685,-2.4621719596956368e-6,-3.016813752739972e-6,-2.341687649382185e-6,-2.251688955118923e-6
t1686,-2.257456388900611e-6,-2.7686955208258555e-6,-2.159323834506451e-6,-2.0980228392833533e-6
t1687,-1.7553949580688186e-6,-2.141451082963374e-6,-1.7011491318734656e-6,-1.6961678308670737e-6
t1688,-3.020811990147586e-7,-2.3841414201212402e-7,-3.581089509233736e-7,-5.307776662476447e-7
t1689,-1.7279869875010837e-7,-5.712146959619209e-8,-2.4262882132272406e-7,-4.3545602551826673e-7
t1690,-1.2312585706528464e-7,-2.382820037890183e-8,-1.798385247128611e-7,-3.315731025821948e-7
t1691,-1.1525061361350344e-7,-1.6472576600309477e-8,-1.6824785795144725e-7,-3.100327559289524e-7
t1692,-1.103139191509655e-7,-1.3900044643988336e-8,-1.6362964591468174e-7,-3.0181984185543455e-7
t1693,-1.0402516933056087e-7,-1.1837969068695763e-8,-1.5592981239025095e-7,-2.894354211879131e-7
t1694,-1.0184646561684357e-7,-1.1802655284985506e-8,-1.5378330368552397e-7,-2.851472374700041e-7
t1695,-1.0771612325744645e-7,-1.588096068512064e-8,-1.608250576083096e-7,-2.984630863778276e-7
t1696,-1.434313302064164e-7,-3.4524499658859855e-8,-2.0932954246478653e-7,-3.9354910895410826e-7
t1697,-1.991264575718399e-7,-1.0378480370206241e-7,-2.6303345330302664e-7,-4.4658326298758853e-7
t1698,-5.164354083024388e-7,-5.199410701359847e-7,-5.495009036044612e-7,-6.80889762460256e-7
t1699,-2.339217026931307e-6,-2.8736451575589e-6,-2.2371505780331893e-6,-2.1709528771063095e-6
t1700,-2.6689052919948946e-6,-3.273434172130417e-6,-2.542409436294705e-6,-2.4429171653422753e-6
t1701,-2.8496800928409815e-6,-3.488520053071731e-6,-2.70964301267247e-6,-2.58947098027403e-6
t1702,-2.9800167570104032e-6,-3.6361959403860676e-6,-2.8220870101762563e-6,-2.6819927027146352e-6
t1703,-3.058229130253858e-6,-3.7224129747351924e-6,-2.8891391241815836e-6,-2.7340856984924343e-6
t1704,-3.0043846158550838e-6,-3.6502496010866003e-6,-2.828959499475748e-6,-2.6689552760330154e-6
t1705,-2.927013138741594e-6,-3.5587180886362317e-6,-2.753419564379965e-6,-2.598961287526061e-6
t1706,-2.8193138272200606e-6,-3.4336244746341512e-6,-2.6534214546240278e-6,-2.5097498003425953e-6
t1707,-2.6091317498472002e-6,-3.1881144032976913e-6,-2.4628683552618258e-6,-2.34531322906928e-6
t1708,-2.2197802123213907e-6,-2.722467489591496e-6,-2.1119176180937257e-6,-2.0431949992017484e-6
t1709,-1.7350009569866676e-6,-2.1176378529863804e-6,-1.6745057325316007e-6,-1.6654482298895073e-6
t1710,-1.3340896069197559e-6,-1.5971294185991834e-6,-1.3093309743914502e-6,-1.3451718853294482e-6
t1711,-9.313369886807355e-7,-1.0619176132731766e-6,-9.378236268209336e-7,-1.0181012225739042e-6
t1712,-2.6043791178974685e-7,-1.8431266232999825e-7,-3.217377400004049e-7,-5.035289417527183e-7
t1713,-1.6342948296682752e-7,-4.9725690339663996e-8,-2.3271683705050505e-7,-4.255033039546495e-7
t1714,-1.1686989973051559e-7,-2.0366982401768122e-8,-1.7419901747391583e-7,-3.2866453933494693e-7
t1715,-1.0305568639159754e-7,-1.2376000360584714e-8,-1.5414366601465554e-7,-2.9100805448018424e-7
t1716,-9.802150331183413e-8,-9.79195543399513e-9,-1.4623969790693727e-7,-2.7783851285076064e-7
t1717,-9.03521144040137e-8,-7.967420169927931e-9,-1.358947604928377e-7,-2.6019090578522776e-7
t1718,-8.894665063850317e-8,-9.268375405059364e-9,-1.338089186651259e-7,-2.562747460224099e-7
t1719,-9.815056980300562e-8,-1.267776904390095e-8,-1.48881287743779e-7,-2.9329447848843953e-7
t1720,-1.1371743516318016e-7,-2.4693626557827016e-8,-1.6772976661152698e-7,-3.265430023604394e-7
t1721,-1.4300539352235121e-7,-6.614426223737381e-8,-1.954222940376015e-7,-3.5169605762248334e-7
t1722,-2.944369099393181e-7,-2.712457065495061e-7,-3.28646713395644e-7,-4.5759080469843887e-7
t1723,-7.762272350120182e-7,-9.072864533610464e-7,-7.775316592376186e-7,-8.423894917112102e-7
t1724,-7.46715652999905e-7,-8.656926587305013e-7,-7.498011066683739e-7,-8.187746320423414e-7
t1725,-6.764226369234324e-7,-7.661900271786318e-7,-6.851171306538318e-7,-7.62767341764888e-7
t1726,-6.207938053715749e-7,-6.890400367458942e-7,-6.335555391396754e-7,-7.184734984132891e-7
t1727,-5.769267402341063e-7,-6.299102423971484e-7,-5.92954470853076e-7,-6.832025557936921e-7
t1728,-5.6456197523504e-7,-6.222502309640636e-7,-5.793110558783394e-7,-6.635097829181848e-7
t1729,-5.614117003065283e-7,-6.198632454567917e-7,-5.758388041109476e-7,-6.577761857381206e-7
t1730,-5.443713310735046e-7,-5.961138666830643e-7,-5.604969561731472e-7,-6.449490908619193e-7
t1731,-5.485364544706137e-7,-5.959865116524912e-7,-5.657639229837893e-7,-6.524539418447669e-7
t1732,-5.273536797976918e-7,-5.587111619043933e-7,-5.486778386447524e-7,-6.446492156900552e-7
t1733,-4.964323790874152e-7,-5.114479953081686e-7,-5.223483932308052e-7,-6.293380046442512e-7
t1734,-4.878319369319895e-7,-4.93526888993247e-7,-5.167341525090981e-7,-6.332046567293766e-7
t1735,-4.562086880971304e-7,-4.484437468998854e-7,-4.893499148725335e-7,-6.150785163869793e-7
t1736,-2.1092418378071794e-7,-1.2400533658743313e-7,-2.715098333680697e-7,-4.4861698839167596e-7
t1737,-1.4933153982587997e-7,-3.741170486265337e-8,-2.1322815041536087e-7,-3.981658480936179e-7
t1738,-1.1100142757968639e-7,-1.655741949183205e-8,-1.6445954066324115e-7,-3.146158623078192e-7
t1739,-9.905970757264848e-8,-1.0300557636597046e-8,-1.4735433197867375e-7,-2.8146677844668373e-7
t1740,-9.525919266349845e-8,-8.261292409494284e-9,-1.4176891217261258e-7,-2.7270457781508057e-7
t1741,-8.781074591499423e-8,-6.548201254728213e-9,-1.326668884804714e-7,-2.568794813148073e-7
t1742,-8.593673696855893e-8,-7.142287119327505e-9,-1.3030550294604043e-7,-2.516435836806346e-7
t1743,-9.271997764780841e-8,-9.666758537644327e-9,-1.4099827693083444e-7,-2.8130339797192155e-7
t1744,-1.0822730322915845e-7,-1.9711008892260314e-8,-1.609485886711024e-7,-3.164288165115924e-7
t1745,-1.3565612568740216e-7,-5.5671935106409096e-8,-1.8738253942517152e-7,-3.4195607826905254e-7
t1746,-2.416339909156771e-7,-2.0224060021997424e-7,-2.8098320032703617e-7,-4.166470689765507e-7
t1747,-5.468787340846316e-7,-5.983179696026798e-7,-5.626492699835612e-7,-6.499581504713416e-7
t1748,-5.384703888630756e-7,-5.84696995343287e-7,-5.552431284190259e-7,-6.451825935563776e-7
t1749,-4.881559034864769e-7,-5.152600879607082e-7,-5.087684650176905e-7,-6.057025382143211e-7
t1750,-4.356888146135195e-7,-4.4548867025949346e-7,-4.605935908764443e-7,-5.656966778355766e-7
t1751,-4.122108935201346e-7,-4.1472029291672936e-7,-4.3975902280762555e-7,-5.481631839353052e-7
t1752,-4.064920582756463e-7,-4.140605041037178e-7,-4.324373627924128e-7,-5.346989013686689e-7
t1753,-4.197738945695797e-7,-4.319929311753436e-7,-4.4463856271326025e-7,-5.437949245938681e-7
t1754,-4.3413618868237126e-7,-4.5022135802754024e-7,-4.5835010295174504e-7,-5.560134658766822e-7
t1755,-4.313618751798865e-7,-4.4288141016362775e-7,-4.569921163174269e-7,-5.568403114924344e-7
t1756,-3.891438488956799e-7,-3.817764172029697e-7,-4.2079359514267435e-7,-5.349924587621795e-7
t1757,-3.431910544933873e-7,-3.159119541276728e-7,-3.8142984878883255e-7,-5.107941587379219e-7
t1758,-3.129434938127057e-7,-2.710612517001045e-7,-3.564411275689227e-7,-4.987001670694833e-7
t1759,-2.7142872381644835e-7,-2.1261544409852925e-7,-3.2207527302766387e-7,-4.787637239862217e-7
t1760,-1.6272269584040192e-7,-5.489023552760725e-8,-2.2713142098288429e-7,-4.0784841537497207e-7
t1761,-1.139864517671873e-7,-1.3972483031664439e-8,-1.725889316584847e-7,-3.3603021616134544e-7
t1762,-9.281396346707923e-8,-6.596506249892326e-9,-1.407492198005153e-7,-2.6886868073765376e-7
t1763,-9.074719316042802e-8,-5.449257173938799e-9,-1.368276730968054e-7,-2.626209493469579e-7
t1764,-8.931461030719784e-8,-5.189463512774352e-9,-1.3464756094295672e-7,-2.574929076289931e-7
t1765,-8.332460305731314e-8,-4.2501185085668976e-9,-1.2679391716627776e-7,-2.4470456002711955e-7
t1766,-8.162891145012865e-8,-5.244072249982693e-9,-1.2486086670852335e-7,-2.4067633677288544e-7
t1767,-9.021847135615246e-8,-9.253397254539028e-9,-1.3861191823577826e-7,-2.7051555317300466e-7
t1768,-1.0952748493787605e-7,-1.9915283806904177e-8,-1.6339434268845036e-7,-3.1984201564575197e-7
t1769,-1.3997235309872266e-7,-5.522131181059049e-8,-1.9403542226737582e-7,-3.532632726440435e-7
t1770,-2.6049957390494276e-7,-2.2186823179825502e-7,-3.0053546675488405e-7,-4.3739278549199884e-7
t1771,-7.727982408721115e-7,-8.936967372381438e-7,-7.761058512167283e-7,-8.409141179177968e-7
t1772,-7.337450726008333e-7,-8.388986494939979e-7,-7.394906064870302e-7,-8.102519305971451e-7
t1773,-7.060321330173209e-7,-7.970489154241328e-7,-7.146345658636241e-7,-7.911259622303714e-7
t1774,-7.04195248548233e-7,-7.924693636454159e-7,-7.131165112653929e-7,-7.879680130889349e-7
t1775,-7.358876476581034e-7,-8.330096859389018e-7,-7.432199935747123e-7,-8.143026462794877e-7
t1776,-8.079924370479533e-7,-9.374495374328509e-7,-8.081259914077729e-7,-8.660154735943741e-7
t1777,-9.129327898812256e-7,-1.0782241198874324e-6,-9.052375660326896e-7,-9.526595034757753e-7
t1778,-1.0119908552419852e-6,-1.2084894362917255e-6,-9.971268020857741e-7,-1.0350601842169188e-6
t1779,-1.0807084582690234e-6,-1.2937132343655038e-6,-1.062326717921797e-6,-1.095908721242463e-6
t1780,-1.095988337782807e-6,-1.3046807113673855e-6,-1.0801317286208078e-6,-1.1192478514675284e-6
t1781,-1.0512163700014324e-6,-1.231363833904812e-6,-1.0443338236732477e-6,-1.0969119645840364e-6
t1782,-9.377181050801397e-7,-1.0743545846629812e-6,-9.410817555533314e-7,-1.009524138563711e-6
t1783,-7.307727895608109e-7,-7.965807591169151e-7,-7.489062894751595e-7,-8.443961550601383e-7
t1784,-2.425881557739113e-7,-1.598601365258826e-7,-3.025369136542388e-7,-4.822210199458394e-7
t1785,-1.5696162769733528e-7,-4.199075337972208e-8,-2.2232698643903203e-7,-4.1009878641031186e-7
t1786,-1.1086393219417632e-7,-1.662039678576347e-8,-1.6289727573229828e-7,-3.0575766429063855e-7
t1787,-1.0086058633645795e-7,-1.0308221198425711e-8,-1.491475100212065e-7,-2.8139775890432645e-7
t1788,-9.634574888574503e-8,-8.004673277214168e-9,-1.4287366628165271e-7,-2.731789258031233e-7
t1789,-8.864167638197036e-8,-5.892446429462228e-9,-1.333903191556269e-7,-2.5596755266575725e-7
t1790,-8.550653794686052e-8,-6.0204863636926745e-9,-1.2870892536837496e-7,-2.469351720410837e-7
t1791,-9.081855785846907e-8,-9.624905609869532e-9,-1.3751782917686889e-7,-2.6664068387922486e-7
t1792,-1.123760118194002e-7,-2.0659347630321346e-8,-1.660296451833193e-7,-3.2451745986827446e-7
t1793,-1.4382871767327972e-7,-6.005803433358954e-8,-1.964362018603348e-7,-3.5505586454009794e-7
t1794,-2.9648442428689617e-7,-2.6660502628040326e-7,-3.326575282925883e-7,-4.6519778076875334e-7
t1795,-1.1320891110295076e-6,-1.372634866423713e-6,-1.1105287129062621e-6,-1.1457889175963974e-6
t1796,-1.2288307579344826e-6,-1.4978025020126712e-6,-1.2007295352659966e-6,-1.230118217905477e-6
t1797,-1.2248932512088238e-6,-1.490055193302033e-6,-1.1978305918345724e-6,-1.2299856801643386e-6
t1798,-1.1540245877034662e-6,-1.3942887166794694e-6,-1.1326194483772007e-6,-1.173136799709953e-6
t1799,-1.0800694832332737e-6,-1.2955637918744764e-6,-1.0639831169123545e-6,-1.112521310780012e-6
t1800,-1.0295848503465595e-6,-1.2385445014982367e-6,-1.0134438252861855e-6,-1.059251929113919e-6
t1801,-1.021864222046348e-6,-1.2285774257797298e-6,-1.0057612289078664e-6,-1.0504856179286206e-6
t1802,-9.723239757432486e-7,-1.1611735161544817e-6,-9.598800284827165e-7,-1.0071291742139957e-6
t1803,-8.463311398123837e-7,-9.87731981522702e-7,-8.447033606422336e-7,-9.051543439134133e-7
t1804,-6.85014456202553e-7,-7.650428791337985e-7,-6.969303114988232e-7,-7.802641855473294e-7
t1805,-5.560117530543273e-7,-5.885121910053113e-7,-5.784582485330703e-7,-6.852055623614316e-7
t1806,-4.593917924622416e-7,-4.5851264410399807e-7,-4.908130953900977e-7,-6.168173605649894e-7
t1807,-3.617657137706573e-7,-3.296786388810359e-7,-4.027876078248163e-7,-5.498675822084458e-7
t1808,-1.784840534920728e-7,-7.836617813146887e-8,-2.4315130978877284e-7,-4.2894722567103886e-7
t1809,-1.249842681303565e-7,-1.929146254338905e-8,-1.8637936074679e-7,-3.617977436476822e-7
t1810,-9.60546328288402e-8,-8.074717285538539e-9,-1.4556574749030026e-7,-2.7759500347237516e-7
t1811,-9.251742064295966e-8,-5.797364299859578e-9,-1.3923639886132634e-7,-2.672961970799266e-7
t1812,-8.87226671229321e-8,-4.357923686886438e-9,-1.3391372813208953e-7,-2.567777110705341e-7
t1813,-8.090554703467885e-8,-2.397675030991497e-9,-1.2395375734607264e-7,-2.400756981892963e-7
t1814,-7.762087218661195e-8,-2.3513132272411656e-9,-1.1956252568834656e-7,-2.3170676006564177e-7
t1815,-8.431450461273024e-8,-5.9866901338063585e-9,-1.2896670670668238e-7,-2.5369419201550404e-7
t1816,-1.0523449576146913e-7,-1.6107379443410066e-8,-1.5788819331751906e-7,-3.1450696939709444e-7
t1817,-1.3272485109589938e-7,-4.8940736085579646e-8,-1.8560494775684775e-7,-3.448857384948614e-7
t1818,-2.4890229528982606e-7,-2.1006960880377408e-7,-2.8840310881010614e-7,-4.291366068816222e-7
t1819,-7.118641977655104e-7,-8.18363341895517e-7,-7.184116372381093e-7,-7.969718004609643e-7
t1820,-7.448310742898436e-7,-8.60579761299672e-7,-7.494074105556852e-7,-8.266887424355006e-7
t1821,-7.13164506919526e-7,-8.132946197315504e-7,-7.208338167741573e-7,-8.050203100831287e-7
t1822,-6.626250142127481e-7,-7.438551254384365e-7,-6.739417597328465e-7,-7.632679547396484e-7
t1823,-6.256021478565549e-7,-6.937674130795221e-7,-6.393816664427404e-7,-7.329451094710315e-7
t1824,-6.129292114440083e-7,-6.824784619106794e-7,-6.258673723155974e-7,-7.13362072008455e-7
t1825,-6.329618524367052e-7,-7.055732507774093e-7,-6.452012709727009e-7,-7.302093688739764e-7
t1826,-6.481835271077319e-7,-7.238359128673423e-7,-6.600074202197658e-7,-7.418260848644898e-7
t1827,-6.344335605449238e-7,-7.028402105386239e-7,-6.482213789248894e-7,-7.312425800356517e-7
t1828,-6.034686548079699e-7,-6.573090502027329e-7,-6.208239558291908e-7,-7.115116922331993e-7
t1829,-5.634890896570692e-7,-5.983327076906759e-7,-5.855741783298412e-7,-6.850585210777408e-7
t1830,-5.03099505346368e-7,-5.147263861888259e-7,-5.308455107263343e-7,-6.441458693650413e-7
t1831,-4.014958119300227e-7,-3.8085763066965484e-7,-4.378560986802837e-7,-5.726397205627244e-7
t1832,-1.7967808533573458e-7,-8.174497832732049e-8,-2.4293987222459247e-7,-4.242655188304917e-7
t1833,-1.2650757019564546e-7,-1.987103376199636e-8,-1.8942499040337827e-7,-3.6718320119876036e-7
t1834,-9.707639458886369e-8,-8.138353919609762e-9,-1.4539935399383572e-7,-2.7637038892809036e-7
t1835,-9.717692585726431e-8,-6.914549311155515e-9,-1.439033217947756e-7,-2.730010535710015e-7
t1836,-9.345525645492795e-8,-5.473834704561735e-9,-1.3967124766019093e-7,-2.6624014974063305e-7
t1837,-8.689730098688794e-8,-3.692078029554351e-9,-1.3183372310366065e-7,-2.524399398715068e-7
t1838,-8.441944169403286e-8,-3.473595743359222e-9,-1.2885402338264515e-7,-2.472515196525659e-7
t1839,-8.74531463909027e-8,-5.641603225251154e-9,-1.3333585015241456e-7,-2.556301863735157e-7
t1840,-1.0824117185529507e-7,-1.4718401253762611e-8,-1.643655959959764e-7,-3.228060928382338e-7
t1841,-1.4340010509405272e-7,-4.504639897627303e-8,-2.0408850561152563e-7,-3.765534653662689e-7
t1842,-2.4415371217490536e-7,-1.858963643799637e-7,-2.9439290736824116e-7,-4.5727050483815863e-7
t1843,-6.617220186771801e-7,-7.27592812151009e-7,-6.794058401231228e-7,-7.818058130498211e-7
t1844,-6.790154538436566e-7,-7.489533261871313e-7,-6.953931018433356e-7,-7.986410280577096e-7
t1845,-6.616999913414817e-7,-7.24234065480919e-7,-6.797410864094742e-7,-7.856784581357557e-7
t1846,-6.159505968326523e-7,-6.665121747839459e-7,-6.35823800314269e-7,-7.423500416973484e-7
t1847,-5.513146373788558e-7,-5.830722725758996e-7,-5.74441312115632e-7,-6.848418266162494e-7
t1848,-5.291297575581228e-7,-5.611138775617511e-7,-5.515232051175307e-7,-6.549446955438736e-7
t1849,-5.567105318843881e-7,-5.957119144090018e-7,-5.778922059149046e-7,-6.774106757233212e-7
t1850,-6.031574021514037e-7,-6.554384384974392e-7,-6.217234928123583e-7,-7.160671827734566e-7
t1851,-6.678461034426358e-7,-7.395544961745671e-7,-6.825780399809786e-7,-7.697964981974771e-7
t1852,-7.301349687568683e-7,-8.179145210780194e-7,-7.418162885094571e-7,-8.247539553960208e-7
t1853,-7.363910687430772e-7,-8.207911386161414e-7,-7.496681030887981e-7,-8.373195872350754e-7
t1854,-7.207251294507766e-7,-7.939817214708322e-7,-7.373786010883447e-7,-8.323661225173374e-7
t1855,-6.336911084964926e-7,-6.750035776607931e-7,-6.58281637438079e-7,-7.681209478421964e-7
t1856,-2.3073178098113332e-7,-1.4940635824234447e-7,-2.929710769568262e-7,-4.7452626998728606e-7
t1857,-1.5475570999055822e-7,-3.893785875259326e-8,-2.2413268989597077e-7,-4.1951454869250387e-7
t1858,-1.1102582473089005e-7,-1.5025320836922454e-8,-1.6619698503614267e-7,-3.1306664484698894e-7
t1859,-1.0775573657882134e-7,-1.1620301973544064e-8,-1.6129325114956717e-7,-2.999341455521189e-7
t1860,-1.0547595356103562e-7,-1.0295178883003354e-8,-1.5977443728271335e-7,-2.9851409480051127e-7
t1861,-1.0043823175025023e-7,-9.01131749054067e-9,-1.5399708552983432e-7,-2.886135302973271e-7
t1862,-9.962768222648411e-8,-9.259043252791419e-9,-1.5232819707196777e-7,-2.8618498836428677e-7
t1863,-1.035849733201267e-7,-1.2035687490276132e-8,-1.5800737748176188e-7,-2.93903916403557e-7
t1864,-1.308639235849709e-7,-2.415142456767835e-8,-1.970139422483901e-7,-3.7571561962541506e-7
t1865,-1.7223709258061205e-7,-6.392502169670973e-8,-2.416416582080555e-7,-4.3048353483639367e-7
t1866,-3.425869530211697e-7,-2.960462246299093e-7,-3.936918112016597e-7,-5.581362716035546e-7
t1867,-1.2388774600340078e-6,-1.4716257266739203e-6,-1.2247344561734801e-6,-1.2829851981404477e-6
t1868,-1.4332758934074629e-6,-1.7259994657179273e-6,-1.4049660568004646e-6,-1.4466397727780977e-6
t1869,-1.4586747845775686e-6,-1.7578523588302313e-6,-1.429175375957992e-6,-1.4703245052638368e-6
t1870,-1.3130772876132138e-6,-1.5726628145141013e-6,-1.2911076653923268e-6,-1.3391827519156753e-6
t1871,-1.1736138902117952e-6,-1.3933195482309093e-6,-1.159167829320729e-6,-1.215556297984813e-6
t1872,-1.1154935325589062e-6,-1.3263067663825155e-6,-1.1006434554548335e-6,-1.153361839126594e-6
t1873,-1.1287202019073167e-6,-1.3451917788550208e-6,-1.1116716024040288e-6,-1.1600429669338112e-6
t1874,-1.1948863914221378e-6,-1.433271260632116e-6,-1.1720613611403706e-6,-1.2119030391905347e-6
t1875,-1.2831652960211076e-6,-1.5481038373441513e-6,-1.2533822895769793e-6,-1.2838829523483979e-6
t1876,-1.2916312236913128e-6,-1.5561665618104388e-6,-1.263412215612436e-6,-1.296246395649293e-6
t1877,-1.188441481458103e-6,-1.4154561400473559e-6,-1.171137359916902e-6,-1.2176950658551452e-6
t1878,-1.0477910987250664e-6,-1.2238411003582302e-6,-1.0436186501355703e-6,-1.1083307925688785e-6
t1879,-7.87311673205445e-7,-8.73502641635634e-7,-8.032068262103209e-7,-9.000904662760688e-7
t1880,-2.3696081161291198e-7,-1.542497621599205e-7,-3.0126463005874533e-7,-4.875881371686646e-7
t1881,-1.5673589785503905e-7,-4.208775906665183e-8,-2.254196294331946e-7,-4.1860842311918374e-7
t1882,-1.1317205743631657e-7,-1.7647193236711144e-8,-1.6826218884808144e-7,-3.152714871507747e-7
t1883,-1.067715722151467e-7,-1.2174723618721732e-8,-1.578257410481256e-7,-2.974246080577916e-7
t1884,-9.81248121251202e-8,-9.008295362449061e-9,-1.4694040985653305e-7,-2.787022654544013e-7
t1885,-8.972401249781092e-8,-6.7755721777375686e-9,-1.3572220625817713e-7,-2.597661578691122e-7
t1886,-8.694735922927168e-8,-6.987860031730967e-9,-1.316538278024307e-7,-2.524000369175259e-7
t1887,-9.223883080548762e-8,-1.0190104526001614e-8,-1.3963559216594495e-7,-2.7274675124609623e-7
t1888,-1.1278520587095834e-7,-2.12789498390062e-8,-1.6688205058122924e-7,-3.261658378350245e-7
t1889,-1.4211354194856292e-7,-5.602761271673419e-8,-1.9566866194568705e-7,-3.5617720746261735e-7
t1890,-2.6394890355241326e-7,-2.228456367787054e-7,-3.0418658036654573e-7,-4.4514622141532295e-7
t1891,-8.492402396132993e-7,-9.918054131293631e-7,-8.490722144241865e-7,-9.152978298821311e-7
t1892,-8.625099478327689e-7,-1.0089746366809288e-6,-8.614234791228314e-7,-9.306061397187789e-7
t1893,-8.52112952716624e-7,-9.937789001501798e-7,-8.520614640144867e-7,-9.242339842027761e-7
t1894,-8.57364218640806e-7,-1.0004665175906543e-6,-8.567410207063372e-7,-9.280697951088084e-7
t1895,-8.583740148306288e-7,-1.0007700551749806e-6,-8.577999098148076e-7,-9.282477620063844e-7
t1896,-8.508939949281756e-7,-1.0032076205007757e-6,-8.471656558951936e-7,-9.109181044611595e-7
t1897,-9.174516519594364e-7,-1.0886589814699422e-6,-9.094866819431722e-7,-9.672852561005038e-7
t1898,-1.0112893023108974e-6,-1.2116698832797802e-6,-9.966156795192417e-7,-1.0440397428930313e-6
t1899,-1.1293158326046273e-6,-1.3603834224950547e-6,-1.1079915532439993e-6,-1.1464316525638584e-6
t1900,-1.1960438370090268e-6,-1.4394178364622287e-6,-1.1731880431243292e-6,-1.2104179773491101e-6
t1901,-1.1847027140938063e-6,-1.416293783993329e-6,-1.1662932218537942e-6,-1.2106255489099252e-6
t1902,-1.1700544551260632e-6,-1.3900054251459568e-6,-1.1559970495828847e-6,-1.206829447838162e-6
t1903,-9.78248282881943e-7,-1.1316995782735786e-6,-9.793522078592182e-7,-1.0527565063315246e-6
t1904,-2.739625458345557e-7,-2.0499440357692388e-7,-3.281976740314694e-7,-5.026600134651069e-7
t1905,-1.6430821709520196e-7,-5.259020931230483e-8,-2.2903813618134132e-7,-4.174281568406577e-7
t1906,-1.2060134271846997e-7,-2.1819251794490195e-8,-1.7728978007527978e-7,-3.3939011601000523e-7
t1907,-1.0361109376566858e-7,-1.2713415654496419e-8,-1.5301800040148213e-7,-2.910355592157248e-7
t1908,-9.739444304327144e-8,-9.669752613718619e-9,-1.4491838474814256e-7,-2.7641050215936437e-7
t1909,-8.976515495246473e-8,-7.936426371349178e-9,-1.3520624109482036e-7,-2.604533159664768e-7
t1910,-8.875687516414576e-8,-9.04303337213171e-9,-1.3396917683467747e-7,-2.6100766295499727e-7
t1911,-9.862504934374879e-8,-1.2857633368306753e-8,-1.4843203616466007e-7,-2.968964943569137e-7
t1912,-1.1502906231252732e-7,-2.688621425536566e-8,-1.6754970635674133e-7,-3.2575246727610624e-7
t1913,-1.5181357195577447e-7,-7.736897398876078e-8,-2.0277619888731057e-7,-3.615801374991723e-7
t1914,-3.2961670601526033e-7,-3.138484857752602e-7,-3.6055638759538514e-7,-4.891327976683927e-7
t1915,-9.039749212990247e-7,-1.075206759670655e-6,-8.975433971059294e-7,-9.565274664154478e-7
t1916,-9.8569614960811e-7,-1.1808952341266141e-6,-9.742810612664109e-7,-1.0273646913573552e-6
t1917,-9.624964654603587e-7,-1.1442368341225985e-6,-9.538911792392199e-7,-1.011076048647574e-6
t1918,-8.585858500275571e-7,-1.0024838486389781e-6,-8.576359598999895e-7,-9.258511323458011e-7
t1919,-7.72312936129958e-7,-8.862415227421633e-7,-7.771446401003993e-7,-8.525485829687437e-7
t1920,-7.196742052382947e-7,-8.257389435076738e-7,-7.253869926741668e-7,-7.993290236312504e-7
t1921,-7.218711838514342e-7,-8.237606819154648e-7,-7.286976279863618e-7,-8.058481360393742e-7
t1922,-7.508885476770301e-7,-8.519656012357939e-7,-7.58789392527879e-7,-8.39507727494216e-7
t1923,-8.018992588906197e-7,-9.115501152911307e-7,-8.088059395640267e-7,-8.895177009856277e-7
t1924,-8.641412669147119e-7,-9.871565855143328e-7,-8.692492400929052e-7,-9.480048074051778e-7
t1925,-9.002628756582099e-7,-1.0289088208329716e-6,-9.052146740145468e-7,-9.851136873955768e-7
t1926,-8.747512281158809e-7,-9.910583214318697e-7,-8.829804213894501e-7,-9.677759702150356e-7
t1927,-7.158038616948062e-7,-7.816372446840367e-7,-7.33684482747323e-7,-8.331773341207438e-7
t1928,-2.4847006388410876e-7,-1.7637086094282582e-7,-3.0369166354657923e-7,-4.7439575972703636e-7
t1929,-1.5854168497770084e-7,-4.677443532338206e-8,-2.221538157580843e-7,-4.0911828130468353e-7
t1930,-1.1434488048074649e-7,-1.920549820246216e-8,-1.6875858680696497e-7,-3.2020357592740914e-7
t1931,-1.0309871375904686e-7,-1.1902520467302265e-8,-1.5109014146764236e-7,-2.8551961224211246e-7
t1932,-9.80999175100364e-8,-9.332336543471897e-9,-1.4378229820178266e-7,-2.750513573419524e-7
t1933,-8.992927662423017e-8,-7.256177660358549e-9,-1.3432459493943682e-7,-2.583433912173168e-7
t1934,-8.693416738370587e-8,-7.627685891421882e-9,-1.3121438262087156e-7,-2.5118808007860395e-7
t1935,-9.560381629512492e-8,-1.1319186157546459e-8,-1.4469542750817781e-7,-2.8590810281230936e-7
t1936,-1.1221326312101696e-7,-2.228095127833723e-8,-1.651407811213304e-7,-3.227805024035113e-7
t1937,-1.4164110216331639e-7,-6.238554882568818e-8,-1.9352772099153203e-7,-3.504463809958322e-7
t1938,-2.772145339443537e-7,-2.4723075672514847e-7,-3.135908196076365e-7,-4.4729330874283674e-7
t1939,-7.082075702449912e-7,-8.127964168884027e-7,-7.147156122156338e-7,-7.892166817262792e-7
t1940,-7.75648257176009e-7,-8.998806603060311e-7,-7.780746408095962e-7,-8.462709434250454e-7
t1941,-7.650052848918104e-7,-8.806358991892352e-7,-7.690292732337215e-7,-8.405012047340366e-7
t1942,-7.163065610788358e-7,-8.137761214691035e-7,-7.237019716803335e-7,-8.017911241513028e-7
t1943,-6.79494496981119e-7,-7.637042838973633e-7,-6.89601327472734e-7,-7.722018291427605e-7
t1944,-6.761018330493144e-7,-7.682936381824963e-7,-6.843648521303134e-7,-7.617391371128149e-7
t1945,-7.231402394229393e-7,-8.323114927479039e-7,-7.278841022977133e-7,-7.990912441748632e-7
t1946,-7.755231215418724e-7,-9.003873167183633e-7,-7.768110166110324e-7,-8.427111101934933e-7
t1947,-8.23118038210069e-7,-9.570974160172298e-7,-8.229533361569633e-7,-8.860374206954167e-7
t1948,-7.932696434425821e-7,-9.090458020920944e-7,-7.977215509650904e-7,-8.682458531032102e-7
t1949,-7.243347358854487e-7,-8.03909300303272e-7,-7.373998282734518e-7,-8.252082657373765e-7
t1950,-6.238746342169685e-7,-6.644415809508457e-7,-6.459443702326133e-7,-7.510467656152421e-7
t1951,-4.687314698249902e-7,-4.5855401062603154e-7,-5.024142261197463e-7,-6.342273198416828e-7
t1952,-2.0340972890082095e-7,-1.0603382876063277e-7,-2.654854483930738e-7,-4.51142543554265e-7
t1953,-1.400753969080796e-7,-2.5882586119604713e-8,-2.026221908246044e-7,-3.8878614266772545e-7
t1954,-1.0265132909842442e-7,-1.0354999151587086e-8,-1.5142270789592235e-7,-2.88267274291274e-7
t1955,-9.756127687140074e-8,-7.365937884988107e-9,-1.4413698771678842e-7,-2.7439858053596185e-7
t1956,-9.472583253350163e-8,-6.012225880232789e-9,-1.3889247010919852e-7,-2.670554008620075e-7
t1957,-8.608812186326423e-8,-3.851264071446693e-9,-1.2894118341535393e-7,-2.492569069406572e-7
t1958,-8.268522140423223e-8,-3.735973523946695e-9,-1.2475484471628637e-7,-2.421253010657175e-7
t1959,-8.941682169101673e-8,-7.292030687167975e-9,-1.350540273148582e-7,-2.66535820988443e-7
t1960,-1.1188825173295504e-7,-1.937730638916866e-8,-1.6516968260311107e-7,-3.29241262470872e-7
t1961,-1.3848964307361565e-7,-5.3427919175126707e-8,-1.918308566472335e-7,-3.5523597903079523e-7
t1962,-2.3013943267099682e-7,-1.833904080924649e-7,-2.7271188120420784e-7,-4.2132290967524406e-7
t1963,-4.950264006117286e-7,-5.259599766765369e-7,-5.156093986114304e-7,-6.218518335192741e-7
t1964,-5.055653483380131e-7,-5.371454394442761e-7,-5.259079074167496e-7,-6.326323135404513e-7
t1965,-4.789089239399636e-7,-5.004582779570942e-7,-5.015152382938148e-7,-6.116515746344497e-7
t1966,-4.6385310743170787e-7,-4.797777570072599e-7,-4.880012149864901e-7,-6.002887611308153e-7
t1967,-4.585537869580412e-7,-4.7185916031303756e-7,-4.837002971623932e-7,-5.966482867048181e-7
t1968,-4.449888062295683e-7,-4.6053978074948256e-7,-4.69063315433409e-7,-5.771737813921158e-7
t1969,-4.420642682941281e-7,-4.575733332308124e-7,-4.665223960036506e-7,-5.72792443094621e-7
t1970,-4.171838912429932e-7,-4.257302366666474e-7,-4.433302299123704e-7,-5.527681978075249e-7
t1971,-3.9502813809292733e-7,-3.947921955151996e-7,-4.2439864821434257e-7,-5.395478672489247e-7
t1972,-3.687172534004127e-7,-3.5456443053713143e-7,-4.026395719688871e-7,-5.290833218314251e-7
t1973,-3.3638797491951924e-7,-3.0665851830286335e-7,-3.7547717338381597e-7,-5.138289104737867e-7
t1974,-2.9902170435317825e-7,-2.5310224738524473e-7,-3.44753504059604e-7,-4.951473069235236e-7
t1975,-2.4503429564818676e-7,-1.7739513785591872e-7,-2.9917938336186216e-7,-4.6736167009903434e-7
t1976,-1.5474022982738764e-7,-4.129447474907719e-8,-2.1967491739959995e-7,-4.064503331389455e-7
t1977,-1.0429664575497653e-7,-8.292395500054024e-9,-1.586574314713435e-7,-3.117426447036439e-7
t1978,-8.924740404961592e-8,-3.9229665749645e-9,-1.3593446798472734e-7,-2.620341913974624e-7
t1979,-8.846216447901361e-8,-3.5878086635617827e-9,-1.345711066972713e-7,-2.579350012065835e-7
t1980,-8.547381771569985e-8,-2.618216366972691e-9,-1.2962410740798307e-7,-2.5113359891071387e-7
t1981,-7.743784942160194e-8,-4.1540748165643834e-10,-1.1980231629074637e-7,-2.327012971766615e-7
t1982,-7.450464185211775e-8,7.232145325642504e-11,-1.1581893546199734e-7,-2.2631783533222547e-7
t1983,-7.755243170077562e-8,-1.8164850793778853e-9,-1.2018331476740808e-7,-2.3612583739895442e-7
t1984,-9.72929266419011e-8,-1.003826814404909e-8,-1.4920255424416912e-7,-2.9999542206667706e-7
t1985,-1.2418999471429662e-7,-3.485761436731599e-8,-1.7785710032125407e-7,-3.3875345729003984e-7
t1986,-1.9473354524082922e-7,-1.373934517463713e-7,-2.407292315260253e-7,-3.921301700534817e-7
t1987,-4.7225100275134696e-7,-4.967382916096258e-7,-4.942170585720741e-7,-5.994970046589847e-7
t1988,-5.789275030785871e-7,-6.34597293663729e-7,-5.947698038788025e-7,-6.887884785092339e-7
t1989,-6.365296689914802e-7,-7.062997094506031e-7,-6.498571510544838e-7,-7.392626609950192e-7
t1990,-6.684100253334638e-7,-7.462993841438645e-7,-6.803583334147754e-7,-7.671323719335482e-7
t1991,-6.804810415666438e-7,-7.599203078210715e-7,-6.92311794190537e-7,-7.78411942328712e-7
t1992,-6.603843171801341e-7,-7.39483734368271e-7,-6.715760527312504e-7,-7.529904800293149e-7
t1993,-6.213145236101058e-7,-6.865570264072056e-7,-6.355137793317755e-7,-7.214315539032399e-7
t1994,-5.762890548917476e-7,-6.267306573986504e-7,-5.94009801402187e-7,-6.858871953387963e-7
t1995,-5.337648010568421e-7,-5.695785664745248e-7,-5.549695416671157e-7,-6.52767078646386e-7
t1996,-4.935581301715045e-7,-5.127377616719981e-7,-5.19235773257661e-7,-6.274504394913788e-7
t1997,-4.6294936496535225e-7,-4.6704191234187963e-7,-4.929297004798862e-7,-6.120054385382365e-7
t1998,-4.454533659443224e-7,-4.384013556435756e-7,-4.787090129099204e-7,-6.05605695087434e-7
t1999,-3.7810844428184646e-7,-3.477853824777811e-7,-4.192788635329402e-7,-5.639184218975539e-7
t2000,-1.8255829983097144e-7,-7.951523030408388e-8,-2.4834306198848205e-7,-4.3478541146078774e-7
t2001,-1.3063697197913224e-7,-2.0737147466940388e-8,-1.949289532297481e-7,-3.7566243868606145e-7
t2002,-1.0208176985794041e-7,-9.755599073211228e-9,-1.5377798615377845e-7,-2.90850417949002e-7
t2003,-1.0285206899508618e-7,-8.893410373412778e-9,-1.538834387346409e-7,-2.887280023045151e-7
t2004,-9.762804264136028e-8,-7.053987365882274e-9,-1.4769283036801164e-7,-2.7902698058710223e-7
t2005,-9.120067660562424e-8,-5.111988618878576e-9,-1.3891188838253632e-7,-2.6371791794172646e-7
t2006,-8.695845779602065e-8,-4.258019630914898e-9,-1.340617446854219e-7,-2.5574106147790634e-7
t2007,-8.891724587045565e-8,-5.996166403994528e-9,-1.3676317742962083e-7,-2.6139454252840303e-7
t2008,-1.1105716478566144e-7,-1.52810253207754e-8,-1.697466419734848e-7,-3.3098749961051213e-7
t2009,-1.4752195147342797e-7,-4.756586230266293e-8,-2.0999804152165407e-7,-3.8484063607489886e-7
t2010,-2.465258528449531e-7,-1.849351057729645e-7,-2.992564287790744e-7,-4.632576521019777e-7
t2011,-7.362199946444126e-7,-8.18353774591345e-7,-7.511440939294074e-7,-8.451571201518003e-7
t2012,-8.7157143768294e-7,-9.968301129329622e-7,-8.773445448866388e-7,-9.592662981260347e-7
t2013,-9.944744223967523e-7,-1.1583395856872958e-6,-9.926051833310225e-7,-1.063298027079546e-6
t2014,-1.1057738616707135e-6,-1.3078326502604042e-6,-1.0945539807832836e-6,-1.1506686435634835e-6
t2015,-1.2002595846530055e-6,-1.4345136616475454e-6,-1.1803563416011965e-6,-1.2233776193392401e-6
t2016,-1.2492189045100299e-6,-1.5059871998724777e-6,-1.2215449274398889e-6,-1.2532205191697671e-6
t2017,-1.3000325896756447e-6,-1.5721415278729906e-6,-1.2679231288825687e-6,-1.2940177648385305e-6
t2018,-1.4124288195478993e-6,-1.7184215358337187e-6,-1.3708022149297375e-6,-1.3860378186408494e-6
t2019,-1.5491947828125477e-6,-1.8938508341406906e-6,-1.4955767246542e-6,-1.4977371741401535e-6
t2020,-1.613856414774118e-6,-1.975287771410121e-6,-1.5568336243015167e-6,-1.5539859560871008e-6
t2021,-1.5214852355775027e-6,-1.8533155478496717e-6,-1.475432307356905e-6,-1.4865970585567393e-6
t2022,-1.3595914238830085e-6,-1.6385135335829642e-6,-1.3299850537217465e-6,-1.3619165320124468e-6
t2023,-9.848813110720058e-7,-1.1398155013010627e-6,-9.862745745810617e-7,-1.0596398761308588e-6
t2024,-2.589736698071305e-7,-1.891717811944563e-7,-3.18207937082603e-7,-4.942207830391102e-7
t2025,-1.5898825469964732e-7,-4.5619685887144334e-8,-2.2926807092144358e-7,-4.2267547061448524e-7
t2026,-1.1445562056436113e-7,-1.772129332510861e-8,-1.718034779455294e-7,-3.228958955633244e-7
t2027,-1.092161868668432e-7,-1.2571632171225356e-8,-1.6309694000553535e-7,-3.0244747240558156e-7
t2028,-1.055373404917206e-7,-1.0546214604462905e-8,-1.5843775620874732e-7,-2.953526576020265e-7
t2029,-1.0013657772560251e-7,-8.821096112830164e-9,-1.5229056073941886e-7,-2.850611092096086e-7
t2030,-9.911724336118664e-8,-8.92717652415825e-9,-1.504070220832632e-7,-2.823969273567939e-7
t2031,-1.0359668297150563e-7,-1.1948732017226345e-8,-1.5663245684857252e-7,-2.927924106506259e-7
t2032,-1.3429405509205854e-7,-2.5838712982645392e-8,-1.9983586627356317e-7,-3.8136613588470753e-7
t2033,-1.8101489253485542e-7,-7.319855657971408e-8,-2.4938764705651036e-7,-4.388620516217212e-7
t2034,-4.027333886112746e-7,-3.71328886621896e-7,-4.4652591549306674e-7,-6.036417231935076e-7
t2035,-1.8767350451192903e-6,-2.2940148778000904e-6,-1.8133756487814091e-6,-1.8050284312039884e-6
t2036,-2.306794433147225e-6,-2.830795245080192e-6,-2.209105306885699e-6,-2.159370999880325e-6
t2037,-2.4263982537096413e-6,-2.9782574923732627e-6,-2.3196442621500324e-6,-2.260199445167333e-6
t2038,-2.4066011285942976e-6,-2.953240250833527e-6,-2.295165335809546e-6,-2.2327724664897306e-6
t2039,-2.260441536532997e-6,-2.7743549699287666e-6,-2.157508406435995e-6,-2.1050819732730395e-6
t2040,-2.1332905284450226e-6,-2.6186144675883972e-6,-2.033092713649607e-6,-1.984740800263445e-6
t2041,-2.0667929345617614e-6,-2.539054796885891e-6,-1.9691629150743542e-6,-1.9228910224142996e-6
t2042,-2.076090023517232e-6,-2.550240292998594e-6,-1.9766188428234196e-6,-1.9266403365376488e-6
t2043,-2.113543387039285e-6,-2.5959448330034126e-6,-2.0102572870019454e-6,-1.956318957907287e-6
t2044,-2.035707062283926e-6,-2.5003194130875345e-6,-1.9436299160273795e-6,-1.9012231287188116e-6
t2045,-1.7599581106829107e-6,-2.153286635051392e-6,-1.6967543441777126e-6,-1.688640383449863e-6
t2046,-1.4018087554474775e-6,-1.6889155772465568e-6,-1.37152964002587e-6,-1.4047281341187166e-6
t2047,-9.334415169313754e-7,-1.0669362587416779e-6,-9.396744522810387e-7,-1.0229826791645422e-6
t2048,-2.6416169455732095e-7,-1.9141936027917e-7,-3.2444469079081334e-7,-5.04676258712397e-7
t2049,-1.6136270216659065e-7,-4.795992458923074e-8,-2.3049483762982984e-7,-4.2420689987875215e-7
t2050,-1.1775154088214055e-7,-2.0876115541638303e-8,-1.7489309309279074e-7,-3.3040793510738825e-7
t2051,-1.035846763174192e-7,-1.2231495741704699e-8,-1.5418888274954597e-7,-2.903022140018683e-7
t2052,-9.535823844522315e-8,-8.47132067878254e-9,-1.429197689448195e-7,-2.729557065966994e-7
t2053,-8.636165902952543e-8,-5.985457963898648e-9,-1.3206360249548282e-7,-2.542840061275523e-7
t2054,-8.385938952350684e-8,-6.2715729974765245e-9,-1.2775244530614263e-7,-2.463261863833729e-7
t2055,-9.135764519013622e-8,-9.16547438388252e-9,-1.3999590781164363e-7,-2.768562970420271e-7
t2056,-1.0924259391018254e-7,-1.973106087852088e-8,-1.6264007071101658e-7,-3.166846531124562e-7
t2057,-1.387863459527322e-7,-5.6996792788704304e-8,-1.9140640403938893e-7,-3.4523702424883657e-7
t2058,-2.734218059100224e-7,-2.387450361145751e-7,-3.099142232075688e-7,-4.4041729651334083e-7
t2059,-9.167287241673488e-7,-1.089985069893165e-6,-9.087558656133778e-7,-9.58313032444494e-7
t2060,-1.0469372046183874e-6,-1.2609195039367697e-6,-1.0302216115443057e-6,-1.069950883953486e-6
t2061,-1.1503908831875376e-6,-1.3933372275337855e-6,-1.1277646110500026e-6,-1.1597784642222842e-6
t2062,-1.2093741242254064e-6,-1.4674253564522031e-6,-1.1831798942670062e-6,-1.21064287810281e-6
t2063,-1.2234691736332794e-6,-1.4824130335238195e-6,-1.1966593542985919e-6,-1.2240369874982994e-6
t2064,-1.2577519834595224e-6,-1.5349721135784018e-6,-1.2239602489591948e-6,-1.2401930322712057e-6
t2065,-1.4175114344499007e-6,-1.740107582467417e-6,-1.3699765456899904e-6,-1.370447708066919e-6
t2066,-1.846251383196784e-6,-2.279596251927025e-6,-1.7612630123160308e-6,-1.7162954777627968e-6
t2067,-2.4671001189706725e-6,-3.026178309608743e-6,-2.331593481291726e-6,-2.2179088082443467e-6
t2068,-2.808670716682355e-6,-3.429949180633272e-6,-2.6520164819322175e-6,-2.506942548959696e-6
t2069,-2.8202000997537125e-6,-3.443192534529479e-6,-2.6684219370693106e-6,-2.5265464828312867e-6
t2070,-2.5905127759059304e-6,-3.1750022230151524e-6,-2.462542051728214e-6,-2.3553821630143806e-6
t2071,-1.7828678789525017e-6,-2.182967149574104e-6,-1.7245681931908735e-6,-1.7116877776516145e-6
t2072,-3.1132969346542435e-7,-2.547223313290439e-7,-3.6176240098639554e-7,-5.286172552883651e-7
t2073,-1.758074838377055e-7,-6.429017950956535e-8,-2.40355768249869e-7,-4.3123343206846857e-7
t2074,-1.3227305573759835e-7,-2.9179317556838332e-8,-1.9097352510194044e-7,-3.594010894763965e-7
t2075,-1.0998189150065639e-7,-1.7393136556837808e-8,-1.6099592160428342e-7,-3.046017347574788e-7
t2076,-1.037649541490563e-7,-1.4406444584436788e-8,-1.5203118757144245e-7,-2.8702511314638096e-7
t2077,-9.950537698471596e-8,-1.435577202195086e-8,-1.4651340941093212e-7,-2.791043480525855e-7
t2078,-1.0375416353612879e-7,-1.639540907963194e-8,-1.5329784750644497e-7,-2.977445428019003e-7
t2079,-1.1523434366903113e-7,-2.3480773360243914e-8,-1.6842310807984624e-7,-3.270188494828896e-7
t2080,-1.395465275494515e-7,-5.0478859480939176e-8,-1.9249636735493456e-7,-3.499559601980236e-7
t2081,-1.990789293500745e-7,-1.3470833263177202e-7,-2.4670390598492884e-7,-3.942435507245789e-7
t2082,-6.246831758289846e-7,-6.922340446042e-7,-6.377811515821101e-7,-7.201892675879479e-7
t2083,-4.5692134051929605e-6,-5.3989085982352e-6,-4.302509301835064e-6,-3.9304929276721835e-6
t2084,-5.993008895883966e-6,-6.9372388876197625e-6,-5.65415559331219e-6,-5.1344026428717955e-6
t2085,-6.718068448392158e-6,-7.703434155801226e-6,-6.346752335687133e-6,-5.763538125881285e-6
t2086,-7.1166880713326294e-6,-8.12160937304396e-6,-6.729022889683872e-6,-6.107127662888366e-6
t2087,-7.312413342431318e-6,-8.322368536232416e-6,-6.905571249596767e-6,-6.265178373912711e-6
t2088,-7.05227783665054e-6,-8.001717734821261e-6,-6.650636293877995e-6,-6.027479275174911e-6
t2089,-7.1531228981431765e-6,-8.114713711630168e-6,-6.742989344958224e-6,-6.110539824246426e-6
t2090,-7.0863256136129764e-6,-8.05920227429698e-6,-6.6759772239607964e-6,-6.051817944043261e-6
t2091,-6.82261537760718e-6,-7.794735574500512e-6,-6.424132677929202e-6,-5.83235719905729e-6
t2092,-6.352357162221839e-6,-7.336310877411592e-6,-5.97861850483033e-6,-5.441188300764315e-6
t2093,-5.743644620789383e-6,-6.702620455890977e-6,-5.412011248522054e-6,-4.941572255658632e-6
t2094,-4.966484522251636e-6,-5.8807122014486174e-6,-4.681491229308244e-6,-4.30052141237478e-6
t2095,-3.3548263034803908e-6,-4.08263594513571e-6,-3.1787722079826836e-6,-2.9915162176955855e-6
t2096,-4.2975080210560827e-7,-4.0462800967473937e-7,-4.6850271870137786e-7,-6.206378234751222e-7
t2097,-1.9271928060593336e-7,-8.721913574311469e-8,-2.545798294791308e-7,-4.4087023048529254e-7
t2098,-1.479730457260959e-7,-3.839371319762177e-8,-2.0811361942438685e-7,-3.900064470038422e-7
t2099,-1.1737955328858181e-7,-2.1358306891092785e-8,-1.7008481194559694e-7,-3.21106262278276e-7
t2100,-1.0861188201176035e-7,-1.680312303007e-8,-1.573912670066318e-7,-2.991182304472972e-7
t2101,-1.015476547870882e-7,-1.5453949537836872e-8,-1.4930500249603788e-7,-2.8467515322201763e-7
t2102,-1.0600483040904108e-7,-1.6946900133186505e-8,-1.5599673984080415e-7,-3.0372271801077885e-7
t2103,-1.1522501160166026e-7,-2.238573553418507e-8,-1.683526521172523e-7,-3.2687677069050466e-7
t2104,-1.3493869079176077e-7,-4.638016468367772e-8,-1.8834485860144882e-7,-3.459658300325617e-7
t2105,-1.9229908414179986e-7,-1.2884921145932557e-7,-2.3897815916285016e-7,-3.871261449397552e-7
t2106,-5.226404471993944e-7,-5.618269375413314e-7,-5.407711543683388e-7,-6.360782703417086e-7
t2107,-3.2370560586602393e-6,-3.921331584935315e-6,-3.0510021517580267e-6,-2.836841636975253e-6
t2108,-4.093463184601071e-6,-4.885919777584388e-6,-3.849208452914469e-6,-3.537870936733913e-6
t2109,-4.470217834630992e-6,-5.3021423170240546e-6,-4.205029368558974e-6,-3.855566886230779e-6
t2110,-4.743740009229749e-6,-5.614865920935456e-6,-4.46534174806307e-6,-4.098756065215427e-6
t2111,-5.019893740739041e-6,-5.893971049069652e-6,-4.7134268589157666e-6,-4.307298624178221e-6
t2112,-5.054201448294613e-6,-5.902641204198251e-6,-4.737628895791582e-6,-4.318178800937828e-6
t2113,-5.1373610643255354e-6,-5.991098843644416e-6,-4.814537602630282e-6,-4.387906438815382e-6
t2114,-5.026820804839079e-6,-5.871937678133982e-6,-4.710223792922801e-6,-4.295676896898432e-6
t2115,-4.915334169963409e-6,-5.771531046827671e-6,-4.606377100567968e-6,-4.212850741805927e-6
t2116,-4.607280053337235e-6,-5.45707983233093e-6,-4.325955283572593e-6,-3.975538701279058e-6
t2117,-4.186847138743503e-6,-5.0005242196093145e-6,-3.933578031937706e-6,-3.6356287666452493e-6
t2118,-3.603922435281938e-6,-4.348463515774873e-6,-3.3942302040618274e-6,-3.1652365136735644e-6
t2119,-2.256575910027581e-6,-2.775536421662705e-6,-2.155944389989226e-6,-2.089245939329945e-6
t2120,-3.155884114507399e-7,-2.667913725815099e-7,-3.630422831097657e-7,-5.249606686488392e-7
t2121,-1.9939526097013342e-7,-5.453126149491742e-8,-2.658832132001684e-7,-4.90226940187433e-7
t2122,-1.521418895084953e-7,-2.76736355813773e-8,-2.028837085713258e-7,-3.73816437555334e-7
t2123,-1.4251939900027023e-7,-2.217061572711586e-8,-1.9122829078873174e-7,-3.562978583394585e-7
t2124,-1.2984370002184922e-7,-1.770130927689493e-8,-1.7629332262683162e-7,-3.2983750708279684e-7
t2125,-1.1955852973415247e-7,-1.4893650407008844e-8,-1.6453434990935732e-7,-3.077845911507599e-7
t2126,-1.1517270816962188e-7,-1.4536109315122483e-8,-1.5938561215617923e-7,-2.9857711355283207e-7
t2127,-1.2135906436500335e-7,-1.893289501302165e-8,-1.676926050100368e-7,-3.160220183664794e-7
t2128,-1.5607993288153307e-7,-3.727877027571191e-8,-2.1343955075559756e-7,-4.0434683512496134e-7
t2129,-2.027755343283144e-7,-9.663301058329718e-8,-2.580086111822058e-7,-4.4832770026985476e-7
t2130,-4.3367384441816107e-7,-4.0677429582002726e-7,-4.693396750994076e-7,-6.223518806647089e-7
t2131,-1.84856807884887e-6,-2.2695507017360416e-6,-1.7987475237002967e-6,-1.7900948265938411e-6
t2132,-2.22987603177267e-6,-2.7480242158706555e-6,-2.155809696206333e-6,-2.1083981800397845e-6
t2133,-2.31103817861585e-6,-2.8451184688288024e-6,-2.2323102131905853e-6,-2.179748345679246e-6
t2134,-2.3430477403414117e-6,-2.8799377790861e-6,-2.2638463050671345e-6,-2.2125418200033996e-6
t2135,-2.5091318065021226e-6,-3.0828213875930244e-6,-2.4133641601092737e-6,-2.338600791025775e-6
t2136,-2.72224347777284e-6,-3.34142781735857e-6,-2.6079979898929727e-6,-2.507978606442388e-6
t2137,-2.7825768926058313e-6,-3.3924962178498674e-6,-2.615919784403658e-6,-2.457561418895321e-6
t2138,-2.872301380611426e-6,-3.492770865659647e-6,-2.6927888302801238e-6,-2.524150335449897e-6
t2139,-2.933754983837957e-6,-3.5675864065125786e-6,-2.7540543518320686e-6,-2.583663328773685e-6
t2140,-2.6609947235044632e-6,-3.25320366684427e-6,-2.5091262348069233e-6,-2.3775449737259543e-6
t2141,-2.3364983999136955e-6,-2.8684439180846463e-6,-2.2207600273203232e-6,-2.1356489603568627e-6
t2142,-1.9763849274424776e-6,-2.4281103037802426e-6,-1.8947662035624379e-6,-1.8527351491307035e-6
t2143,-1.3139895317843962e-6,-1.5816131411187756e-6,-1.2883531276779937e-6,-1.319879884034148e-6
t2144,-2.7613696385293436e-7,-2.15541656547409e-7,-3.2816294216911847e-7,-4.926150384627962e-7
t2145,-1.5799647936984968e-7,-5.552311552468539e-8,-2.203239343788545e-7,-3.9815966305075004e-7
t2146,-1.19978395559919e-7,-2.2688289462692744e-8,-1.7552975518002134e-7,-3.3246615828504247e-7
t2147,-1.0581650315219516e-7,-1.3156805444517483e-8,-1.553491044138683e-7,-2.9315656202028727e-7
t2148,-1.0029941715244665e-7,-9.838365363631399e-9,-1.475513584674324e-7,-2.8084645561918726e-7
t2149,-9.653137877845424e-8,-8.475413252466964e-9,-1.4220750466352397e-7,-2.717576906673744e-7
t2150,-9.63110703951292e-8,-9.05369211210559e-9,-1.4135152046319638e-7,-2.702354027564705e-7
t2151,-1.0234794245937048e-7,-1.3061315818887478e-8,-1.491013430882924e-7,-2.853535127506752e-7
t2152,-1.2769290997212414e-7,-2.4779353143485902e-8,-1.8262270828335198e-7,-3.526591226355757e-7
t2153,-1.6457260581735582e-7,-6.080062563962026e-8,-2.2107815923180026e-7,-3.991922436522189e-7
t2154,-2.6273766579430883e-7,-1.992875912480985e-7,-3.1021196718535104e-7,-4.73478600370284e-7
t2155,-6.085937026844499e-7,-6.438772058355722e-7,-6.306987683246562e-7,-7.365174485483605e-7
t2156,-6.443356582055043e-7,-6.862273357606481e-7,-6.646296463421041e-7,-7.678816218919961e-7
t2157,-6.477978620068062e-7,-6.853078305058785e-7,-6.692847014022239e-7,-7.752363096502263e-7
t2158,-6.588246856096286e-7,-6.960179419400488e-7,-6.809371692583399e-7,-7.902814011083767e-7
t2159,-6.906193322943398e-7,-7.443115946206866e-7,-7.095468974155659e-7,-8.09632349307604e-7
t2160,-7.082600098588295e-7,-7.728351024544552e-7,-7.247972914322262e-7,-8.175487909885157e-7
t2161,-6.826796178354478e-7,-7.368219690469117e-7,-7.01750587196314e-7,-8.023861286944111e-7
t2162,-6.110172657461338e-7,-6.427181676286028e-7,-6.345378812903113e-7,-7.446770030741887e-7
t2163,-5.227865180874564e-7,-5.279287735080794e-7,-5.525242756005507e-7,-6.769659549785238e-7
t2164,-4.4650859089551707e-7,-4.265587186808968e-7,-4.832682566762638e-7,-6.27171768440746e-7
t2165,-3.919653503628498e-7,-3.516970662839149e-7,-4.356817873335553e-7,-5.957629328529578e-7
t2166,-3.6332270733728394e-7,-3.0909258308316045e-7,-4.1152992304416776e-7,-5.846132669634902e-7
t2167,-3.113748242874099e-7,-2.3530874857732587e-7,-3.6691893353214316e-7,-5.581073151674043e-7
t2168,-2.0358948152748557e-7,-7.241623622045971e-8,-2.729049987723462e-7,-4.882183306975183e-7
t2169,-1.4048926312182815e-7,-1.828451555880335e-8,-2.054835384114783e-7,-4.007310624219503e-7
t2170,-1.175394719301888e-7,-1.236390319279758e-8,-1.678020588035544e-7,-3.1515247162695756e-7
t2171,-1.1611609838875958e-7,-1.1682531300181606e-8,-1.6541647017918862e-7,-3.1146692008331164e-7
t2172,-1.1019495779871455e-7,-9.882686682676025e-9,-1.5890209254881932e-7,-2.985198866727133e-7
t2173,-1.0216265509069268e-7,-7.51837786946229e-9,-1.5027742776593164e-7,-2.854973879756028e-7
t2174,-9.636236594450618e-8,-5.978969061924004e-9,-1.4387359783001955e-7,-2.7240581915925105e-7
t2175,-9.586491013041652e-8,-6.088194276710653e-9,-1.4353142568332985e-7,-2.71382035349725e-7
t2176,-1.0321992889094892e-7,-9.11163172394087e-9,-1.546018068139349e-7,-2.9658186184516614e-7
t2177,-1.485223569936377e-7,-2.95454810860455e-8,-2.149789843384275e-7,-4.130059208655683e-7
t2178,-2.1670197619894723e-7,-1.2012051959134218e-7,-2.803737975874746e-7,-4.770805622444079e-7
t2179,-5.205357250507855e-7,-5.177046730308164e-7,-5.549710368357265e-7,-7.000677122610813e-7
t2180,-6.454594742963487e-7,-6.786206650855856e-7,-6.709183248999414e-7,-7.99272711293145e-7
t2181,-6.34888846680278e-7,-6.636934520642594e-7,-6.615549926970214e-7,-7.901217854149043e-7
t2182,-5.871658091498678e-7,-5.999549888620559e-7,-6.175725015418127e-7,-7.53634332126395e-7
t2183,-5.550920607487913e-7,-5.699669310847782e-7,-5.841676343547622e-7,-7.113951263534029e-7
t2184,-5.261083893747833e-7,-5.390405669540029e-7,-5.554308081191377e-7,-6.788653692430914e-7
t2185,-5.070402270231409e-7,-5.034850986661283e-7,-5.416465072043029e-7,-6.813420860293192e-7
t2186,-4.775150466184654e-7,-4.6486519447491013e-7,-5.147676951901215e-7,-6.604345310028653e-7
t2187,-4.296442910377162e-7,-4.025794941273196e-7,-4.7096499620583435e-7,-6.232339101039288e-7
t2188,-3.851975736780659e-7,-3.421176279172776e-7,-4.3243331299590027e-7,-5.970665013727378e-7
t2189,-3.4154477631519836e-7,-2.786897231376449e-7,-3.9615428490840317e-7,-5.782555226978976e-7
t2190,-3.1494991485216777e-7,-2.3558793327679512e-7,-3.7690317912352084e-7,-5.734623836907302e-7
t2191,-2.6745780566528034e-7,-1.6285126703993855e-7,-3.39208194212846e-7,-5.480819750200257e-7
t2192,-1.8122442827915088e-7,-3.405165706335043e-8,-2.5946693640432777e-7,-4.864251833844281e-7
t2193,-1.1915479362263657e-7,-1.2571811413590238e-8,-1.7569528892180266e-7,-3.318678143478168e-7
t2194,-1.2328659851222997e-7,-1.4077814338764252e-8,-1.7730314423022414e-7,-3.3228347114074744e-7
t2195,-1.2380808601277878e-7,-1.4229307024771586e-8,-1.7776407652999237e-7,-3.2894933109934024e-7
t2196,-1.198011056909835e-7,-1.303040911014588e-8,-1.7286320064127182e-7,-3.2144749169744255e-7
t2197,-1.1315061632390487e-7,-1.0966088783383156e-8,-1.6474161378599393e-7,-3.092289578287196e-7
t2198,-1.103839981366321e-7,-1.0184625455908505e-8,-1.6229455411182464e-7,-3.0413799006589936e-7
t2199,-1.0920883893303844e-7,-9.94093187783948e-9,-1.614987766168165e-7,-3.031528340328259e-7
t2200,-1.1040495379624074e-7,-1.0324132650146076e-8,-1.625960891398879e-7,-3.0596989889923583e-7
t2201,-1.292367443504615e-7,-1.496924501612997e-8,-1.9361190572438713e-7,-3.769659299727829e-7
t2202,-1.8920968761844386e-7,-6.157588539594141e-8,-2.641302225198213e-7,-4.7527544030313147e-7
t2203,-3.2164909659025864e-7,-2.5060808189110594e-7,-3.801342887625465e-7,-5.704462385974084e-7
t2204,-3.718249176997665e-7,-3.165016130661621e-7,-4.239756152292417e-7,-6.033358703273463e-7
t2205,-3.680639689642847e-7,-3.1082901950040766e-7,-4.2022401501705437e-7,-6.005144836061601e-7
t2206,-3.578091339607514e-7,-3.001125373590923e-7,-4.110630106722099e-7,-5.907458493961081e-7
t2207,-3.4694517240914945e-7,-3.0022543369712727e-7,-3.9527575994025067e-7,-5.57537932372511e-7
t2208,-3.275656550309605e-7,-2.796362761774113e-7,-3.766688689817808e-7,-5.370534055022908e-7
t2209,-2.9968626329723366e-7,-2.5934913160935495e-7,-3.4502181099622325e-7,-4.910804020434186e-7
t2210,-2.876372714203406e-7,-2.441308110937002e-7,-3.339135494764449e-7,-4.824538310175733e-7
t2211,-2.817789980190041e-7,-2.350546674249603e-7,-3.2984324660305973e-7,-4.796712850250926e-7
t2212,-2.7364251245840276e-7,-2.1849142637508454e-7,-3.253662827911769e-7,-4.834428627507961e-7
t2213,-2.6477628402560685e-7,-1.990902371996994e-7,-3.2072075484132046e-7,-4.898233600540956e-7
t2214,-2.5492188400770473e-7,-1.7845446375122627e-7,-3.1560840821063777e-7,-4.94116371550581e-7
t2215,-2.2675826778788804e-7,-1.323251967192138e-7,-2.940355323541119e-7,-4.83707673955903e-7
t2216,-1.622872719146636e-7,-3.390328864024336e-8,-2.3377331200444455e-7,-4.363372675205516e-7
t2217,-1.0879007663563598e-7,-9.614573220468844e-9,-1.627895246002568e-7,-3.132060895725693e-7
t2218,-1.0313137851136577e-7,-8.01533745488594e-9,-1.522945488669659e-7,-2.9037489063372096e-7
t2219,-9.495193064341771e-8,-5.399513325955033e-9,-1.414800471561045e-7,-2.7086819603927084e-7
t2220,-8.912002562466688e-8,-3.5463743122332557e-9,-1.3348020386404827e-7,-2.554363475746123e-7
t2221,-8.17431925733848e-8,-1.428579947464966e-9,-1.2384371580682128e-7,-2.391322903602661e-7
t2222,-7.746185667726179e-8,-3.5642786273576133e-10,-1.1865284665712714e-7,-2.3076488173607436e-7
t2223,-7.790295855583934e-8,-9.19996831377789e-10,-1.1934233431493898e-7,-2.3296200116550293e-7
t2224,-8.883360578814903e-8,-4.734888268368831e-9,-1.3605540693130688e-7,-2.701174279130568e-7
t2225,-1.1833278091846862e-7,-2.0526550986644856e-8,-1.7281473819042863e-7,-3.3558432696974337e-7
t2226,-1.5820149314617702e-7,-7.531325040880837e-8,-2.109993375305139e-7,-3.707852586826696e-7
t2227,-2.889944736108369e-7,-2.5016397386504243e-7,-3.266446245596178e-7,-4.6050417922998564e-7
t2228,-3.1924967183430837e-7,-2.8678669216931215e-7,-3.5453717637180937e-7,-4.853289560776553e-7
t2229,-3.1250456000545256e-7,-2.7540266824939856e-7,-3.499021563787622e-7,-4.848513276626223e-7
t2230,-3.10022663819466e-7,-2.6782972582579343e-7,-3.4964367621324266e-7,-4.898020188223368e-7
t2231,-3.1242983075723154e-7,-2.7627719383024657e-7,-3.5089173534071046e-7,-4.856209349555151e-7
t2232,-3.2241730245987674e-7,-2.9544480654527505e-7,-3.57629957808054e-7,-4.842076772504625e-7
t2233,-3.344658858182774e-7,-3.1029368721042854e-7,-3.6980960616113897e-7,-4.951668561528522e-7
t2234,-3.3355112665182984e-7,-3.079953192561234e-7,-3.695081052745014e-7,-4.980160734843509e-7
t2235,-3.3181714810500365e-7,-3.015506063889495e-7,-3.699395924560709e-7,-5.030509281033321e-7
t2236,-3.3514610827776444e-7,-2.9817079663757716e-7,-3.763782440548534e-7,-5.196882864993821e-7
t2237,-3.3347241571541536e-7,-2.8789178541367335e-7,-3.782336994589997e-7,-5.318991548520725e-7
t2238,-3.25349665430527e-7,-2.702691278992692e-7,-3.7390544505109217e-7,-5.362919042821504e-7
t2239,-2.8125623189512007e-7,-2.068345845647372e-7,-3.3621438973508193e-7,-5.144664707913215e-7
t2240,-1.749581862767597e-7,-4.702458844564592e-8,-2.433126395839266e-7,-4.429182166505139e-7
t2241,-1.1563599456879977e-7,-1.2109700927333498e-8,-1.700185050775988e-7,-3.28744465533542e-7
t2242,-1.0438403357560468e-7,-8.545683492551837e-9,-1.527763188042257e-7,-2.8877418167609586e-7
t2243,-9.419558811644771e-8,-5.2884570288336914e-9,-1.4007424401443352e-7,-2.68860018844341e-7
t2244,-9.031710224305573e-8,-4.0244644335418795e-9,-1.352039418005667e-7,-2.591135626737083e-7
t2245,-8.43513695591412e-8,-2.2980452893219826e-9,-1.2710321285074163e-7,-2.459028845732524e-7
t2246,-8.089368618632288e-8,-1.4452535399661253e-9,-1.2239022453331862e-7,-2.3731753292465645e-7
t2247,-8.079108721036199e-8,-2.06014900675468e-9,-1.2278836318788802e-7,-2.3908911209607054e-7
t2248,-9.535065333655538e-8,-7.237961115230635e-9,-1.4447009059578154e-7,-2.8890428452129873e-7
t2249,-1.2464977481475058e-7,-2.5230925057270646e-8,-1.7909684874742162e-7,-3.476436640292579e-7
t2250,-1.693432231610609e-7,-8.778206800591398e-8,-2.2164065381912065e-7,-3.8502182542704865e-7
t2251,-3.138872821542578e-7,-2.8006331414193306e-7,-3.4993828093816816e-7,-4.855381146228929e-7
t2252,-3.5408044197651915e-7,-3.3183475476638865e-7,-3.8624064577458924e-7,-5.157197466539708e-7
t2253,-3.455927735774461e-7,-3.193082815841333e-7,-3.7969363818847827e-7,-5.125767679700523e-7
t2254,-3.4409586075464863e-7,-3.131823769032339e-7,-3.8041358093981997e-7,-5.202837919068672e-7
t2255,-3.572315487733206e-7,-3.3619267393980916e-7,-3.9148851663686765e-7,-5.22501501586265e-7
t2256,-3.8602308291287083e-7,-3.7721046296973563e-7,-4.165622033845361e-7,-5.35902497249252e-7
t2257,-3.9206991656139835e-7,-3.8322002682151423e-7,-4.2298344361232937e-7,-5.431493850814809e-7
t2258,-3.6598163231835505e-7,-3.468240374200337e-7,-4.004082143228035e-7,-5.279054438292145e-7
t2259,-3.4265854186491643e-7,-3.140761145676572e-7,-3.8098106204849566e-7,-5.181100701498019e-7
t2260,-3.2701926021227963e-7,-2.861181301853705e-7,-3.6981147574914305e-7,-5.219865616348546e-7
t2261,-3.0858674361176153e-7,-2.5346464293405e-7,-3.564746111192984e-7,-5.23031974763879e-7
t2262,-2.871152055129603e-7,-2.1716581446107583e-7,-3.409855031546397e-7,-5.182506907972997e-7
t2263,-2.448801089785853e-7,-1.5275421522964504e-7,-3.0482435187780434e-7,-4.977910638165692e-7
t2264,-1.690325365436211e-7,-3.7365613376125514e-8,-2.3602198688522891e-7,-4.3972198462077776e-7
t2265,-1.156738164474945e-7,-1.0889300571101086e-8,-1.6936802859420834e-7,-3.3008812777174283e-7
t2266,-1.0473817952538629e-7,-8.181683437040124e-9,-1.516096132199601e-7,-2.8989152100291074e-7
t2267,-9.560450177505123e-8,-5.418337808744206e-9,-1.4034957354033515e-7,-2.6942056443671756e-7
t2268,-9.05444467562574e-8,-3.846976562717708e-9,-1.3411333969284989e-7,-2.575300670548563e-7
t2269,-8.287933633706264e-8,-1.668777256301598e-9,-1.248696055632477e-7,-2.425922012368335e-7
t2270,-7.773855726562734e-8,-3.461225455116025e-10,-1.186425777178148e-7,-2.308732575733101e-7
t2271,-7.785762718060913e-8,-8.352328655579179e-10,-1.1845676123935624e-7,-2.3134519515350363e-7
t2272,-9.218191140841098e-8,-5.82283567643487e-9,-1.4081650563167163e-7,-2.831389868782376e-7
t2273,-1.188749301304692e-7,-2.33625545741245e-8,-1.7243263719861004e-7,-3.361281809556316e-7
t2274,-1.54142953287734e-7,-7.41700267023347e-8,-2.0585682535682204e-7,-3.6241028472639534e-7
t2275,-2.6247430698015344e-7,-2.1931726760495328e-7,-3.016883942917811e-7,-4.4069268860745266e-7
t2276,-2.909192504505649e-7,-2.5521716743319104e-7,-3.2777468520612375e-7,-4.6315518480775854e-7
t2277,-2.952166340430063e-7,-2.5868439432755276e-7,-3.325257193057627e-7,-4.6865249125227943e-7
t2278,-2.853255816309793e-7,-2.410985136096039e-7,-3.2595899625743724e-7,-4.687813274298498e-7
t2279,-2.7537884107422296e-7,-2.3295388668121936e-7,-3.1612502374757446e-7,-4.529554980805444e-7
t2280,-2.827292330147064e-7,-2.48604358267901e-7,-3.2073186694090197e-7,-4.49352291883354e-7
t2281,-3.0066071990748517e-7,-2.690065853319059e-7,-3.3790773423122816e-7,-4.671261635759422e-7
t2282,-3.169179870244985e-7,-2.8886285346930065e-7,-3.5359988745141086e-7,-4.808117290529763e-7
t2283,-3.30951143345987e-7,-3.0384590222721264e-7,-3.681427622205456e-7,-4.981240890312911e-7
t2284,-3.4173249460531544e-7,-3.110969735862238e-7,-3.8031422637687754e-7,-5.179941124284024e-7
t2285,-3.4007258730533496e-7,-2.962421023366552e-7,-3.84133674704964e-7,-5.374478337976128e-7
t2286,-3.3116993180767814e-7,-2.7732274442156036e-7,-3.791139357577213e-7,-5.438538609441523e-7
t2287,-2.876522480778303e-7,-2.1459377984920923e-7,-3.4191671750701606e-7,-5.189410092218075e-7
t2288,-1.772902100119165e-7,-5.0648997796325705e-8,-2.4567661621153406e-7,-4.4568588739278646e-7
t2289,-1.1791816424152422e-7,-1.2884666511579345e-8,-1.737045933464151e-7,-3.3541077772558163e-7
t2290,-1.0724948768283401e-7,-9.390025824986507e-9,-1.5609526255141699e-7,-2.952688814207715e-7
t2291,-9.793625453729926e-8,-6.4137200322483886e-9,-1.445442286375874e-7,-2.747607698804279e-7
t2292,-9.31708681720652e-8,-4.881206941553321e-9,-1.3814174735868643e-7,-2.6492050902105826e-7
t2293,-8.641105500924335e-8,-2.9703964254364636e-9,-1.2999197798645082e-7,-2.496728298237661e-7
t2294,-8.241868112167724e-8,-2.1707392520985e-9,-1.247951069217742e-7,-2.4137162496676165e-7
t2295,-8.416787894212323e-8,-3.4994007005752226e-9,-1.2751272396613567e-7,-2.4846688739210594e-7
t2296,-1.021099970810785e-7,-1.0221198496172129e-8,-1.5382170606847335e-7,-3.067928777149819e-7
t2297,-1.303075516107149e-7,-3.443430265175916e-8,-1.8545839764777078e-7,-3.539868459646131e-7
t2298,-1.8874339379705216e-7,-1.1783459673435542e-7,-2.39976573372575e-7,-4.0171456100645634e-7
t2299,-3.9417591120865835e-7,-3.8583603802330213e-7,-4.2455595749106156e-7,-5.494594509443916e-7
t2300,-4.62279264364561e-7,-4.7172726950030117e-7,-4.880891617712022e-7,-6.036772803832388e-7
t2301,-4.486659042519342e-7,-4.5240897639744136e-7,-4.761657160942505e-7,-5.940361138999106e-7
t2302,-4.4496686511714217e-7,-4.426428654021786e-7,-4.7459524185538636e-7,-5.983552665143399e-7
t2303,-4.5249093122287717e-7,-4.5688418056065007e-7,-4.805361448926051e-7,-5.975382360001938e-7
t2304,-4.6097094654153074e-7,-4.741646578187331e-7,-4.861986844482384e-7,-5.929948177636562e-7
t2305,-4.447145739857622e-7,-4.5171693224987325e-7,-4.719950206830274e-7,-5.812162285984395e-7
t2306,-4.2539645387672625e-7,-4.257380614572131e-7,-4.54749798535433e-7,-5.688587764802697e-7
t2307,-4.1480664316391304e-7,-4.081509121243483e-7,-4.4704383939054573e-7,-5.664565127542095e-7
t2308,-4.029414379220587e-7,-3.8493358833105233e-7,-4.397647879304516e-7,-5.703851716130664e-7
t2309,-3.9030418605129413e-7,-3.601680789227054e-7,-4.317586489731452e-7,-5.732039277077243e-7
t2310,-3.717077122191531e-7,-3.3036897785412553e-7,-4.1693538856862367e-7,-5.696423837986818e-7
t2311,-3.1166208977445703e-7,-2.4829013294633746e-7,-3.646649252658657e-7,-5.363001401570207e-7
t2312,-1.8174199046147745e-7,-6.092217592013898e-8,-2.5129474839090776e-7,-4.4841695249710044e-7
t2313,-1.2480232797921157e-7,-1.625081730943248e-8,-1.8451319688939587e-7,-3.5568774854574175e-7
t2314,-1.0995799708480019e-7,-1.074349290288786e-8,-1.6004715343909609e-7,-3.01290836054929e-7
t2315,-1.0012144301874621e-7,-7.513181989225803e-9,-1.4860639189436712e-7,-2.821872575398845e-7
t2316,-9.5248664677953e-8,-5.860614451432758e-9,-1.4197762439032116e-7,-2.6969558133216217e-7
t2317,-8.745688913166343e-8,-3.76110894548394e-9,-1.3238703146165745e-7,-2.5427195671501954e-7
t2318,-8.382207565304368e-8,-3.2300085877809662e-9,-1.2837103625544574e-7,-2.4755487128258714e-7
t2319,-8.574065234716195e-8,-4.76847973806397e-9,-1.315903932591246e-7,-2.550295816733649e-7
t2320,-1.0245174607605827e-7,-1.1215478714105241e-8,-1.569876618866272e-7,-3.113867283323853e-7
t2321,-1.3566120008575912e-7,-3.107798518639737e-8,-1.9572445801405678e-7,-3.7272158072077086e-7
t2322,-1.8794455974804647e-7,-1.0500192381784104e-7,-2.4580552111791245e-7,-4.188769517261784e-7
t2323,-3.788929987718892e-7,-3.5628508754691577e-7,-4.155640577154911e-7,-5.535194989263094e-7
t2324,-4.195901432917746e-7,-4.078925502289998e-7,-4.5230617698738716e-7,-5.840990994630698e-7
t2325,-4.0955373820008836e-7,-3.9153090631249006e-7,-4.449427878198772e-7,-5.813230477196986e-7
t2326,-3.930652755454511e-7,-3.6491072892024047e-7,-4.319434105768256e-7,-5.757766450412589e-7
t2327,-3.877610449956048e-7,-3.636770987072249e-7,-4.2591094881662005e-7,-5.643601038590935e-7
t2328,-4.0662296145169696e-7,-3.919113202949094e-7,-4.4165752904856155e-7,-5.708275477254869e-7
t2329,-4.27378267246805e-7,-4.1645432136693436e-7,-4.615059986437728e-7,-5.900841918953164e-7
t2330,-4.3124262597800026e-7,-4.2000460364484737e-7,-4.6569189391291636e-7,-5.943890197211899e-7
t2331,-4.494665721670803e-7,-4.4148374028536394e-7,-4.834786621731863e-7,-6.120029250224121e-7
t2332,-4.6636134686403117e-7,-4.5902120074684584e-7,-5.007933467159815e-7,-6.299516372308355e-7
t2333,-4.5964945461425876e-7,-4.4304259494411077e-7,-4.973635341471432e-7,-6.360523906340229e-7
t2334,-4.228667683055658e-7,-3.894851889170793e-7,-4.656179689191896e-7,-6.190220997567093e-7
t2335,-3.2827321574969227e-7,-2.631196056195118e-7,-3.821198743921236e-7,-5.57484789012311e-7
t2336,-1.8202638021396795e-7,-5.1806691643300274e-8,-2.545598751364511e-7,-4.5976244087912437e-7
t2337,-1.217466510127985e-7,-1.370373281852761e-8,-1.7853361339878044e-7,-3.3960833850746254e-7
t2338,-1.180825281002057e-7,-1.2553387731469816e-8,-1.7079424045023977e-7,-3.182726567144545e-7
t2339,-1.158943673976954e-7,-1.1775257722836983e-8,-1.6763379695178337e-7,-3.142865845275867e-7
t2340,-1.0971576389394057e-7,-9.922946275554083e-9,-1.6130524852808642e-7,-3.018135199139269e-7
t2341,-1.0272831429996591e-7,-7.801416310447586e-9,-1.5260171367386913e-7,-2.8876266940781915e-7
t2342,-9.735241536271549e-8,-6.4438893681299635e-9,-1.4692169853997857e-7,-2.778909847712124e-7
t2343,-9.669112622062022e-8,-6.4379207484984685e-9,-1.4614169739254535e-7,-2.775021516340106e-7
t2344,-1.0473618372635499e-7,-9.365030357414634e-9,-1.578610518614957e-7,-3.0481154713559874e-7
t2345,-1.4295902978017526e-7,-2.6245050920094628e-8,-2.1058629183149693e-7,-4.035399031990581e-7
t2346,-1.94994910519046e-7,-9.382744261128742e-8,-2.604930160214856e-7,-4.5344168423032984e-7
t2347,-3.6999896434348574e-7,-3.2907866411949936e-7,-4.160812288600075e-7,-5.825209901326412e-7
t2348,-4.575568165753153e-7,-4.3905709440301093e-7,-4.967146455749857e-7,-6.503143710585853e-7
t2349,-5.498592171555246e-7,-5.559250836786782e-7,-5.830450418059114e-7,-7.225672468369823e-7
t2350,-5.136374537647003e-7,-5.068824575851882e-7,-5.500801267638924e-7,-6.950139949059811e-7
t2351,-4.452119436211227e-7,-4.298449842595595e-7,-4.828417996542419e-7,-6.251709160921003e-7
t2352,-4.3534509868152964e-7,-4.222725025223663e-7,-4.715211178056304e-7,-6.067049873679081e-7
t2353,-4.3710756640930764e-7,-4.22654977590811e-7,-4.741516463036771e-7,-6.121661204575685e-7
t2354,-4.498484113202889e-7,-4.382784353880713e-7,-4.867421100910014e-7,-6.242353281366001e-7
t2355,-4.744869237828525e-7,-4.676870715487246e-7,-5.103220553300053e-7,-6.47191532601468e-7
t2356,-4.966510342939248e-7,-4.923411291855323e-7,-5.316319866914283e-7,-6.672636570059738e-7
t2357,-4.796517285628672e-7,-4.6474970722739417e-7,-5.18493936485725e-7,-6.621650259426175e-7
t2358,-4.4877500554683506e-7,-4.183262456711608e-7,-4.922906838932451e-7,-6.500977076746462e-7
t2359,-3.6676837111573457e-7,-3.0721269129687634e-7,-4.194926559336316e-7,-6.001845735783096e-7
t2360,-1.9965414627894806e-7,-6.98440670790589e-8,-2.7405201073822514e-7,-4.86557184170345e-7
t2361,-1.3070357671095096e-7,-1.6224042478134422e-8,-1.9237157352463763e-7,-3.68804596724363e-7
t2362,-1.232238114770071e-7,-1.418746009955864e-8,-1.7702677022453703e-7,-3.306810020959028e-7
t2363,-1.224568255634524e-7,-1.4064708119772115e-8,-1.7770899461993783e-7,-3.2929347256424263e-7
t2364,-1.1732939050091618e-7,-1.2490433875700457e-8,-1.7171337298843316e-7,-3.217577710655618e-7
t2365,-1.1110760096744936e-7,-1.0464362227078748e-8,-1.639831216407472e-7,-3.070710701936939e-7
t2366,-1.0696155196638697e-7,-9.361675793345926e-9,-1.5940772163070236e-7,-2.9755854785376945e-7
t2367,-1.0681018905251437e-7,-9.663072266072886e-9,-1.5964085438251322e-7,-3.0021438938974146e-7
t2368,-1.1867160805070008e-7,-1.3715256826411955e-8,-1.780255724339893e-7,-3.398486753915332e-7
t2369,-1.6501184571822165e-7,-3.615986202527432e-8,-2.3838103121232302e-7,-4.5027078255435585e-7
t2370,-2.2908597879544463e-7,-1.2398650870015444e-7,-2.994047300847562e-7,-5.06125376114779e-7
t2371,-4.6344273166121354e-7,-4.341488593850364e-7,-5.080282508516045e-7,-6.749496816431607e-7
t2372,-5.159033251089765e-7,-5.012254794518328e-7,-5.565468064090957e-7,-7.115907059358592e-7
t2373,-4.984245364353964e-7,-4.770796342699911e-7,-5.406407067574058e-7,-7.005071289080853e-7
t2374,-4.922423996238509e-7,-4.7069041147027057e-7,-5.336521179448485e-7,-6.896746543508557e-7
t2375,-4.929303429246403e-7,-4.857499544929184e-7,-5.287464033731669e-7,-6.667774107143137e-7
t2376,-5.09644008756653e-7,-5.15703716373307e-7,-5.410762847809814e-7,-6.655619922361076e-7
t2377,-5.393038821213988e-7,-5.647722644635389e-7,-5.648436123499559e-7,-6.740815711343349e-7
t2378,-5.82127276334508e-7,-6.20600185148499e-7,-6.051071584368535e-7,-7.091642696034886e-7
t2379,-6.31474842884934e-7,-6.831842700161111e-7,-6.52249507918327e-7,-7.546484696597799e-7
t2380,-6.365772726237298e-7,-6.843528373113277e-7,-6.585990933756166e-7,-7.649353240940668e-7
t2381,-5.589390304496731e-7,-5.756353620576889e-7,-5.893064043910212e-7,-7.127336504294019e-7
t2382,-4.7478955389899153e-7,-4.6121206662025657e-7,-5.134840679952997e-7,-6.569104553806275e-7
t2383,-3.6161729785579483e-7,-3.118505481063683e-7,-4.1290711918046094e-7,-5.825166809316096e-7
t2384,-1.931366947856483e-7,-7.502967858150597e-8,-2.6485755386871013e-7,-4.679129827247951e-7
t2385,-1.28895981077478e-7,-1.937549114529369e-8,-1.927766442821612e-7,-3.714071264412166e-7
t2386,-1.0789315925756678e-7,-1.104138730106653e-8,-1.5968257450440998e-7,-3.0036198563748793e-7
t2387,-9.770777903493416e-8,-7.290934441426706e-9,-1.4653959201140164e-7,-2.788355897564923e-7
t2388,-9.331365319702871e-8,-5.6476122248596965e-9,-1.394946413408111e-7,-2.678346325718157e-7
t2389,-8.53416181266204e-8,-3.3232578204494165e-9,-1.2943903111415037e-7,-2.4878357026086943e-7
t2390,-8.16783153959992e-8,-2.7767722355643202e-9,-1.245160361342655e-7,-2.4065343343339445e-7
t2391,-8.526300516235301e-8,-5.124650989680434e-9,-1.2937429960470395e-7,-2.527127324674466e-7
t2392,-1.0807983226833624e-7,-1.514595629125739e-8,-1.6137488478798816e-7,-3.200301312635231e-7
t2393,-1.3370594042969925e-7,-4.287161982544996e-8,-1.8751320350702086e-7,-3.4924845197751173e-7
t2394,-2.1981863458955734e-7,-1.6501864997749966e-7,-2.6465499288111023e-7,-4.126290699977287e-7
t2395,-6.312494495735122e-7,-7.002489846214754e-7,-6.446550108406501e-7,-7.328222966960653e-7
t2396,-7.719752809250096e-7,-8.865711655279053e-7,-7.767233687305924e-7,-8.525393846608419e-7
t2397,-7.859238456895366e-7,-9.023226283852218e-7,-7.908218176756132e-7,-8.689541847946941e-7
t2398,-7.854511366933537e-7,-8.947243076040891e-7,-7.922139535428227e-7,-8.746188628678653e-7
t2399,-7.616959314751942e-7,-8.689514678614568e-7,-7.679431102407204e-7,-8.469850395051302e-7
t2400,-7.577218074866487e-7,-8.708387792703139e-7,-7.620195786378702e-7,-8.349433110865792e-7
t2401,-7.66496686899511e-7,-8.815521505035222e-7,-7.703580464415413e-7,-8.426058261837311e-7
t2402,-7.259933658384304e-7,-8.256578260308493e-7,-7.331835913827922e-7,-8.10073979805495e-7
t2403,-6.806692475761758e-7,-7.61910925322194e-7,-6.921697995462041e-7,-7.773165004489552e-7
t2404,-6.321140561253181e-7,-6.886519855888742e-7,-6.497764812687036e-7,-7.463507233000878e-7
t2405,-5.754677964156817e-7,-6.061780747631297e-7,-5.990044876197312e-7,-7.098290559799205e-7
t2406,-4.970943209679348e-7,-4.975815505670426e-7,-5.287583746055861e-7,-6.568871230407775e-7
t2407,-3.622792486914931e-7,-3.206337531913796e-7,-4.060269170656791e-7,-5.62648897284508e-7
t2408,-1.8513277843578512e-7,-7.410265500704465e-8,-2.512609402269876e-7,-4.4376327107549055e-7
t2409,-1.2611614807117096e-7,-1.6652892718611525e-8,-1.8703599424384695e-7,-3.641772208507171e-7
t2410,-1.0314513148076226e-7,-8.529148169472045e-9,-1.5134105208117306e-7,-2.895751118607886e-7
t2411,-9.326213545274515e-8,-5.131877947217179e-9,-1.3873421779487115e-7,-2.6617672322385656e-7
t2412,-9.091128646615547e-8,-4.155433483643784e-9,-1.348109677221427e-7,-2.5976802294419925e-7
t2413,-8.332679785494881e-8,-2.1722386394922266e-9,-1.2602876850128882e-7,-2.437318331733002e-7
t2414,-7.943373086204226e-8,-1.4604338904545368e-9,-1.2072854577391e-7,-2.3602479656109686e-7
t2415,-8.198526147881e-8,-3.2232041352027297e-9,-1.2514721590190783e-7,-2.4590968559984007e-7
t2416,-1.0125039347026408e-7,-1.1235053634773012e-8,-1.526644683536604e-7,-3.07979012555864e-7
t2417,-1.260239838180499e-7,-3.408681635582372e-8,-1.8012854569708287e-7,-3.4428410400350997e-7
t2418,-1.8225506639459166e-7,-1.1787497204878172e-7,-2.3091487617838464e-7,-3.881016986834833e-7
t2419,-3.780946944132162e-7,-3.72019904907493e-7,-4.070927182816329e-7,-5.295516743583774e-7
t2420,-4.5235202273456267e-7,-4.6671843376320503e-7,-4.767733341626324e-7,-5.911602845445096e-7
t2421,-4.639735858521169e-7,-4.79525166372731e-7,-4.885402198061866e-7,-6.024765645818762e-7
t2422,-4.256773378658953e-7,-4.239280696354291e-7,-4.5420852085826256e-7,-5.776800511350469e-7
t2423,-3.9298995265259967e-7,-3.8746444712057714e-7,-4.2244017554667397e-7,-5.424646481667212e-7
t2424,-3.8276978105965656e-7,-3.777830976918148e-7,-4.1197108811548175e-7,-5.279523928613095e-7
t2425,-3.749671655581382e-7,-3.654789847154561e-7,-4.060490788622497e-7,-5.237429442992886e-7
t2426,-3.5896905724790845e-7,-3.429986062360931e-7,-3.924840820409894e-7,-5.155681328726729e-7
t2427,-3.3933691978029317e-7,-3.146013509906646e-7,-3.7584788173137823e-7,-5.047430290388983e-7
t2428,-3.128578442301249e-7,-2.740615634865441e-7,-3.546017180661307e-7,-4.971308877266756e-7
t2429,-2.89920102222458e-7,-2.3680757874376382e-7,-3.371440439276308e-7,-4.938415514954352e-7
t2430,-2.6938247957025115e-7,-2.035337133624137e-7,-3.218809235398687e-7,-4.893021001943029e-7
t2431,-2.2872325712454908e-7,-1.4152769841741605e-7,-2.884287444632571e-7,-4.689283612690429e-7
t2432,-1.6018033780531035e-7,-3.617336557233334e-8,-2.2676303571999e-7,-4.22353464360493e-7
t2433,-1.0800200919034631e-7,-9.237689948345395e-9,-1.6080717400054688e-7,-3.1356871536618327e-7
t2434,-1.0119255725969065e-7,-7.366876197630554e-9,-1.4975911498474822e-7,-2.8360547888748924e-7
t2435,-9.46561146630383e-8,-5.321442034573065e-9,-1.4121236727114932e-7,-2.6878602498337057e-7
t2436,-9.19491480608344e-8,-4.407079160380545e-9,-1.3707905415646521e-7,-2.6332111454752074e-7
t2437,-8.3226279347124e-8,-1.879037556871664e-9,-1.263900779707911e-7,-2.44287741321131e-7
t2438,-7.815529417706806e-8,-5.820915016764045e-10,-1.1980111692877597e-7,-2.3382694963434704e-7
t2439,-7.784233542943534e-8,-8.877562467080267e-10,-1.1903587805821464e-7,-2.333290458142142e-7
t2440,-8.832036748999925e-8,-4.302161706637432e-9,-1.3550492528959232e-7,-2.723117973258314e-7
t2441,-1.136243593870668e-7,-1.7196973758110373e-8,-1.6763351143674877e-7,-3.307397529546143e-7
t2442,-1.4545087983966859e-7,-5.9416423186662325e-8,-1.9948101962604046e-7,-3.60812067913355e-7
t2443,-2.3366077885707307e-7,-1.816022713436381e-7,-2.7699625587115446e-7,-4.218337957352321e-7
t2444,-2.6285954213768033e-7,-2.1857864627405627e-7,-3.03484053491658e-7,-4.440161281183519e-7
t2445,-2.764346114544664e-7,-2.3436964713416869e-7,-3.164983139342934e-7,-4.5674285552132075e-7
t2446,-2.783146123442309e-7,-2.3240309873693429e-7,-3.2056472850944395e-7,-4.641479852033893e-7
t2447,-2.7927645077713233e-7,-2.399511745757905e-7,-3.195369971268266e-7,-4.5729981994055394e-7
t2448,-2.8543479038038253e-7,-2.5341105383644493e-7,-3.2323286374789857e-7,-4.5248701433890113e-7
t2449,-3.007994761911323e-7,-2.6679890337707617e-7,-3.401668403654233e-7,-4.745046949325646e-7
t2450,-3.101432256365744e-7,-2.8010224922674106e-7,-3.4827441944231205e-7,-4.799944627458109e-7
t2451,-3.120758569327916e-7,-2.813110147783709e-7,-3.5065134778450137e-7,-4.850989755610696e-7
t2452,-3.03069423187632e-7,-2.635981356456154e-7,-3.451605296793161e-7,-4.885538035550058e-7
t2453,-2.88339364952479e-7,-2.317669606669883e-7,-3.379699139811198e-7,-4.989296225668099e-7
t2454,-2.7350638713243354e-7,-2.047700057346469e-7,-3.2759465977025047e-7,-5.017327513347574e-7
t2455,-2.3560272595141412e-7,-1.463952068423089e-7,-2.960123435903516e-7,-4.842518822624938e-7
t2456,-1.5959351511093552e-7,-3.1725900967943436e-8,-2.2804329877291528e-7,-4.2745366346821597e-7
t2457,-1.0556558633785648e-7,-8.534991995536585e-9,-1.5788203223675581e-7,-3.0460389388911773e-7
t2458,-1.0034850309863761e-7,-7.0335273800675274e-9,-1.47806498079632e-7,-2.814068152581858e-7
t2459,-9.474351525618407e-8,-5.314943464462237e-9,-1.4099013529498397e-7,-2.6912962527790944e-7
t2460,-9.254640889384966e-8,-4.547621640221605e-9,-1.377309530324417e-7,-2.6391642386547015e-7
t2461,-8.446727682410847e-8,-2.307286933158502e-9,-1.276778934679278e-7,-2.4671269435197633e-7
t2462,-8.101707441868618e-8,-1.5335102756691663e-9,-1.2354622845334203e-7,-2.3985948293163503e-7
t2463,-8.069816553470354e-8,-1.918638570636345e-9,-1.233032754664294e-7,-2.390723270826445e-7
t2464,-9.356874336314198e-8,-6.370801954507835e-9,-1.419854648463716e-7,-2.832999003728818e-7
t2465,-1.2174191388341874e-7,-2.290288875310183e-8,-1.780250358093817e-7,-3.451108042889542e-7
t2466,-1.6434450561686653e-7,-8.197310793621777e-8,-2.1855216235183352e-7,-3.823724756307182e-7
t2467,-3.2108711422248484e-7,-2.90167168252529e-7,-3.57615156701978e-7,-4.938940937458485e-7
t2468,-3.7643252034313265e-7,-3.594985910232131e-7,-4.0885547058731565e-7,-5.362992746188591e-7
t2469,-3.885167923626997e-7,-3.7252984965686266e-7,-4.2109919794360114e-7,-5.482754726453013e-7
t2470,-3.929473331805998e-7,-3.7439347339605683e-7,-4.271223465242848e-7,-5.581415046403324e-7
t2471,-3.8325764982164626e-7,-3.6744964788803063e-7,-4.165104439194365e-7,-5.423596681974833e-7
t2472,-3.851470658608505e-7,-3.744708561403148e-7,-4.16282804678333e-7,-5.355669563102382e-7
t2473,-3.89367441078803e-7,-3.787336089962294e-7,-4.2094762893063546e-7,-5.402418775095059e-7
t2474,-3.9239451770168496e-7,-3.820222223026589e-7,-4.243802450328456e-7,-5.442820038897856e-7
t2475,-3.8786654029719606e-7,-3.7285687400361795e-7,-4.2204461510360234e-7,-5.473017143196336e-7
t2476,-3.7680329395248624e-7,-3.503780095414219e-7,-4.1545850673822857e-7,-5.524887832858828e-7
t2477,-3.60632901121546e-7,-3.218885138475555e-7,-4.033834697920425e-7,-5.542096322924023e-7
t2478,-3.3934452443688797e-7,-2.8939034258414954e-7,-3.8595720962787226e-7,-5.473522072490608e-7
t2479,-2.866589002221695e-7,-2.1590851763823107e-7,-3.408945157825667e-7,-5.168169539591949e-7
t2480,-1.7644671224265152e-7,-5.2806428130451115e-8,-2.447190032905469e-7,-4.436615491095087e-7
t2481,-1.2530792756702167e-7,-1.711705325831308e-8,-1.8356559419388883e-7,-3.5411006786527345e-7
t2482,-1.0899633268111452e-7,-1.0978345883611704e-8,-1.5848655516613096e-7,-2.997905369493098e-7
t2483,-9.98463174520643e-8,-7.823447257205806e-9,-1.474193480348981e-7,-2.789657049000662e-7
t2484,-9.528521396038397e-8,-6.22423584866246e-9,-1.40729381600361e-7,-2.685942653110539e-7
t2485,-8.753645849481348e-8,-4.2841030135526656e-9,-1.3195050224709056e-7,-2.53430231812851e-7
t2486,-8.437050050007214e-8,-3.8813679758482294e-9,-1.2746931809355564e-7,-2.4496963194466455e-7
t2487,-8.713727394225198e-8,-5.910209947982737e-9,-1.3130088772754297e-7,-2.554831361339851e-7
t2488,-1.0818177844444523e-7,-1.4872436275832903e-8,-1.608483005051069e-7,-3.202395948970032e-7
t2489,-1.3312648132714897e-7,-3.956521323423536e-8,-1.8769568157235628e-7,-3.5582518169301056e-7
t2490,-1.9484255433112092e-7,-1.302683949600095e-7,-2.4407235529175527e-7,-4.029686161320942e-7
t2491,-4.293750859034507e-7,-4.351206684725964e-7,-4.563250593751966e-7,-5.756065371183203e-7
t2492,-4.763216927130348e-7,-4.934951809599609e-7,-5.007145232421571e-7,-6.15569617832304e-7
t2493,-4.7427203536471174e-7,-4.866202272558954e-7,-5.000989063913025e-7,-6.189835318305373e-7
t2494,-4.637380883982315e-7,-4.681253183121584e-7,-4.91299774700014e-7,-6.157492902029142e-7
t2495,-4.490121736452269e-7,-4.5396314478114574e-7,-4.7671451924538006e-7,-5.957842522124069e-7
t2496,-4.78900178883763e-7,-4.968561205923539e-7,-5.030949552569558e-7,-6.132820776947839e-7
t2497,-5.500210542518204e-7,-5.873212843400889e-7,-5.704133884213854e-7,-6.733175196817926e-7
t2498,-6.105146077215924e-7,-6.651426048893894e-7,-6.276184035756729e-7,-7.257276662811205e-7
t2499,-6.612548105350633e-7,-7.292380935244612e-7,-6.762769517531276e-7,-7.700698509013867e-7
t2500,-6.582117659829187e-7,-7.201656975824799e-7,-6.753327604788851e-7,-7.749087280995715e-7
t2501,-6.055095745520806e-7,-6.446214820258691e-7,-6.28096637739937e-7,-7.394329793406064e-7
t2502,-5.157756380778803e-7,-5.217092342506604e-7,-5.464264343083922e-7,-6.754589236801299e-7
t2503,-3.5835965629088695e-7,-3.160093756180817e-7,-4.0353878353533753e-7,-5.638685113492451e-7
t2504,-1.8014690924989152e-7,-6.651663356192562e-8,-2.481575909648123e-7,-4.4327265039789855e-7
t2505,-1.2159896711653716e-7,-1.492298730694441e-8,-1.8126247530242322e-7,-3.518399381566789e-7
t2506,-1.0910559984726e-7,-1.0385632344897345e-8,-1.6003411380863152e-7,-3.009129463526389e-7
t2507,-1.0569089324385912e-7,-8.885862421158822e-9,-1.5477857287426926e-7,-2.9068704249109793e-7
t2508,-9.990056872460006e-8,-7.123237540049165e-9,-1.4758560868886624e-7,-2.795755210731624e-7
t2509,-9.404575747750863e-8,-5.536166039678795e-9,-1.4175602937157338e-7,-2.6849005369012843e-7
t2510,-9.01147818040195e-8,-4.677533402383853e-9,-1.3719316375000036e-7,-2.619195820244378e-7
t2511,-9.083014766029792e-8,-5.513633349908825e-9,-1.3777816563806518e-7,-2.6397569492138164e-7
t2512,-1.0251074981706855e-7,-1.0291038786182363e-8,-1.562853969522887e-7,-3.0503301512058494e-7
t2513,-1.373229342691551e-7,-3.0069499078630287e-8,-2.0043304901038129e-7,-3.8375375324689744e-7
t2514,-1.8688130423286546e-7,-9.706941962061567e-8,-2.488179986746715e-7,-4.314869435536043e-7
t2515,-3.6650804843267023e-7,-3.35269465617947e-7,-4.0841579551897507e-7,-5.632529715695326e-7
t2516,-4.099477664850152e-7,-3.901675974251737e-7,-4.476281659958532e-7,-5.958945947104552e-7
t2517,-4.1130841196164614e-7,-3.8990047709092846e-7,-4.496927709540039e-7,-5.979466865259318e-7
t2518,-4.083909643440318e-7,-3.834130181359088e-7,-4.476087375778909e-7,-5.98712727851472e-7
t2519,-4.0066371363903655e-7,-3.826296687937766e-7,-4.3778021469195453e-7,-5.760574264619406e-7
t2520,-4.1679792272948543e-7,-4.0761158012793453e-7,-4.506143719444508e-7,-5.783385485355971e-7
t2521,-4.359325492053341e-7,-4.31252592506254e-7,-4.6846890972600827e-7,-5.944541845786387e-7
t2522,-4.340403693509455e-7,-4.2687457981200353e-7,-4.6836404931176267e-7,-5.968297343750911e-7
t2523,-4.126205682175126e-7,-3.978222686372943e-7,-4.491959606409436e-7,-5.848967849701784e-7
t2524,-3.957718425709313e-7,-3.7353836037708237e-7,-4.3508749286114036e-7,-5.786385734894496e-7
t2525,-3.943639225190705e-7,-3.6521862829309715e-7,-4.358553265713981e-7,-5.867870226338864e-7
t2526,-3.8456133652344034e-7,-3.43645034373309e-7,-4.30271291654302e-7,-5.912126340834823e-7
t2527,-3.051273052797038e-7,-2.3482320350730381e-7,-3.6088696645122187e-7,-5.437019433161208e-7
t2528,-1.7549170117902192e-7,-4.6687454649491846e-8,-2.4678197116605916e-7,-4.534300635844705e-7
t2529,-1.1943118876962965e-7,-1.3150425762006349e-8,-1.7725664277259612e-7,-3.419875942349266e-7
t2530,-1.1558748948491472e-7,-1.1982983107343569e-8,-1.68814451204634e-7,-3.1425795581844347e-7
t2531,-1.1330658708626266e-7,-1.1139332147462563e-8,-1.6549881055140642e-7,-3.098514482585876e-7
t2532,-1.072799881478121e-7,-9.351219103824166e-9,-1.592224380128662e-7,-2.9756524325428547e-7
t2533,-9.96466171133333e-8,-7.069444316534179e-9,-1.4985206167218165e-7,-2.8235832899862894e-7
t2534,-9.61221172004762e-8,-6.1264357354203855e-9,-1.458820584566389e-7,-2.765372246392346e-7
t2535,-9.574617238833708e-8,-6.340347785331814e-9,-1.4491299857617022e-7,-2.75736303125102e-7
t2536,-1.0402210508177224e-7,-9.54864306052441e-9,-1.5738758796253708e-7,-3.01304890150458e-7
t2537,-1.4488635154092818e-7,-2.877040502774938e-8,-2.1216680840118362e-7,-4.0781375482229917e-7
t2538,-1.969173400783486e-7,-9.829642342541463e-8,-2.6340300000272424e-7,-4.559412380799588e-7
t2539,-3.8802984810237234e-7,-3.5414026658487395e-7,-4.317771227746698e-7,-5.899669238212264e-7
t2540,-4.291955743753494e-7,-4.048357832365704e-7,-4.6977093379430107e-7,-6.227054999962405e-7
t2541,-4.0282749721963304e-7,-3.7006219163149337e-7,-4.4561517566911427e-7,-6.018496680586357e-7
t2542,-3.746901684032742e-7,-3.3476906370704796e-7,-4.2023732216541636e-7,-5.808759539306153e-7
t2543,-3.606506971070453e-7,-3.278540417095177e-7,-4.035712414583556e-7,-5.50770052569401e-7
t2544,-3.723610468028788e-7,-3.511566392203295e-7,-4.111048035082775e-7,-5.435502060488808e-7
t2545,-3.9884847368593196e-7,-3.883027820264071e-7,-4.3427603780261345e-7,-5.58522156294439e-7
t2546,-4.135691089730047e-7,-4.0825884151038845e-7,-4.4767831619124906e-7,-5.705527396048703e-7
t2547,-4.140152071471548e-7,-4.086137583894115e-7,-4.478850196115922e-7,-5.711689921586743e-7
t2548,-4.006735039599108e-7,-3.8835178886993257e-7,-4.3700284065002117e-7,-5.664895648726519e-7
t2549,-3.759549936165047e-7,-3.502563752454216e-7,-4.1688275348849596e-7,-5.585980028679299e-7
t2550,-3.407444956949372e-7,-2.994677381243381e-7,-3.8711748041047715e-7,-5.423010011512344e-7
t2551,-2.770400036164677e-7,-2.117800327921546e-7,-3.3226439538720025e-7,-5.025120253839427e-7
t2552,-1.683156591809221e-7,-5.210523802138546e-8,-2.3755820341663794e-7,-4.311158443951605e-7
t2553,-1.1600186215794807e-7,-1.3001482775210646e-8,-1.7450330001936697e-7,-3.40022646619766e-7
t2554,-1.0193292847848675e-7,-8.264325056180894e-9,-1.515129376730018e-7,-2.874295233285155e-7
t2555,-9.492941280269852e-8,-5.757070323825129e-9,-1.415914473778358e-7,-2.6925815833470333e-7
t2556,-9.457629824246672e-8,-5.321261053540719e-9,-1.3915050800288639e-7,-2.6731252094628627e-7
t2557,-8.888362488948166e-8,-3.679520440252161e-9,-1.3193819614803827e-7,-2.532606086639415e-7
t2558,-8.477257484116596e-8,-2.731538921237592e-9,-1.2687712777061662e-7,-2.4592646551317107e-7
t2559,-8.405145741164134e-8,-3.2222896692980004e-9,-1.2639357599555653e-7,-2.4562887906710377e-7
t2560,-9.868243106577699e-8,-8.543862291649035e-9,-1.483882626522162e-7,-2.9544717788415336e-7
t2561,-1.2684829018990653e-7,-2.6927494097310876e-8,-1.8164784027212314e-7,-3.485836864727639e-7
t2562,-1.7020935668945756e-7,-8.8160436923808e-8,-2.2248321068843608e-7,-3.8519078974447666e-7
t2563,-3.102388403337566e-7,-2.756369620334717e-7,-3.4649265795342926e-7,-4.830660894988991e-7
t2564,-3.260884101175846e-7,-2.9758924061705313e-7,-3.6064140382265554e-7,-4.937039209576287e-7
t2565,-3.026753262973349e-7,-2.666358865024649e-7,-3.392642247710841e-7,-4.752608081837327e-7
t2566,-2.8659675429418467e-7,-2.4281481793840985e-7,-3.2606955387273926e-7,-4.67775751354454e-7
t2567,-2.774756144270702e-7,-2.4041950871480766e-7,-3.1552311886629526e-7,-4.4701102558723475e-7
t2568,-2.7541992980748474e-7,-2.444533861659242e-7,-3.1141761825993986e-7,-4.355590178568228e-7
t2569,-2.6847679516903686e-7,-2.369883912503448e-7,-3.054242515617537e-7,-4.298033917625818e-7
t2570,-2.6035692351065043e-7,-2.2637991827505588e-7,-2.988084343308428e-7,-4.261060114730173e-7
t2571,-2.6060543542295654e-7,-2.2412787504703257e-7,-3.002550840655251e-7,-4.326131822154261e-7
t2572,-2.638785356114149e-7,-2.214181113332745e-7,-3.0593517288776746e-7,-4.4506025651502157e-7
t2573,-2.6029903460091213e-7,-2.1004436703504663e-7,-3.0543989908405057e-7,-4.515328740598587e-7
t2574,-2.5438091387527367e-7,-1.9526099339666097e-7,-3.0337286236314505e-7,-4.5996396168714147e-7
t2575,-2.2302372357596237e-7,-1.4806079908277373e-7,-2.786603909494384e-7,-4.4594090698488527e-7
t2576,-1.5286648999645574e-7,-3.9062133702005344e-8,-2.16860641660447e-7,-4.0128137768186065e-7
t2577,-1.0709155332813847e-7,-9.448779147975923e-9,-1.6183417747873556e-7,-3.194301751836613e-7
t2578,-9.31093349422828e-8,-5.156694769352401e-9,-1.390136083266481e-7,-2.6691751163259976e-7
t2579,-8.614639974560569e-8,-2.900488759273708e-9,-1.3017827605428278e-7,-2.507786067607967e-7
t2580,-8.400316284689216e-8,-2.0945243300155274e-9,-1.26396185378324e-7,-2.45696283031297e-7
t2581,-7.87111125140189e-8,-6.113680826686806e-10,-1.2033144492489054e-7,-2.3381602677615267e-7
t2582,-7.51211196121595e-8,1.3036205320784455e-10,-1.161131568443014e-7,-2.2612119750214436e-7
t2583,-7.502645185642662e-8,-5.400159797272251e-10,-1.1611926137783606e-7,-2.2755974040911338e-7
t2584,-8.948702732457907e-8,-5.8057202522796454e-9,-1.3808607762381126e-7,-2.7998500579010634e-7
t2585,-1.136757553551066e-7,-2.3195308860219248e-8,-1.6655523646707687e-7,-3.2549352562729075e-7
t2586,-1.546595442716759e-7,-8.197232474253764e-8,-2.04921655742844e-7,-3.6058821048252634e-7
t2587,-2.8385703772555815e-7,-2.5411995754259613e-7,-3.1866362475462815e-7,-4.512554752696789e-7
t2588,-2.9510107593828155e-7,-2.6743981540579594e-7,-3.286978563516868e-7,-4.6017215798429105e-7
t2589,-2.73719955665012e-7,-2.3758836180654523e-7,-3.1034972923216865e-7,-4.4608022580021426e-7
t2590,-2.5907847162082007e-7,-2.1312787305100291e-7,-2.9988145184821316e-7,-4.414940588837237e-7
t2591,-2.479542932303808e-7,-2.0330240165100475e-7,-2.8876552839854095e-7,-4.271531820316941e-7
t2592,-2.44707383069904e-7,-2.0530918813015148e-7,-2.844910289842128e-7,-4.146406263395841e-7
t2593,-2.504255586387645e-7,-2.146139523481394e-7,-2.886420392258787e-7,-4.181185355271248e-7
t2594,-2.6069915529483274e-7,-2.2719392708196115e-7,-2.9874707141014634e-7,-4.273436830852802e-7
t2595,-2.82952079299199e-7,-2.526569093067736e-7,-3.201103637205341e-7,-4.489159901966289e-7
t2596,-2.949376091533212e-7,-2.619066097855726e-7,-3.334217384717919e-7,-4.6829547415225076e-7
t2597,-3.071495559595894e-7,-2.6899032570090493e-7,-3.4803592749607796e-7,-4.894095495575088e-7
t2598,-3.0590302230234413e-7,-2.6065753526709983e-7,-3.495466184096503e-7,-4.982739111245543e-7
t2599,-2.5419418109700994e-7,-1.880795512711401e-7,-3.060113992781243e-7,-4.6951885046730077e-7
t2600,-1.5886365138613793e-7,-4.6539450296725675e-8,-2.226383475059696e-7,-4.0634028966566076e-7
t2601,-1.1225390853277122e-7,-1.1114868626335371e-8,-1.6687049517091037e-7,-3.285371518921351e-7
t2602,-9.875792847759765e-8,-6.8309430772556e-9,-1.4519565709102721e-7,-2.768179373088867e-7
t2603,-9.226560082168794e-8,-4.7046043566784216e-9,-1.3704748345461217e-7,-2.6360283367155547e-7
t2604,-9.013824257487648e-8,-3.824705382539358e-9,-1.3277585380545493e-7,-2.557668274388252e-7
t2605,-8.228100254411454e-8,-1.536723186707439e-9,-1.23166870651975e-7,-2.3938398493081204e-7
t2606,-7.699611823052219e-8,-3.397409184819327e-10,-1.1718378063705412e-7,-2.2984534497898939e-7
t2607,-7.719263309881752e-8,-1.0059051357291395e-9,-1.1793329898592258e-7,-2.3066707191530828e-7
t2608,-9.189884451806875e-8,-6.350360938820126e-9,-1.4010313908656377e-7,-2.833242133945977e-7
t2609,-1.1426841762635175e-7,-2.3559746448754736e-8,-1.6679986737669107e-7,-3.253855035118118e-7
t2610,-1.5464696623272104e-7,-8.229540805255495e-8,-2.0517089473612443e-7,-3.603485719758211e-7
t2611,-2.9130972645711133e-7,-2.6318912610417846e-7,-3.257244157397532e-7,-4.560935973603888e-7
t2612,-3.4115263205082147e-7,-3.259368323529487e-7,-3.716300717893754e-7,-4.945617230936948e-7
t2613,-3.5937901525029745e-7,-3.4637691530298616e-7,-3.896911854610729e-7,-5.117707113353367e-7
t2614,-3.711849206187659e-7,-3.5690775933319503e-7,-4.024649656379825e-7,-5.269756235396757e-7
t2615,-3.743260224564418e-7,-3.64703258588404e-7,-4.045728543574751e-7,-5.208599987386371e-7
t2616,-3.873501903329555e-7,-3.880219174260492e-7,-4.148021344064016e-7,-5.216246081034569e-7
t2617,-4.1190553542416254e-7,-4.2228423640922105e-7,-4.370790863737147e-7,-5.40590451547743e-7
t2618,-4.245939758321298e-7,-4.398946254861781e-7,-4.4883156155320053e-7,-5.495593198099276e-7
t2619,-4.207086846700264e-7,-4.318132957814435e-7,-4.466334756909972e-7,-5.50189772018211e-7
t2620,-4.1197756638827474e-7,-4.1381239325180084e-7,-4.4071371209809044e-7,-5.520765549621729e-7
t2621,-3.962940852290367e-7,-3.8187505162065955e-7,-4.307988349166852e-7,-5.573104834338618e-7
t2622,-3.7155104744327897e-7,-3.445161153793552e-7,-4.1025490365659163e-7,-5.486844754441109e-7
t2623,-2.981887775230874e-7,-2.4584361376186814e-7,-3.463457275535393e-7,-5.033354379381361e-7
t2624,-1.6864969808363334e-7,-6.127157434748145e-8,-2.339227718406073e-7,-4.1802354299344605e-7
t2625,-1.1913639969260159e-7,-1.518555327102443e-8,-1.786273474515201e-7,-3.479447609228971e-7
t2626,-1.0016147880690048e-7,-8.089783964755565e-9,-1.4838148314681814e-7,-2.814416319419944e-7
t2627,-9.389863988547849e-8,-5.703827318437368e-9,-1.4020828244816045e-7,-2.6941052871393547e-7
t2628,-9.0563073455313e-8,-4.444762132494687e-9,-1.3573293547069906e-7,-2.6116321294999234e-7
t2629,-8.21879294046177e-8,-2.183319454765476e-9,-1.2517347701125886e-7,-2.4335772520520986e-7
t2630,-7.863791014830656e-8,-1.7576048570700557e-9,-1.2079183898243273e-7,-2.344392702075813e-7
t2631,-8.378827776915237e-8,-4.430884946707858e-9,-1.284008106739674e-7,-2.5247933135757676e-7
t2632,-1.0364870951889356e-7,-1.3413841563440704e-8,-1.5607050436809468e-7,-3.133442466244517e-7
t2633,-1.2855267836172362e-7,-3.80761477393299e-8,-1.824167817860217e-7,-3.471123166691843e-7
t2634,-1.888219800294477e-7,-1.2635710515497652e-7,-2.3721022851792142e-7,-3.949871927302819e-7
t2635,-4.3090821807761726e-7,-4.4067041504701267e-7,-4.5637935517307266e-7,-5.732033375680846e-7
t2636,-5.331728145787875e-7,-5.729695816776882e-7,-5.520669897312038e-7,-6.549810259519213e-7
t2637,-5.387332768636728e-7,-5.770892084173706e-7,-5.582424472849741e-7,-6.606257460170642e-7
t2638,-5.327862479590133e-7,-5.634929869755024e-7,-5.543126638208344e-7,-6.612951517674453e-7
t2639,-5.345873099897648e-7,-5.710749814662394e-7,-5.546190624402036e-7,-6.548069860577236e-7
t2640,-5.489245329322039e-7,-5.961079481757364e-7,-5.661516085265991e-7,-6.562722152950386e-7
t2641,-5.578787199934612e-7,-6.093071092652016e-7,-5.742525333353431e-7,-6.619284138877538e-7
t2642,-5.605312993817568e-7,-6.13484333830199e-7,-5.768697299687184e-7,-6.639341264116265e-7
t2643,-5.453439870157573e-7,-5.907846767243775e-7,-5.634448067610268e-7,-6.539494897772871e-7
t2644,-5.218732007526694e-7,-5.538428183159881e-7,-5.436325027509326e-7,-6.442929841082524e-7
t2645,-5.048449903533521e-7,-5.252199349935093e-7,-5.299060864952851e-7,-6.38846278606507e-7
t2646,-4.688412256395711e-7,-4.7328230372114845e-7,-4.985958917388381e-7,-6.200445951699468e-7
t2647,-3.450495675802505e-7,-3.110645016414717e-7,-3.8717968209629453e-7,-5.339742855964984e-7
t2648,-1.749887530087338e-7,-7.628823345866624e-8,-2.395520280785056e-7,-4.2173698385415737e-7
t2649,-1.3072627774970148e-7,-2.2870872274007915e-8,-1.9383391146838064e-7,-3.747983311046138e-7
t2650,-1.0478256379427417e-7,-1.0980732577597654e-8,-1.5588839163230688e-7,-2.9635724095841125e-7
t2651,-9.748013001043765e-8,-7.705509366414595e-9,-1.4645546507191854e-7,-2.8009656679897464e-7
t2652,-9.399571443919782e-8,-6.347778692657109e-9,-1.4101144582170702e-7,-2.7160213892862885e-7
t2653,-8.664406623795598e-8,-4.94471293460073e-9,-1.322076179053878e-7,-2.5527682792847466e-7
t2654,-8.57551595620716e-8,-6.128687530622927e-9,-1.3033662743229862e-7,-2.503906421266734e-7
t2655,-9.693691238505014e-8,-1.1476167654611354e-8,-1.470316423730505e-7,-2.9065104514720655e-7
t2656,-1.1669949384724838e-7,-2.6011677079896414e-8,-1.7101022712109156e-7,-3.345255188743974e-7
t2657,-1.4491040709845195e-7,-6.573353718563585e-8,-1.9786157421926874e-7,-3.5874564418603293e-7
t2658,-2.577241998594585e-7,-2.1991335749308013e-7,-2.9795218394367456e-7,-4.400516216217191e-7
t2659,-8.172143040651946e-7,-9.525727454023538e-7,-8.183862905257999e-7,-8.837385971360787e-7
t2660,-9.384897281095304e-7,-1.1120362227059884e-6,-9.315404985771398e-7,-9.86478617517248e-7
t2661,-8.650225260741828e-7,-1.0098794121847162e-6,-8.640893225648306e-7,-9.290672368486894e-7
t2662,-8.063911187146687e-7,-9.249596224845172e-7,-8.111291359129237e-7,-8.856521137457167e-7
t2663,-7.695161819840073e-7,-8.808503730822979e-7,-7.748399078875061e-7,-8.476968538756045e-7
t2664,-7.66198372315277e-7,-8.818639908577076e-7,-7.697504350356672e-7,-8.385577210555215e-7
t2665,-8.063432968084503e-7,-9.30822900399752e-7,-8.082817713335067e-7,-8.726119153596646e-7
t2666,-8.380391376938017e-7,-9.702403532070799e-7,-8.384739973137449e-7,-8.994640668530829e-7
t2667,-8.388037760022158e-7,-9.702614874147122e-7,-8.393192966547422e-7,-8.989078766345496e-7
t2668,-8.212046623306062e-7,-9.43365731018491e-7,-8.239996449989472e-7,-8.871999081840578e-7
t2669,-7.956364263598833e-7,-9.022467636575076e-7,-8.024869628894502e-7,-8.712301248591829e-7
t2670,-7.482869092753788e-7,-8.330994120831637e-7,-7.603728790817408e-7,-8.38016958698455e-7
t2671,-5.317897242183411e-7,-5.458961210155987e-7,-5.593171990748138e-7,-6.69342929310687e-7
t2672,-2.0924685002272174e-7,-1.2301322424060655e-7,-2.68531362524686e-7,-4.4328740229536107e-7
t2673,-1.5038605475299566e-7,-4.0412726770440276e-8,-2.1410249672231144e-7,-3.9631241642155253e-7
t2674,-1.1750199842590926e-7,-1.9287165009722634e-8,-1.7041621800021137e-7,-3.2116726105947254e-7
t2675,-1.0918894065912636e-7,-1.347750612001389e-8,-1.6036544888977357e-7,-3.013578723046792e-7
t2676,-1.0338702320067823e-7,-1.1069140317671329e-8,-1.532397435049787e-7,-2.9086976193064674e-7
t2677,-9.816111697539102e-8,-9.869785931162689e-9,-1.4725891844299876e-7,-2.7824339760120696e-7
t2678,-9.665528470940632e-8,-1.0820005906541654e-8,-1.4559217080908574e-7,-2.7399629961667933e-7
t2679,-1.0487564011376174e-7,-1.6228432392777982e-8,-1.5603590510564566e-7,-2.974493965552195e-7
t2680,-1.3183446452375774e-7,-3.168548179047972e-8,-1.9130813779510133e-7,-3.646540225346722e-7
t2681,-1.6724475682561813e-7,-7.375610776230516e-8,-2.2721859426844102e-7,-4.0086258921443505e-7
t2682,-3.1072093102720464e-7,-2.676464967335734e-7,-3.556189912712577e-7,-5.10536434408623e-7
t2683,-1.1133586711593276e-6,-1.3214832310190528e-6,-1.1044139379674366e-6,-1.161934537257613e-6
t2684,-1.3734724405751928e-6,-1.6605611987987399e-6,-1.346900232863005e-6,-1.3814009403945687e-6
t2685,-1.4557148160136955e-6,-1.7639575555604906e-6,-1.4233475080297395e-6,-1.4496997282874655e-6
t2686,-1.4563687896536766e-6,-1.7596082768467274e-6,-1.4246009222050127e-6,-1.4520136896260063e-6
t2687,-1.4559872776504123e-6,-1.7640492840109422e-6,-1.4190287811645344e-6,-1.438199496090527e-6
t2688,-1.6354920533493028e-6,-1.99920689024538e-6,-1.5804876241854267e-6,-1.5760208745510808e-6
t2689,-1.982725858435358e-6,-2.4348340640519027e-6,-1.8980077672078407e-6,-1.8557779522953125e-6
t2690,-2.31013645069368e-6,-2.8354193471838506e-6,-2.197388329887297e-6,-2.119194060145979e-6
t2691,-2.4839297937908937e-6,-3.0433651855833713e-6,-2.356024864860753e-6,-2.259406134846929e-6
t2692,-2.4598289860381017e-6,-3.0142330850480432e-6,-2.3353867340466127e-6,-2.2445737661259424e-6
t2693,-2.2768090059760127e-6,-2.7941964290906096e-6,-2.173071365828901e-6,-2.107428155242047e-6
t2694,-1.9930330792465574e-6,-2.441818460808959e-6,-1.9170513647774755e-6,-1.887685903529162e-6
t2695,-1.2026498311883259e-6,-1.419733135597006e-6,-1.1919236580927239e-6,-1.248860654689089e-6
t2696,-3.024866827072011e-7,-2.3856173177938865e-7,-3.6005513584959463e-7,-5.369489669984021e-7
t2697,-1.8180453564001557e-7,-6.770435192697025e-8,-2.520572964102379e-7,-4.479622807451108e-7
t2698,-1.3545454405089406e-7,-2.9671557629423533e-8,-1.9625402435680708e-7,-3.6146078997788134e-7
t2699,-1.2413531268570378e-7,-2.035121363550676e-8,-1.8153619165586825e-7,-3.339814695839519e-7
t2700,-1.174602779579224e-7,-1.7187336501386404e-8,-1.7364511281424465e-7,-3.2151271379291847e-7
t2701,-1.1165607698282926e-7,-1.5382848108344435e-8,-1.6632423572854009e-7,-3.1042163991201585e-7
t2702,-1.0995290111047942e-7,-1.5637463712991093e-8,-1.6404088651850875e-7,-3.0530871304363963e-7
t2703,-1.136163286264529e-7,-1.9536720121355193e-8,-1.6815647023720276e-7,-3.1003338153995466e-7
t2704,-1.4254238059740427e-7,-3.485829917285853e-8,-2.0781468553457092e-7,-3.9230122085775296e-7
t2705,-1.8605786472890064e-7,-8.390904002168148e-8,-2.519563153156894e-7,-4.3892561758035644e-7
t2706,-3.866840940798418e-7,-3.540141617709834e-7,-4.3060716362892524e-7,-5.861891680026476e-7
t2707,-1.7095447347401647e-6,-2.086880556462279e-6,-1.6610484911486546e-6,-1.6669447720474022e-6
t2708,-2.1718095757263424e-6,-2.669220147786301e-6,-2.0882308384016194e-6,-2.048895845011395e-6
t2709,-2.198126056294931e-6,-2.7022905763162186e-6,-2.109224941220912e-6,-2.0641487848541664e-6
t2710,-2.0340877766595175e-6,-2.496420051094106e-6,-1.957142404374294e-6,-1.9286951658507133e-6
t2711,-1.810300565090968e-6,-2.217963711442003e-6,-1.7432213829064112e-6,-1.7279188794539705e-6
t2712,-1.702186173861292e-6,-2.0843036722758065e-6,-1.6410120062745816e-6,-1.6319541913555175e-6
t2713,-1.7076422907066756e-6,-2.093102930301391e-6,-1.642761521115877e-6,-1.629555213022641e-6
t2714,-1.7437845823258099e-6,-2.1398183910340975e-6,-1.6749198348203927e-6,-1.6553022707876212e-6
t2715,-1.781578258329734e-6,-2.186534139058273e-6,-1.7100680656302294e-6,-1.6879978440615454e-6
t2716,-1.7651732292291396e-6,-2.1632025719418566e-6,-1.699042602365977e-6,-1.681927245410214e-6
t2717,-1.5329568346964643e-6,-1.8612890700386529e-6,-1.4910538574079804e-6,-1.5023861997896708e-6
t2718,-1.206107091079118e-6,-1.4285599252109194e-6,-1.192036258877244e-6,-1.2394497159854879e-6
t2719,-7.300452572397908e-7,-7.940035791054398e-7,-7.49348690171511e-7,-8.515051883074486e-7
t2720,-2.409220703749956e-7,-1.5419645334801157e-7,-3.0203778492296927e-7,-4.876323918852829e-7
t2721,-1.629698024644976e-7,-4.7432151691873984e-8,-2.292889229305304e-7,-4.212837942709556e-7
t2722,-1.221307530901351e-7,-2.1459408273563695e-8,-1.7693129261592746e-7,-3.298109067772416e-7
t2723,-1.0608016050661163e-7,-1.2982008652513564e-8,-1.5647380098866256e-7,-2.9422636508290325e-7
t2724,-9.929613131388458e-8,-9.819456635768355e-9,-1.4618029251086204e-7,-2.786775968312503e-7
t2725,-9.040774431105978e-8,-7.886966109939638e-9,-1.3494538168640646e-7,-2.5968583537543004e-7
t2726,-8.877350064751052e-8,-8.814427144287962e-9,-1.3227603007106293e-7,-2.546144407583479e-7
t2727,-9.575917407105771e-8,-1.121780842855301e-8,-1.4380997950294282e-7,-2.8469639738021563e-7
t2728,-1.1113020169202736e-7,-2.1572409498444506e-8,-1.63338985594635e-7,-3.2040880978702894e-7
t2729,-1.406595088987576e-7,-5.741292943688869e-8,-1.9229525573343613e-7,-3.495435721480042e-7
t2730,-2.463252733303434e-7,-2.0427430261098226e-7,-2.8569149578388954e-7,-4.2348356022191223e-7
t2731,-6.772992028824354e-7,-7.693843298516334e-7,-6.862620234253198e-7,-7.643613184151506e-7
t2732,-6.950335915227425e-7,-7.924073962404085e-7,-7.026569707564706e-7,-7.799733137604893e-7
t2733,-6.161297235586036e-7,-6.828606388872783e-7,-6.297369542928906e-7,-7.188513981513507e-7
t2734,-5.211060962890519e-7,-5.50403921917479e-7,-5.42485355546992e-7,-6.468695216087164e-7
t2735,-4.7145419985531686e-7,-4.892552267842905e-7,-4.949156238616139e-7,-6.005187573802767e-7
t2736,-4.657344401566262e-7,-4.897077748483155e-7,-4.873499845226039e-7,-5.847608211075551e-7
t2737,-4.88058622693077e-7,-5.219808668505089e-7,-5.076224405497732e-7,-6.001466809465304e-7
t2738,-5.324787327391873e-7,-5.799393000399537e-7,-5.49310671253198e-7,-6.360082161072158e-7
t2739,-5.757351460722987e-7,-6.325043348243668e-7,-5.910773366363035e-7,-6.758795343414255e-7
t2740,-6.046389918917674e-7,-6.62506642155684e-7,-6.202141923215333e-7,-7.07994332073326e-7
t2741,-6.128426487445217e-7,-6.669696530773893e-7,-6.301763464904427e-7,-7.223857619366437e-7
t2742,-5.994822394147282e-7,-6.41978544230182e-7,-6.200215918328957e-7,-7.193010393575289e-7
t2743,-4.4189047979622446e-7,-4.3309229750288414e-7,-4.745765147973628e-7,-6.021898697133344e-7
t2744,-1.9291758252387701e-7,-1.0089665036852148e-7,-2.5267417343507487e-7,-4.289602071006257e-7
t2745,-1.3962796270092726e-7,-3.073470508158206e-8,-2.018695781797679e-7,-3.8253630345920453e-7
t2746,-1.0790452581233869e-7,-1.3874553942277962e-8,-1.578324059647159e-7,-3.008918897677688e-7
t2747,-9.779876626728847e-8,-8.768049336983646e-9,-1.4558362769872906e-7,-2.773912470741527e-7
t2748,-9.410820780780941e-8,-7.224099240136146e-9,-1.4028224978056544e-7,-2.703471874779817e-7
t2749,-8.660828854675024e-8,-5.70091748347152e-9,-1.312953094777747e-7,-2.536600353231274e-7
t2750,-8.466214065902968e-8,-6.663714358955447e-9,-1.2820301368228313e-7,-2.463416002086618e-7
t2751,-9.341083114026667e-8,-1.0062409208505624e-8,-1.4207125661301085e-7,-2.8227029487372413e-7
t2752,-1.1111373732183629e-7,-2.2105479390949588e-8,-1.6392176619526706e-7,-3.2195858149885735e-7
t2753,-1.4053036053465896e-7,-6.132075691666329e-8,-1.9239773300517366e-7,-3.503134745619536e-7
t2754,-2.3447507288101708e-7,-1.9232451730666411e-7,-2.749949910986704e-7,-4.160204185612126e-7
t2755,-6.082067437180453e-7,-6.816664626950351e-7,-6.207385980835041e-7,-7.085346452744285e-7
t2756,-6.862577778346837e-7,-7.844885461352713e-7,-6.936792335201684e-7,-7.753419516594977e-7
t2757,-6.682817458840263e-7,-7.569264698625185e-7,-6.774898457340317e-7,-7.640678875690769e-7
t2758,-6.733925403232506e-7,-7.541829864229276e-7,-6.842876093761611e-7,-7.749955939341158e-7
t2759,-6.759639515722304e-7,-7.641509485400256e-7,-6.850376174331763e-7,-7.690629778570759e-7
t2760,-7.468778890513888e-7,-8.689333763422688e-7,-7.488594769504135e-7,-8.184759909591421e-7
t2761,-8.43711396211697e-7,-1.0044345556953786e-6,-8.371096546339065e-7,-8.925435873670551e-7
t2762,-9.258215988312478e-7,-1.1161182075524595e-6,-9.12329112991656e-7,-9.575253859882543e-7
t2763,-1.0569080681139313e-6,-1.284783297197467e-6,-1.0342457538721623e-6,-1.0672322251645931e-6
t2764,-1.1399905061867002e-6,-1.379638709668196e-6,-1.1152903429991142e-6,-1.1463153381293723e-6
t2765,-1.0808659573251319e-6,-1.2895191913140791e-6,-1.0652377921984076e-6,-1.1090452643291311e-6
t2766,-9.324723215090071e-7,-1.0870200195120081e-6,-9.301148418869046e-7,-9.934782812128947e-7
t2767,-6.08837677559513e-7,-6.531686656983992e-7,-6.296312421819665e-7,-7.332136552515524e-7
t2768,-2.2538422306276802e-7,-1.5365896433009505e-7,-2.8024114287610877e-7,-4.4757791200716647e-7
t2769,-1.539593038433086e-7,-4.564203022388795e-8,-2.1625780681814366e-7,-4.006637275451297e-7
t2770,-1.2063483972313396e-7,-2.1273512973159166e-8,-1.749524945578566e-7,-3.3211514032433626e-7
t2771,-1.0698173427707816e-7,-1.3614075386439058e-8,-1.558201364890189e-7,-2.9510390773704924e-7
t2772,-1.0192887257595908e-7,-1.0878556020177564e-8,-1.4914084612532956e-7,-2.8430519566287636e-7
t2773,-9.318653232680912e-8,-8.711362643448559e-9,-1.3890316034731277e-7,-2.6607265270824923e-7
t2774,-9.079594774989686e-8,-9.317356713671272e-9,-1.357739073054465e-7,-2.607041082953334e-7
t2775,-9.838868077700123e-8,-1.2434529420349853e-8,-1.4719163173461203e-7,-2.905836643994919e-7
t2776,-1.1467829165219038e-7,-2.3151396666206223e-8,-1.680752879839839e-7,-3.280340086134532e-7
t2777,-1.3738692285578951e-7,-5.6098580459865956e-8,-1.9031014728041104e-7,-3.488398542198079e-7
t2778,-2.3092440484209484e-7,-1.8860246869739511e-7,-2.7202595907857595e-7,-4.134845810941145e-7
t2779,-5.684275402765379e-7,-6.272683816676964e-7,-5.839372955878717e-7,-6.7598789510274e-7
t2780,-6.789134485355126e-7,-7.718097751353179e-7,-6.875846205967451e-7,-7.697006209782734e-7
t2781,-6.936449831867212e-7,-7.880749057076629e-7,-7.018932593159097e-7,-7.838725623966021e-7
t2782,-7.172953526845519e-7,-8.117176518726834e-7,-7.258022477709821e-7,-8.0842430622316e-7
t2783,-7.235999904753507e-7,-8.25396019972804e-7,-7.30290688553364e-7,-8.065746833872869e-7
t2784,-6.9845130978886e-7,-8.045280550621407e-7,-7.035926960582317e-7,-7.741630662209094e-7
t2785,-6.705429801885859e-7,-7.752852176730149e-7,-6.759121056149736e-7,-7.445418062733939e-7
t2786,-6.688919714658433e-7,-7.729870820503043e-7,-6.743824437869618e-7,-7.420711528712726e-7
t2787,-6.687557508505122e-7,-7.68148157087963e-7,-6.752739075113673e-7,-7.430029996364883e-7
t2788,-6.913510077476685e-7,-7.863380097659344e-7,-6.987809586805225e-7,-7.696823941502826e-7
t2789,-6.681512760433763e-7,-7.403623645640762e-7,-6.814965785399371e-7,-7.658492711588559e-7
t2790,-5.808818928031613e-7,-6.197818349417807e-7,-6.020799701555851e-7,-7.011500369380201e-7
t2791,-4.080544351149787e-7,-3.924818777826335e-7,-4.43237517743422e-7,-5.736086461960752e-7
t2792,-1.8993746729703422e-7,-1.0204771641340673e-7,-2.510743271530618e-7,-4.239783611323817e-7
t2793,-1.383860598597612e-7,-3.0405802116864035e-8,-2.0224918862867666e-7,-3.832085646722809e-7
t2794,-1.0698958434925479e-7,-1.3159295987571291e-8,-1.5870101094473316e-7,-2.991259266463852e-7
t2795,-9.926064551725245e-8,-8.720385218311016e-9,-1.4815389132520657e-7,-2.8217874159719104e-7
t2796,-9.530348138110289e-8,-7.0812460290347985e-9,-1.422192640275825e-7,-2.7318511362697636e-7
t2797,-8.730889564981311e-8,-5.135095447903874e-9,-1.329146244573109e-7,-2.571216488012543e-7
t2798,-8.483987537493954e-8,-5.360107903430263e-9,-1.2931686157937654e-7,-2.5069278851619017e-7
t2799,-9.299514003593902e-8,-8.920683298677721e-9,-1.421127470985596e-7,-2.8183189914443075e-7
t2800,-1.0981669813215996e-7,-1.851857007558589e-8,-1.638930595072043e-7,-3.238718787882411e-7
t2801,-1.312829187083614e-7,-4.5004794609285575e-8,-1.8582681994817164e-7,-3.44804288148305e-7
t2802,-1.9348248959755304e-7,-1.364453778941828e-7,-2.406060197790457e-7,-3.9097883644149944e-7
t2803,-3.894538969740741e-7,-3.883994434353468e-7,-4.1718747365928496e-7,-5.341129379072755e-7
t2804,-4.277255949222798e-7,-4.353035921425103e-7,-4.531218939393796e-7,-5.650179428345995e-7
t2805,-3.8664472368477405e-7,-3.831613341883821e-7,-4.1520460636378735e-7,-5.308095266726766e-7
t2806,-3.560470885607254e-7,-3.395517943055608e-7,-3.885815669983171e-7,-5.121932096367257e-7
t2807,-3.171422975510006e-7,-2.941084677167397e-7,-3.519673067977188e-7,-4.7677856037517395e-7
t2808,-2.9588410312417003e-7,-2.7056797120359873e-7,-3.315455200389258e-7,-4.554358861647498e-7
t2809,-3.26245592841331e-7,-3.1273332704919495e-7,-3.5813490954264045e-7,-4.757512066576738e-7
t2810,-3.904088307416288e-7,-3.9621639316249525e-7,-4.168716704368606e-7,-5.233382297842371e-7
t2811,-3.9939009895617734e-7,-4.0430290574553467e-7,-4.267264147297203e-7,-5.327325291658164e-7
t2812,-3.6162163856515626e-7,-3.515777448621212e-7,-3.9344415010027994e-7,-5.08532780841604e-7
t2813,-3.244311709691469e-7,-3.0542654239231104e-7,-3.596444901700211e-7,-4.794051398548194e-7
t2814,-2.990453326966414e-7,-2.683476824293198e-7,-3.3894539511577334e-7,-4.6930520987080074e-7
t2815,-2.4409677018743167e-7,-1.9359450826269077e-7,-2.920119826359632e-7,-4.386852571144824e-7
t2816,-1.5430143738372405e-7,-6.453859818914217e-8,-2.1607541781476233e-7,-3.835152718905466e-7
t2817,-1.236984779294728e-7,-1.8460015642784302e-8,-1.8662095608251894e-7,-3.627609304843846e-7
t2818,-9.840564033212324e-8,-7.970187354474376e-9,-1.4912773915246105e-7,-2.875136429929397e-7
t2819,-9.10834481079583e-8,-5.034044012886857e-9,-1.390546132901097e-7,-2.6827177844511835e-7
t2820,-8.902755160187273e-8,-4.2340505166281936e-9,-1.3565582247239954e-7,-2.6364888220753517e-7
t2821,-8.27892480697464e-8,-2.6121304925826275e-9,-1.280252687021166e-7,-2.4847899658107e-7
t2822,-8.104681995772126e-8,-2.8476591357146436e-9,-1.2529894910128962e-7,-2.4481603381688636e-7
t2823,-9.028824629424986e-8,-6.6311139832569254e-9,-1.3937351792994615e-7,-2.793480567170186e-7
t2824,-1.0895084010743754e-7,-1.8250415938787505e-8,-1.6343578349650484e-7,-3.228384268074486e-7
t2825,-1.3296287620555742e-7,-4.505660713512988e-8,-1.8731725696363422e-7,-3.482546852169345e-7
t2826,-1.8467024118220536e-7,-1.1973131698880004e-7,-2.3303604433027053e-7,-3.8645468991594933e-7
t2827,-2.986694714208229e-7,-2.691370097048473e-7,-3.3398920567373765e-7,-4.653730458222232e-7
t2828,-3.071095608576907e-7,-2.796581987573876e-7,-3.421988910305091e-7,-4.7078201750871575e-7
t2829,-2.858689436412587e-7,-2.506131262090927e-7,-3.2373029423496054e-7,-4.577281465669194e-7
t2830,-2.7566147544669794e-7,-2.3398517754863657e-7,-3.166277087704492e-7,-4.561675907131752e-7
t2831,-2.6324592995945945e-7,-2.2268269997662174e-7,-3.047427936912628e-7,-4.410229493797112e-7
t2832,-2.5910506768703075e-7,-2.213556284853849e-7,-2.9976231090888186e-7,-4.302729565466506e-7
t2833,-2.5642879721653424e-7,-2.1703477371367559e-7,-2.9823196912884693e-7,-4.3217524533772025e-7
t2834,-2.5594330618002725e-7,-2.1587965586304686e-7,-2.979982830808641e-7,-4.3367347195911175e-7
t2835,-2.544030012996783e-7,-2.1334420890683537e-7,-2.979927266659576e-7,-4.3434179246311495e-7
t2836,-2.518951575662798e-7,-2.0700749905156756e-7,-2.966311522044119e-7,-4.370292404704735e-7
t2837,-2.472737408127205e-7,-1.931594843743988e-7,-2.964959502121953e-7,-4.472736158358115e-7
t2838,-2.3957626770875264e-7,-1.7711690245009327e-7,-2.9261199909859005e-7,-4.5061837903086545e-7
t2839,-2.0783053288289558e-7,-1.2880230468727982e-7,-2.6658176564093595e-7,-4.363958520745562e-7
t2840,-1.527278124155404e-7,-4.122425569437162e-8,-2.187297857093944e-7,-4.0317918649698885e-7
t2841,-1.1322309669567464e-7,-1.0677389357791885e-8,-1.742554648250607e-7,-3.4507330178058556e-7
t2842,-9.788783806491128e-8,-6.688429920165825e-9,-1.4764409305742917e-7,-2.825466837669557e-7
t2843,-9.720298243021071e-8,-6.263750730345631e-9,-1.4675160432831088e-7,-2.783446244628912e-7
t2844,-9.302110005046313e-8,-5.016946137087107e-9,-1.4133705303057233e-7,-2.6971477904112765e-7
t2845,-8.691075207530426e-8,-3.314207171071262e-9,-1.343638102002638e-7,-2.5703556782359765e-7
t2846,-8.336822761791977e-8,-2.424511796798907e-9,-1.3034555965925663e-7,-2.5020686677935907e-7
t2847,-8.36089798167954e-8,-2.6404121177397856e-9,-1.300193354894941e-7,-2.4939048930302674e-7
t2848,-9.00269596324013e-8,-4.894760796307216e-9,-1.4019005727383194e-7,-2.735432271905846e-7
t2849,-1.2174375030263974e-7,-1.7640408231956894e-8,-1.845828403608553e-7,-3.5962886516140023e-7
t2850,-1.600944266491682e-7,-6.111466156758602e-8,-2.2308142345260105e-7,-3.996204514819126e-7
t2851,-2.578647647582524e-7,-1.97163624016048e-7,-3.095907951193067e-7,-4.726603545449381e-7
t2852,-3.0951518827334425e-7,-2.637266846190899e-7,-3.550537989461245e-7,-5.085617865704049e-7
t2853,-3.2065544244472935e-7,-2.771988386060072e-7,-3.6549105053997823e-7,-5.185149905756379e-7
t2854,-3.192226714406864e-7,-2.735995286405239e-7,-3.6565623950984975e-7,-5.18856916991404e-7
t2855,-3.22276839395942e-7,-2.8613423301848876e-7,-3.651946406276071e-7,-5.075172807299453e-7
t2856,-3.233547968232408e-7,-2.9340132859252265e-7,-3.6375615528822985e-7,-4.976612961188109e-7
t2857,-3.2154957929155157e-7,-2.904146962710197e-7,-3.6273893998912134e-7,-4.986898071479586e-7
t2858,-3.1647614101407146e-7,-2.8403116196352937e-7,-3.5880024193504246e-7,-4.95243751913973e-7
t2859,-3.136750466330684e-7,-2.7978918816061805e-7,-3.5647689013514074e-7,-4.951395015357864e-7
t2860,-3.116441666965072e-7,-2.751546657521805e-7,-3.552404187239736e-7,-4.970610011764721e-7
t2861,-3.0744677007741315e-7,-2.6303301747885036e-7,-3.546010697980761e-7,-5.048874729414526e-7
t2862,-3.027978575988956e-7,-2.5121972651788903e-7,-3.5264148562185125e-7,-5.113367186389607e-7
t2863,-2.5220127817734067e-7,-1.7927090494813825e-7,-3.105222521076999e-7,-4.847347943240155e-7
t2864,-1.6054281034474377e-7,-4.355565288254017e-8,-2.312385107186407e-7,-4.220241188057386e-7
t2865,-1.1291075828142996e-7,-1.0841078048551696e-8,-1.728527979226221e-7,-3.354303057825142e-7
t2866,-1.0580424468763198e-7,-9.148119827475802e-9,-1.586144469894414e-7,-3.003585401424076e-7
t2867,-1.0537786223311966e-7,-8.933712441901474e-9,-1.5790172568724893e-7,-2.9822280080065374e-7
t2868,-1.020752610895227e-7,-7.861878552352667e-9,-1.5362590799981856e-7,-2.9146680702291363e-7
t2869,-9.788505913699565e-8,-6.629917901158469e-9,-1.4878712887139132e-7,-2.817195603642487e-7
t2870,-9.487879013498257e-8,-5.706645144487928e-9,-1.4492049776534142e-7,-2.762485367209126e-7
t2871,-9.573015091259833e-8,-6.07948929811003e-9,-1.4624884553021562e-7,-2.773962035045078e-7
t2872,-1.0609615848909975e-7,-8.885911345654198e-9,-1.6229071592503963e-7,-3.155580269791782e-7
t2873,-1.4220006785749377e-7,-2.39487246943085e-8,-2.1166312107111908e-7,-4.04397776554435e-7
t2874,-1.756118769840349e-7,-6.460600062267719e-8,-2.4506855992059715e-7,-4.3954367426557936e-7
t2875,-2.334047662294117e-7,-1.50727592114322e-7,-2.958665121319216e-7,-4.781730219043283e-7
t2876,-2.489961665818937e-7,-1.7050044515138406e-7,-3.095149012796512e-7,-4.945210307021708e-7
t2877,-2.4810798391340195e-7,-1.6722911447623417e-7,-3.1003396676718725e-7,-4.92474337681143e-7
t2878,-2.4749973960639943e-7,-1.6648262581152452e-7,-3.089488238036267e-7,-4.917964076197248e-7
t2879,-2.4513061992779134e-7,-1.7664088989299965e-7,-3.0283655925459363e-7,-4.722400173167048e-7
t2880,-2.461245405495077e-7,-1.8747958894877404e-7,-2.99672930198767e-7,-4.5596410406379934e-7
t2881,-2.5094037066973525e-7,-1.9904483059557498e-7,-3.009556951915647e-7,-4.4968226347162434e-7
t2882,-2.569677793658504e-7,-2.0846804406634172e-7,-3.054051750654325e-7,-4.4994073751162107e-7
t2883,-2.587335139929306e-7,-2.1023602594660216e-7,-3.0737995053162257e-7,-4.5312962966979793e-7
t2884,-2.6412349293863535e-7,-2.1245212364948316e-7,-3.137473622811978e-7,-4.6381685349733873e-7
t2885,-2.7128271264785937e-7,-2.027270127251974e-7,-3.281988752187399e-7,-4.999505381046875e-7
t2886,-2.7358317203554686e-7,-2.039029298413394e-7,-3.315427562054938e-7,-5.066591126704523e-7
t2887,-2.3932599574222495e-7,-1.5940101362823447e-7,-3.006673687051431e-7,-4.808646711952042e-7
t2888,-1.6727035333368516e-7,-5.595930035740535e-8,-2.3629318422132245e-7,-4.2362579481011754e-7
t2889,-1.338332379811506e-7,-1.982959171903272e-8,-2.005950278421457e-7,-3.8687773318898985e-7
t2890,-1.0866436614805453e-7,-1.0116901160138215e-8,-1.6398268748027406e-7,-3.1664292276481587e-7
t2891,-9.925054532382626e-8,-6.933102290718126e-9,-1.5100956052636164e-7,-2.902913995395154e-7
t2892,-9.38252796044609e-8,-5.225322849865007e-9,-1.4237214581160664e-7,-2.764305021623713e-7
t2893,-8.613307624952908e-8,-3.3744926333174983e-9,-1.3232471443042197e-7,-2.588005236693869e-7
t2894,-8.462891281753982e-8,-3.6658947640623884e-9,-1.301284793097824e-7,-2.5743589357769853e-7
t2895,-9.146594933715766e-8,-6.323298910043207e-9,-1.409412461311889e-7,-2.836619437537126e-7
t2896,-1.0582952182963022e-7,-1.3839205357734427e-8,-1.592313267283936e-7,-3.171970326532171e-7
t2897,-1.2178082160822933e-7,-3.002216599563811e-8,-1.7623719114185266e-7,-3.358767138811354e-7
t2898,-1.558592198471778e-7,-7.955424201331179e-8,-2.0805521048821202e-7,-3.6352550873658793e-7
t2899,-2.573840073234818e-7,-2.155331397115312e-7,-2.969110638648547e-7,-4.346393071726387e-7
t2900,-2.895008019559395e-7,-2.544011256657159e-7,-3.2700037284435593e-7,-4.598658818832294e-7
t2901,-2.8124414060788085e-7,-2.431330761502864e-7,-3.2002235001588534e-7,-4.5785356784285216e-7
t2902,-2.706286005049642e-7,-2.245822357922276e-7,-3.129567586403447e-7,-4.580570931987875e-7
t2903,-2.6575922564059356e-7,-2.2268716369120834e-7,-3.0798700647289493e-7,-4.478338761925541e-7
t2904,-2.671105491876741e-7,-2.3152408680524113e-7,-3.0638824883086915e-7,-4.3846021644982935e-7
t2905,-2.7489722429970026e-7,-2.426013896715866e-7,-3.1335247118303413e-7,-4.4299472413109556e-7
t2906,-2.784798331045444e-7,-2.473976040262393e-7,-3.171355314182493e-7,-4.461231425204687e-7
t2907,-2.870395744256585e-7,-2.5613026889009475e-7,-3.2569527338523844e-7,-4.567087514213191e-7
t2908,-2.9351695318368456e-7,-2.575741520782897e-7,-3.3487733933126847e-7,-4.714046108624428e-7
t2909,-2.861476262597673e-7,-2.415125189965966e-7,-3.3048299729624337e-7,-4.7553878068920726e-7
t2910,-2.75995349723801e-7,-2.2185272211058353e-7,-3.2429079711424233e-7,-4.791032744713798e-7
t2911,-2.2897548443791273e-7,-1.5477711686314432e-7,-2.854154644370799e-7,-4.548454106382502e-7
t2912,-1.523768905886646e-7,-3.835576136977361e-8,-2.177493069149178e-7,-4.0358321462235474e-7
t2913,-1.0693856655991765e-7,-9.523697634716593e-9,-1.6243517459340538e-7,-3.167693788023096e-7
t2914,-9.553361021357131e-8,-5.9529447264616875e-9,-1.4283241162302738e-7,-2.740294569573322e-7
t2915,-8.997040476834639e-8,-4.0300390003454475e-9,-1.3526837582257368e-7,-2.596881006779411e-7
t2916,-8.67921245077434e-8,-3.025905315605451e-9,-1.3078427404262408e-7,-2.5260771578956987e-7
t2917,-7.997716338678808e-8,-1.1106289130639144e-9,-1.2238313703090234e-7,-2.3727031633907482e-7
t2918,-7.733601819718493e-8,-7.890167061703703e-10,-1.1919076214791863e-7,-2.320798497784315e-7
t2919,-8.058414169824949e-8,-2.5074856610526507e-9,-1.2406750876018373e-7,-2.437654468138727e-7
t2920,-9.81607990523949e-8,-9.107760425155223e-9,-1.4984863502366407e-7,-3.0228224215691556e-7
t2921,-1.2064575727628134e-7,-2.6862504714161974e-8,-1.7506923622640997e-7,-3.370111464524292e-7
t2922,-1.5651816215969467e-7,-7.847300557019187e-8,-2.0893162855703884e-7,-3.664245749369125e-7
t2923,-2.5037543401196694e-7,-2.0540996127544564e-7,-2.90606386143473e-7,-4.285372368375714e-7
t2924,-2.802194309417699e-7,-2.428835204798424e-7,-3.178296494279521e-7,-4.5121828793047185e-7
t2925,-2.68400993867106e-7,-2.2537010338299308e-7,-3.087535543439644e-7,-4.473367159386684e-7
t2926,-2.59050304865455e-7,-2.0883408948756302e-7,-3.0289887752548224e-7,-4.49169537150154e-7
t2927,-2.5999745730333037e-7,-2.1642165505826652e-7,-3.0242759945059295e-7,-4.421580642289228e-7
t2928,-2.708424738708513e-7,-2.3472009723743602e-7,-3.1103303832279484e-7,-4.421139653195942e-7
t2929,-2.8195431961125487e-7,-2.499317930498411e-7,-3.20919890587126e-7,-4.486268625238418e-7
t2930,-2.9923451048971937e-7,-2.71719503441853e-7,-3.3704539104568125e-7,-4.6282061298183894e-7
t2931,-3.151207988891131e-7,-2.8931129977748957e-7,-3.5240779855570155e-7,-4.788379805476098e-7
t2932,-3.195720774320922e-7,-2.8860085286646367e-7,-3.593376282692629e-7,-4.930765514664997e-7
t2933,-3.204891845749319e-7,-2.824629507478317e-7,-3.635107298861266e-7,-5.058335397216927e-7
t2934,-3.2236685810880607e-7,-2.7891364456940205e-7,-3.6728922601632714e-7,-5.162982916180926e-7
t2935,-2.7101012969030547e-7,-2.076488320219941e-7,-3.236413835243133e-7,-4.916015127535153e-7
t2936,-1.757608980577663e-7,-6.811380583776485e-8,-2.4161197299173636e-7,-4.274313006268512e-7
t2937,-1.3593091927601884e-7,-2.2614730021237936e-8,-1.9989403848113407e-7,-3.851678590074615e-7
t2938,-1.129485888414537e-7,-1.1894911651868033e-8,-1.6690455314020247e-7,-3.229738342496295e-7
t2939,-1.0188842477120641e-7,-7.94637634809832e-9,-1.524703214460752e-7,-2.9356585766518075e-7
t2940,-9.799882356717053e-8,-6.622084406124788e-9,-1.4637400031265409e-7,-2.8366894003632397e-7
t2941,-9.05918752973577e-8,-5.029616715656537e-9,-1.3761564600532738e-7,-2.6912189885310265e-7
t2942,-8.440854067952262e-8,-3.1810951809157457e-9,-1.299239588440184e-7,-2.5434396659389014e-7
t2943,-8.278177005186288e-8,-3.204478319390157e-9,-1.2759095638067328e-7,-2.524279542244846e-7
t2944,-9.524866817422522e-8,-8.158228924860251e-9,-1.4596730532576826e-7,-2.926023389316529e-7
t2945,-1.2055021316909246e-7,-2.605286572793124e-8,-1.760145896630914e-7,-3.3856653108410244e-7
t2946,-1.6523468523210228e-7,-9.159047837991532e-8,-2.1778549125526306e-7,-3.7718955723456316e-7
t2947,-3.130690314566991e-7,-2.8520145218212094e-7,-3.4813997362635905e-7,-4.787931828774312e-7
t2948,-3.529534326747818e-7,-3.33844830919871e-7,-3.857000992360747e-7,-5.102575347466909e-7
t2949,-3.4669775073149955e-7,-3.247726919260985e-7,-3.80474399441462e-7,-5.098919873654535e-7
t2950,-3.598381254030441e-7,-3.381211591935849e-7,-3.945171452775976e-7,-5.267592706937131e-7
t2951,-3.7089911071083716e-7,-3.561395853624353e-7,-4.0430549903806447e-7,-5.307375268195166e-7
t2952,-3.823639495010973e-7,-3.75966559862413e-7,-4.131844006136641e-7,-5.292561922509469e-7
t2953,-3.7976205104797e-7,-3.720723087343659e-7,-4.111547959394021e-7,-5.28489181408601e-7
t2954,-3.8831812250189454e-7,-3.838086521302439e-7,-4.191766056968985e-7,-5.358393856444465e-7
t2955,-3.998435601000212e-7,-3.9623239657031327e-7,-4.305774536191467e-7,-5.471557464707642e-7
t2956,-3.824182708955909e-7,-3.67647924683301e-7,-4.1681901036912923e-7,-5.448608780713097e-7
t2957,-3.5731860874657606e-7,-3.2415591821898716e-7,-3.983232454397172e-7,-5.461726352588355e-7
t2958,-3.4170512044322125e-7,-2.976972508788869e-7,-3.873833259275918e-7,-5.442147304945907e-7
t2959,-2.6789455971344115e-7,-1.962506503093666e-7,-3.235421935530124e-7,-5.01078434332803e-7
t2960,-1.7024743020457085e-7,-5.017925420421252e-8,-2.3773052754866607e-7,-4.3263622527297967e-7
t2961,-1.2396841639937023e-7,-1.5450777411711795e-8,-1.8293704469905565e-7,-3.550987280113186e-7
t2962,-1.1029804973101865e-7,-1.0582359122638518e-8,-1.613250669537927e-7,-3.0724982534364233e-7
t2963,-1.0312015259767859e-7,-8.016691336212365e-9,-1.5170391610373714e-7,-2.91546484018026e-7
t2964,-9.730282139499966e-8,-6.234333368610707e-9,-1.4344552072114456e-7,-2.762493473380954e-7
t2965,-8.912652824703926e-8,-4.091222136705239e-9,-1.338197323697016e-7,-2.5991137819429165e-7
t2966,-8.653140453702967e-8,-3.8754722282483535e-9,-1.3085425867596548e-7,-2.5531448561805484e-7
t2967,-8.976441230339392e-8,-5.359516997552091e-9,-1.359949308095077e-7,-2.6895729172738606e-7
t2968,-1.0374910541978698e-7,-1.07027433064476e-8,-1.5726030198198184e-7,-3.144552001843431e-7
t2969,-1.252102929263899e-7,-2.8998304459816673e-8,-1.8178858777581182e-7,-3.4777043965356776e-7
t2970,-1.6541577399493064e-7,-8.925245882690368e-8,-2.1956812047310513e-7,-3.825267636384232e-7
t2971,-2.887335559303728e-7,-2.5466761383957754e-7,-3.2808274682087225e-7,-4.6879173451869645e-7
t2972,-3.300240173942455e-7,-3.0565957045887896e-7,-3.6608109392472593e-7,-4.999077052406801e-7
t2973,-3.340243449176367e-7,-3.076752740122908e-7,-3.7120099376202127e-7,-5.06775541704852e-7
t2974,-3.499944955011893e-7,-3.234657988603853e-7,-3.87424177610616e-7,-5.24142544784693e-7
t2975,-3.4389910309744757e-7,-3.192846476158948e-7,-3.8043597079459396e-7,-5.12082301513591e-7
t2976,-3.474278164727553e-7,-3.2908111474456726e-7,-3.816865908865556e-7,-5.050171356086574e-7
t2977,-3.607281321321753e-7,-3.4732656335715515e-7,-3.9360813918827855e-7,-5.138132932765429e-7
t2978,-3.825638594654848e-7,-3.764698173194246e-7,-4.138376565347142e-7,-5.292833231024978e-7
t2979,-3.910861125363239e-7,-3.8585956501846024e-7,-4.2248796773729316e-7,-5.388708370645318e-7
t2980,-4.0592236140991605e-7,-3.9857224365106196e-7,-4.3855514602919204e-7,-5.585027757697931e-7
t2981,-3.971219743156036e-7,-3.803533191242552e-7,-4.3288978244410997e-7,-5.626875502957655e-7
t2982,-3.653644607104598e-7,-3.3373711945958525e-7,-4.065644607623242e-7,-5.471758333618928e-7
t2983,-2.755526694432978e-7,-2.1395453838568952e-7,-3.2824629796707753e-7,-4.947136196183848e-7
t2984,-1.6772093703370506e-7,-5.6055666626991266e-8,-2.351047494852358e-7,-4.242010151296723e-7
t2985,-1.2049296216345998e-7,-1.519299930964249e-8,-1.815822190363608e-7,-3.519194983226797e-7
t2986,-1.0612741456907182e-7,-9.755415876094999e-9,-1.5752469666530773e-7,-2.976251905680859e-7
t2987,-1.0004475036709978e-7,-7.574085101934922e-9,-1.495188889810942e-7,-2.836951654774218e-7
t2988,-9.340538221528294e-8,-5.445674817280525e-9,-1.408251785053959e-7,-2.692356986145108e-7
t2989,-8.510566704456095e-8,-3.2942314661278615e-9,-1.3042561700650044e-7,-2.5073526330492165e-7
t2990,-8.26312364078387e-8,-3.1770041947491243e-9,-1.2752296843651577e-7,-2.4657625053814764e-7
t2991,-8.758773051717853e-8,-5.887537781979277e-9,-1.3506822022979496e-7,-2.6325465580114523e-7
t2992,-1.1042904625005721e-7,-1.5834780050482024e-8,-1.669760695742265e-7,-3.301322856121293e-7
t2993,-1.343835376827975e-7,-4.201133733921704e-8,-1.9202701830636384e-7,-3.6003878525034686e-7
t2994,-1.8900726661017726e-7,-1.2289569969116487e-7,-2.4125187400300224e-7,-4.0322424155976576e-7
t2995,-3.5595191628910867e-7,-3.413088736662487e-7,-3.894945225914223e-7,-5.213791731648991e-7
t2996,-4.275797454362407e-7,-4.307580081563941e-7,-4.558930255910894e-7,-5.787898728361718e-7
t2997,-4.173518747455047e-7,-4.1361618509750053e-7,-4.475737481389518e-7,-5.735323680818001e-7
t2998,-3.919959446979604e-7,-3.764203734656189e-7,-4.2629736163854347e-7,-5.5960073917059e-7
t2999,-3.672200856696621e-7,-3.489427986530962e-7,-4.0265118488111785e-7,-5.363566430148738e-7
t3000,-3.7642780624204064e-7,-3.6486217741873583e-7,-4.09637412460576e-7,-5.369060902388425e-7
t3001,-4.038803970857031e-7,-3.9437450996061885e-7,-4.3709368205347665e-7,-5.663018547387901e-7
t3002,-4.0190641805271447e-7,-3.900446262943609e-7,-4.3633229473465486e-7,-5.645380701963053e-7
t3003,-3.79606997589833e-7,-3.5953262920209057e-7,-4.1690715955999896e-7,-5.482836455143295e-7
t3004,-3.575717093129034e-7,-3.281125647237594e-7,-3.9832903051407856e-7,-5.399708226503661e-7
t3005,-3.5324088395203807e-7,-3.1709081084937104e-7,-3.9630894121068706e-7,-5.437779953584114e-7
t3006,-3.3496572422966196e-7,-2.8819163607947927e-7,-3.8221726389429904e-7,-5.408543474991315e-7
t3007,-2.560369327295996e-7,-1.8096135644236224e-7,-3.1499917106826224e-7,-4.956952295908317e-7
t3008,-1.6415096907161626e-7,-4.146403675411561e-8,-2.3528528099544216e-7,-4.2964261373161055e-7
t3009,-1.1366564090101016e-7,-1.1265919305593176e-8,-1.7185243174565414e-7,-3.30850260359216e-7
t3010,-1.0824293394032867e-7,-9.779287905919902e-9,-1.6068304595600619e-7,-3.013413826637069e-7
t3011,-1.0655545026931869e-7,-9.132688941490789e-9,-1.5839285987690602e-7,-2.969366714923417e-7
t3012,-1.0108663427225703e-7,-7.564955613201906e-9,-1.5257459541420985e-7,-2.88031208303074e-7
t3013,-9.501051941273542e-8,-5.80036532134453e-9,-1.4551565606930597e-7,-2.761766608754936e-7
t3014,-9.156803617625087e-8,-4.920320495894669e-9,-1.4123244741415238e-7,-2.687091942688575e-7
t3015,-9.190106926556416e-8,-5.519394468585858e-9,-1.4191753302563205e-7,-2.6948497313978515e-7
t3016,-1.0451614883613588e-7,-1.0556105929781228e-8,-1.616896325713564e-7,-3.12915916651419e-7
t3017,-1.474178892193982e-7,-3.5572257808168384e-8,-2.1583557598402914e-7,-4.072696291521487e-7
t3018,-2.2011283531312705e-7,-1.3644544978181892e-7,-2.8461951896969477e-7,-4.7228065768441024e-7
t3019,-4.889978055788312e-7,-4.849373300662598e-7,-5.266363224627068e-7,-6.713962034883966e-7
t3020,-5.433830466821189e-7,-5.557229846251003e-7,-5.76445833040974e-7,-7.125348034509716e-7
t3021,-5.185294362257956e-7,-5.237424648258986e-7,-5.530758644729642e-7,-6.929037280048528e-7
t3022,-5.122818134399044e-7,-5.140169755159354e-7,-5.476051322336033e-7,-6.890393815202142e-7
t3023,-4.922827338129614e-7,-4.954323315199322e-7,-5.265816158454817e-7,-6.601824434681506e-7
t3024,-4.879365065467351e-7,-4.933455963259902e-7,-5.2063130238581e-7,-6.472879350629112e-7
t3025,-4.687289798816013e-7,-4.677653938931542e-7,-5.033177565124874e-7,-6.312157588011158e-7
t3026,-4.472924612764179e-7,-4.400095505718821e-7,-4.836565149311683e-7,-6.138961035749841e-7
t3027,-4.2324962426953165e-7,-4.085655213625978e-7,-4.6270842424400393e-7,-5.971517954742364e-7
t3028,-4.023305123933923e-7,-3.791480667052769e-7,-4.447637502858104e-7,-5.875577591373652e-7
t3029,-3.8380554905323485e-7,-3.508849332229249e-7,-4.300401724745088e-7,-5.796855632599279e-7
t3030,-3.6655244606718077e-7,-3.2260214888556813e-7,-4.1609145954063547e-7,-5.781919738449393e-7
t3031,-2.901786201920038e-7,-2.1831185035813923e-7,-3.514051355144656e-7,-5.346306726915337e-7
t3032,-1.772600674154007e-7,-5.274997303041811e-8,-2.529665088980938e-7,-4.5744650473029093e-7
t3033,-1.2325211201330274e-7,-1.542996991189804e-8,-1.8829433747733643e-7,-3.6186106944314244e-7
t3034,-1.147582115350837e-7,-1.2397405585694279e-8,-1.7092320496946436e-7,-3.1983931970873873e-7
t3035,-1.1283541515450278e-7,-1.1579144812149227e-8,-1.682865295386233e-7,-3.1477650984853845e-7
t3036,-1.0756627369707248e-7,-9.924209914083264e-9,-1.6208948438840015e-7,-3.022750983645428e-7
t3037,-1.0164972059255119e-7,-8.336645699156213e-9,-1.5552760602068334e-7,-2.9234598766842895e-7
t3038,-9.948813716814602e-8,-8.041645822941909e-9,-1.529335121483028e-7,-2.8751911035508666e-7
t3039,-1.0200888653649876e-7,-9.715720888911567e-9,-1.5634017051868072e-7,-2.937863692094454e-7
t3040,-1.1680240730551962e-7,-1.5422142781281564e-8,-1.792782973300472e-7,-3.435162391679645e-7
t3041,-1.583029003656627e-7,-3.917777619742714e-8,-2.3147742097940582e-7,-4.343864103446866e-7
t3042,-2.1633419751886688e-7,-1.1833096537551906e-7,-2.8756357605606836e-7,-4.895546797655174e-7
t3043,-4.2880896297801514e-7,-3.9866133601549914e-7,-4.7592894030230904e-7,-6.422724010119382e-7
t3044,-5.491634812399073e-7,-5.480010463724233e-7,-5.875640573104729e-7,-7.412663838528358e-7
t3045,-5.459579235749435e-7,-5.403881554612531e-7,-5.863987621042497e-7,-7.437170678325458e-7
t3046,-5.327036741756219e-7,-5.217197840849142e-7,-5.746906433889262e-7,-7.354075799531023e-7
t3047,-4.931868521653954e-7,-4.832948513190416e-7,-5.33788727721637e-7,-6.846828026602665e-7
t3048,-4.872155880804114e-7,-4.851633586262794e-7,-5.243100990516695e-7,-6.615061744600276e-7
t3049,-5.126076377085456e-7,-5.225439675068564e-7,-5.453908337754932e-7,-6.700174093283607e-7
t3050,-5.149304513910361e-7,-5.279260069034291e-7,-5.465443578739642e-7,-6.676126272819054e-7
t3051,-4.967393102219356e-7,-5.04468387971088e-7,-5.299866413851908e-7,-6.532150120783504e-7
t3052,-5.053534738723762e-7,-5.104889178070852e-7,-5.395429784345833e-7,-6.665608277575046e-7
t3053,-5.177255179651792e-7,-5.198768485100492e-7,-5.536412836524052e-7,-6.832683442654029e-7
t3054,-5.535808034699048e-7,-5.605868097186188e-7,-5.882768447766544e-7,-7.192681894027814e-7
t3055,-4.5140501622385785e-7,-4.24767418788692e-7,-4.967005319597207e-7,-6.503455198664829e-7
t3056,-2.139371609947663e-7,-1.0384865361882867e-7,-2.883901891464575e-7,-4.90464598198444e-7
t3057,-1.526864731144106e-7,-3.4357684654594606e-8,-2.257750207850137e-7,-4.236723482849852e-7
t3058,-1.1907222041158713e-7,-1.678083782988804e-8,-1.7740313265124233e-7,-3.2939082871079315e-7
t3059,-1.0764494020830786e-7,-1.1752988924422578e-8,-1.6237887948442303e-7,-3.0694679042968603e-7
t3060,-1.0171529816359924e-7,-9.739494298548613e-9,-1.5358235704512034e-7,-2.9117689253854963e-7
t3061,-9.251393145495548e-8,-8.157666317035979e-9,-1.4153754485534077e-7,-2.6935795318889836e-7
t3062,-9.3606676235163e-8,-1.0796671259956881e-8,-1.4244996797700885e-7,-2.7198938245678276e-7
t3063,-1.1056638135753318e-7,-1.9441552434929448e-8,-1.6681094276224863e-7,-3.2667666710210796e-7
t3064,-1.3039801718613923e-7,-4.069666998173087e-8,-1.8772552607302766e-7,-3.497422814004597e-7
t3065,-1.7188637324485564e-7,-1.0051046442933573e-7,-2.2520270871602907e-7,-3.816449088371479e-7
t3066,-3.029171147804561e-7,-2.737681376969714e-7,-3.409111197626601e-7,-4.730618399094224e-7
t3067,-8.300801026312117e-7,-9.6789872926998e-7,-8.312007576246213e-7,-8.966676656833985e-7
t3068,-9.747620230313808e-7,-1.1570467201627667e-6,-9.66413218724573e-7,-1.0195480763842455e-6
t3069,-8.96330016552757e-7,-1.04810819470893e-6,-8.943755428072303e-7,-9.575669772783076e-7
t3070,-8.331242229544795e-7,-9.54653054495405e-7,-8.377529855906934e-7,-9.121128724507041e-7
t3071,-7.902105578471534e-7,-9.014614358544074e-7,-7.96372074056922e-7,-8.714834688649427e-7
t3072,-8.529778927629308e-7,-9.923796747993333e-7,-8.522992795567156e-7,-9.155162118359084e-7
t3073,-1.0308951399082453e-6,-1.2299823004514387e-6,-1.0166875745395979e-6,-1.060892295851228e-6
t3074,-1.1787028928997594e-6,-1.4232002401374641e-6,-1.1530446352878763e-6,-1.1814039104813553e-6
t3075,-1.207974328116908e-6,-1.4572596881218026e-6,-1.1820221378605853e-6,-1.2113707264987411e-6
t3076,-1.225979449492236e-6,-1.4740409538777245e-6,-1.2019801671979146e-6,-1.2363701487898504e-6
t3077,-1.2007096858078332e-6,-1.4336585288513647e-6,-1.1821062568091353e-6,-1.2227642496456773e-6
t3078,-1.1008417266525907e-6,-1.2941452670766527e-6,-1.092938599917363e-6,-1.1500418186390758e-6
t3079,-7.056993500018737e-7,-7.659607201124482e-7,-7.261577473435354e-7,-8.311800204974679e-7
t3080,-2.6745805076682015e-7,-1.938379185237529e-7,-3.265501322310898e-7,-5.052681183328788e-7
t3081,-1.782129734578129e-7,-6.810619130889802e-8,-2.4529552447049056e-7,-4.35432593757121e-7
t3082,-1.4704673238130402e-7,-3.450404183762357e-8,-2.1216026054441894e-7,-4.00334366054002e-7
t3083,-1.208987245155715e-7,-2.1511843700623405e-8,-1.7867926290398125e-7,-3.393588685013218e-7
t3084,-1.0912064500760531e-7,-1.629886697610287e-8,-1.6187665158424383e-7,-3.06904714656248e-7
t3085,-1.0251941954438763e-7,-1.4609184075982254e-8,-1.5354039925429978e-7,-2.955591760414102e-7
t3086,-1.0380078178555097e-7,-1.564368532912054e-8,-1.5631904835900782e-7,-3.031545493705808e-7
t3087,-1.1224782535811138e-7,-2.0891212892871544e-8,-1.6794037082397994e-7,-3.2771174707933046e-7
t3088,-1.2831341028670959e-7,-3.814486190901182e-8,-1.8505346807709865e-7,-3.4803563923819683e-7
t3089,-1.8236037216782134e-7,-1.1902729495995694e-7,-2.3297461871937817e-7,-3.910343796925041e-7
t3090,-4.910559474659042e-7,-5.209470724300259e-7,-5.122535795487114e-7,-6.211359544712285e-7
t3091,-1.119906129510628e-6,-1.3559895483324698e-6,-1.0988917571180254e-6,-1.1389091314127316e-6
t3092,-1.3551727329812573e-6,-1.6607160834989363e-6,-1.3171611284470499e-6,-1.3361885733226594e-6
t3093,-1.391037444203319e-6,-1.7026636959707721e-6,-1.3511392514223732e-6,-1.3686175824591558e-6
t3094,-1.3065952525867953e-6,-1.5870695789589254e-6,-1.2761682193970854e-6,-1.306466096815923e-6
t3095,-1.2606398282132957e-6,-1.5311108653996758e-6,-1.2307318965491787e-6,-1.2618225315333506e-6
t3096,-1.1689973687827719e-6,-1.4185530409422398e-6,-1.1424424965435246e-6,-1.1762109183645192e-6
t3097,-1.1047835711968509e-6,-1.3338126684515133e-6,-1.083022181304495e-6,-1.1226689682456962e-6
t3098,-1.1073452437021834e-6,-1.3354980946194429e-6,-1.0859114447320284e-6,-1.1271300815208399e-6
t3099,-1.1536773000300465e-6,-1.3909738487360436e-6,-1.1302746045627022e-6,-1.169508299396417e-6
t3100,-1.1407382079903303e-6,-1.364981288421487e-6,-1.1220704350743924e-6,-1.16782038616524e-6
t3101,-9.919448966072913e-7,-1.1585240750968235e-6,-9.879912357848815e-7,-1.0537216771234677e-6
t3102,-7.839380955649401e-7,-8.765748268880981e-7,-7.963888822044457e-7,-8.886487951975045e-7
t3103,-5.287639679995448e-7,-5.385691023261584e-7,-5.59653163133915e-7,-6.887692183487197e-7
t3104,-2.667718508422941e-7,-1.9816130958328953e-7,-3.2292301181137164e-7,-4.998757509540897e-7
t3105,-1.7688400194468032e-7,-6.59833788447263e-8,-2.4381136826501914e-7,-4.36877406352121e-7
t3106,-1.420490759309706e-7,-2.774381036451513e-8,-2.0679200541817006e-7,-3.9473896212426057e-7
t3107,-1.129395454843049e-7,-1.4584518498204505e-8,-1.6714548415058175e-7,-3.2035412669366664e-7
t3108,-1.0401543391602026e-7,-1.0907947462137894e-8,-1.551752565963219e-7,-2.9608880288774383e-7
t3109,-9.663628314668922e-8,-9.206279104977135e-9,-1.456990605372802e-7,-2.8204578338368937e-7
t3110,-9.617303187240715e-8,-1.0155911610158375e-8,-1.459666537535778e-7,-2.8594840525095747e-7
t3111,-1.0639389501601175e-7,-1.5214535107168175e-8,-1.599558738413327e-7,-3.171899019774194e-7
t3112,-1.2351914576689797e-7,-3.079187502931511e-8,-1.796863051389824e-7,-3.443587737092065e-7
t3113,-1.5874394504299412e-7,-8.328523051377333e-8,-2.1131250154569811e-7,-3.751676384034034e-7
t3114,-2.854604926576999e-7,-2.5559093380413345e-7,-3.2293290040672863e-7,-4.658864627030306e-7
t3115,-6.487757808062116e-7,-7.255510639500994e-7,-6.614606510909466e-7,-7.51891264311975e-7
t3116,-8.530024522990941e-7,-9.95827120539407e-7,-8.522000752073526e-7,-9.197051494700069e-7
t3117,-8.680829816992784e-7,-1.0112749957170892e-6,-8.676166077360923e-7,-9.36787570733784e-7
t3118,-8.370085413716162e-7,-9.633412522870676e-7,-8.401119327421036e-7,-9.165823444260343e-7
t3119,-8.120924792420304e-7,-9.35480811343161e-7,-8.148931844304347e-7,-8.880834930426368e-7
t3120,-8.272056828003889e-7,-9.646090490420697e-7,-8.262469864335629e-7,-8.907746121026157e-7
t3121,-8.899305327968561e-7,-1.0476591331129483e-6,-8.84660549216096e-7,-9.416721185400771e-7
t3122,-9.335832651057854e-7,-1.106258600227836e-6,-9.248541903355696e-7,-9.76499904105988e-7
t3123,-9.383246598357126e-7,-1.1088212174710463e-6,-9.304437142813934e-7,-9.832325276635227e-7
t3124,-8.832009478731015e-7,-1.028985920380185e-6,-8.814374997008872e-7,-9.442980847581421e-7
t3125,-7.915153358679029e-7,-8.841708876946918e-7,-8.033181501089755e-7,-8.942842969040937e-7
t3126,-6.988064958555318e-7,-7.554824041278511e-7,-7.184479902593821e-7,-8.262128299872057e-7
t3127,-5.818217631393848e-7,-5.982853645062527e-7,-6.105216554671637e-7,-7.38936832276568e-7
t3128,-4.0288763675998e-7,-3.6467420017871144e-7,-4.4597515691725116e-7,-6.086501503000234e-7
t3129,-2.7137583399797264e-7,-1.8801866414378475e-7,-3.2969206796588434e-7,-5.230307327087258e-7
t3130,-2.1206330492888103e-7,-9.6477421362597e-8,-2.774128366492649e-7,-4.801526824650419e-7
t3131,-1.7834014930568962e-7,-5.543824092862092e-8,-2.42740246290055e-7,-4.432557306105599e-7
t3132,-1.6219629564439412e-7,-4.268554606810967e-8,-2.2442064828208994e-7,-4.187315603311388e-7
t3133,-1.459818352482091e-7,-3.638862221668086e-8,-2.0646010615888803e-7,-3.8951971043647763e-7
t3134,-1.4693706442968248e-7,-4.520786875111655e-8,-2.0478102679398375e-7,-3.840126316021965e-7
t3135,-1.6175430647625918e-7,-7.158608394269129e-8,-2.1799678523054398e-7,-3.914968791675244e-7
t3136,-1.8348566545375746e-7,-1.0575409423840076e-7,-2.3757539962555779e-7,-4.0223041260404655e-7
t3137,-2.3397019517332382e-7,-1.8201764597855757e-7,-2.7947923418427973e-7,-4.290208887305198e-7
t3138,-3.6724644286952926e-7,-3.53239761483617e-7,-3.9958202267688887e-7,-5.265406272784846e-7
t3139,-6.917349955831311e-7,-7.766717238665301e-7,-7.025560046668213e-7,-7.851978856853713e-7
t3140,-7.807155552712722e-7,-8.910040689649014e-7,-7.862471689253247e-7,-8.600163200728824e-7
t3141,-7.421282008569583e-7,-8.354940310035036e-7,-7.511091699592947e-7,-8.313393609636291e-7
t3142,-7.268646464712782e-7,-8.103646954789348e-7,-7.38245125509237e-7,-8.246775161608125e-7
t3143,-7.359184234301157e-7,-8.281606544248549e-7,-7.452318075277393e-7,-8.248415484349486e-7
t3144,-7.093182692149576e-7,-7.994827819416386e-7,-7.184414124078252e-7,-7.958185749921122e-7
t3145,-6.592961386826424e-7,-7.339326007198063e-7,-6.716013445949792e-7,-7.530855174542782e-7
t3146,-6.15574148672332e-7,-6.763333325083941e-7,-6.308535784858815e-7,-7.185028136221724e-7
t3147,-5.739821578399242e-7,-6.183097773881789e-7,-5.932878201615082e-7,-6.880750804000165e-7
t3148,-5.278133171989708e-7,-5.508834309640279e-7,-5.525301986052463e-7,-6.582630638743288e-7
t3149,-4.706304724900078e-7,-4.697970860801426e-7,-5.023263053042166e-7,-6.238436197098373e-7
t3150,-4.351998599402569e-7,-4.1912435144459983e-7,-4.7076619364076405e-7,-6.031311281582859e-7
t3151,-3.952987873218376e-7,-3.64327384679788e-7,-4.364760547211491e-7,-5.810264874598321e-7
t3152,-2.702010166790006e-7,-1.9976972044816377e-7,-3.25771692457821e-7,-5.00256335227081e-7
t3153,-1.9123645175168036e-7,-8.438697719843108e-8,-2.581332262854386e-7,-4.459581575516189e-7
t3154,-1.622414338490423e-7,-3.902419263187613e-8,-2.2972336323229552e-7,-4.264356913146201e-7
t3155,-1.379825360027097e-7,-2.3914660931016314e-8,-2.023077435995704e-7,-3.8789131428947326e-7
t3156,-1.2479070416601447e-7,-1.900942549422039e-8,-1.8451672531045488e-7,-3.591884179095667e-7
t3157,-1.2008717307142465e-7,-1.9193889075868097e-8,-1.7805968050801264e-7,-3.46574086283709e-7
t3158,-1.192032693914158e-7,-2.1071154119515178e-8,-1.7659254589539846e-7,-3.414116162023136e-7
t3159,-1.206658787994173e-7,-2.4395050581672504e-8,-1.781402346057622e-7,-3.4344501512331984e-7
t3160,-1.3044408165791167e-7,-3.8330527637391504e-8,-1.8702539748706695e-7,-3.503281486021898e-7
t3161,-1.5438966516968828e-7,-7.333542610047583e-8,-2.0928795419727133e-7,-3.6862910788289164e-7
t3162,-2.2878285174192694e-7,-1.7659557734823092e-7,-2.745527134656516e-7,-4.219738662167359e-7
t3163,-4.273419024796414e-7,-4.3300342791147433e-7,-4.5458773516741213e-7,-5.692688532707781e-7
t3164,-5.328041773929877e-7,-5.696221179266668e-7,-5.527612697235519e-7,-6.556116986803105e-7
t3165,-5.839870251608658e-7,-6.323410313099823e-7,-6.020645886260861e-7,-7.028170018164017e-7
t3166,-6.506136900957311e-7,-7.135788928031775e-7,-6.667935869997874e-7,-7.638096372929207e-7
t3167,-6.766995394701436e-7,-7.509909900526285e-7,-6.902382860832088e-7,-7.797559189210304e-7
t3168,-6.533264447938487e-7,-7.259210337119465e-7,-6.663193370250134e-7,-7.526172060014656e-7
t3169,-6.037943215988449e-7,-6.59542050790958e-7,-6.204434696183703e-7,-7.109561036042376e-7
t3170,-5.461640178723295e-7,-5.827036583524873e-7,-5.672898964400417e-7,-6.650447490159227e-7
t3171,-5.103045323200721e-7,-5.35442037085657e-7,-5.34646827357665e-7,-6.375239982400383e-7
t3172,-5.048283042107944e-7,-5.24905286690868e-7,-5.30609834904974e-7,-6.366473203487572e-7
t3173,-4.997394949431947e-7,-5.125389087045314e-7,-5.27911891624447e-7,-6.408911267916503e-7
t3174,-4.995547013373698e-7,-5.06296502620293e-7,-5.303934813423212e-7,-6.479066044419256e-7
t3175,-3.869917175867175e-7,-3.5819819205108696e-7,-4.2853546574360955e-7,-5.701153362534811e-7
t3176,-2.0434201220431785e-7,-1.1325563904281746e-7,-2.696784558105675e-7,-4.5227194032426894e-7
t3177,-1.555353867308238e-7,-4.199076658445622e-8,-2.2524809035957506e-7,-4.152305396928122e-7
t3178,-1.2357413295236824e-7,-2.0670428920931867e-8,-1.846496480233293e-7,-3.5008932150390885e-7
t3179,-1.1321278958718215e-7,-1.4661114328386674e-8,-1.6985168770436894e-7,-3.178376190053472e-7
t3180,-1.0711983203815084e-7,-1.1930205310288816e-8,-1.6154635428409593e-7,-3.050690058721722e-7
t3181,-1.0027804911815662e-7,-9.978433623314876e-9,-1.528508057842817e-7,-2.906385587107644e-7
t3182,-9.790042405795311e-8,-9.941532217989334e-9,-1.504774088503715e-7,-2.847640498855637e-7
t3183,-1.0155594463612832e-7,-1.2819587583629205e-8,-1.5582187509938658e-7,-2.938085504922421e-7
t3184,-1.2213714565716432e-7,-2.2123752077140462e-8,-1.8564231648203898e-7,-3.569485970043065e-7
t3185,-1.5394111991886642e-7,-5.141838578605898e-8,-2.1869732177934542e-7,-3.969561325511022e-7
t3186,-2.4473262060367966e-7,-1.7767545178630384e-7,-3.0172939140939183e-7,-4.705178805653268e-7
t3187,-7.786286165690159e-7,-8.695810788867493e-7,-7.929893058613495e-7,-8.878722062369279e-7
t3188,-1.1399549524871314e-6,-1.348133985736926e-6,-1.129661492767891e-6,-1.1910237053967037e-6
t3189,-1.3371139903607683e-6,-1.6061476672360014e-6,-1.312625375309256e-6,-1.357609644972687e-6
t3190,-1.505143559209742e-6,-1.8237535456819858e-6,-1.4681879378366032e-6,-1.498823952968719e-6
t3191,-1.584213690730431e-6,-1.932847145379016e-6,-1.534903778655582e-6,-1.5495163999971721e-6
t3192,-1.625974685059021e-6,-1.9912771790936067e-6,-1.5691649810637548e-6,-1.5741466472279633e-6
t3193,-1.7354060127114958e-6,-2.127852733356504e-6,-1.6695064428789169e-6,-1.6638623274676953e-6
t3194,-1.7940315876293527e-6,-2.2005514940423446e-6,-1.7223089534447852e-6,-1.70931367609274e-6
t3195,-1.77286747156525e-6,-2.1731202796530937e-6,-1.7041894347403408e-6,-1.693361468285314e-6
t3196,-1.6799475571409522e-6,-2.0541326757585388e-6,-1.6201058243455478e-6,-1.6200423618314602e-6
t3197,-1.528269318721018e-6,-1.8570516693658707e-6,-1.484558313641331e-6,-1.501423701678375e-6
t3198,-1.3537814817249788e-6,-1.6256778819407083e-6,-1.3274778317534307e-6,-1.3650523677979764e-6
t3199,-7.845594022475288e-7,-8.677811784257857e-7,-8.018443961571208e-7,-9.018407663602974e-7
t3200,-2.592325844326845e-7,-1.8329304331619215e-7,-3.2275659221150094e-7,-5.068278985545489e-7
t3201,-1.721078574018064e-7,-5.5661995983305885e-8,-2.46367205443645e-7,-4.427686130294526e-7
t3202,-1.317365703320288e-7,-2.528678732043965e-8,-1.9457591729312218e-7,-3.6017937099410987e-7
t3203,-1.2011980181482628e-7,-1.7509039412049974e-8,-1.7919633740508688e-7,-3.3032333733542837e-7
t3204,-1.1529576253223424e-7,-1.4875359987153531e-8,-1.7384198155604744e-7,-3.2253095468420895e-7
t3205,-1.1026179389141987e-7,-1.3236378223717141e-8,-1.6692607546092778e-7,-3.1082846146414786e-7
t3206,-1.0826318189746892e-7,-1.3338729770715281e-8,-1.6435694020949916e-7,-3.0550659894525577e-7
t3207,-1.129060996777518e-7,-1.7212681852923142e-8,-1.6998244605481298e-7,-3.1540470835869385e-7
t3208,-1.42788683661166e-7,-3.216240952545671e-8,-2.1118309854673126e-7,-3.987131150088432e-7
t3209,-1.8640939823309076e-7,-8.124817398929187e-8,-2.5604958928210227e-7,-4.4634585873528345e-7
t3210,-3.6587651216748953e-7,-3.2392912504369326e-7,-4.158809761267519e-7,-5.773579946697548e-7
t3211,-1.6904723754223675e-6,-2.0568559932801283e-6,-1.6423916001907382e-6,-1.6536309299908534e-6
t3212,-2.5028711385746495e-6,-3.071114166776911e-6,-2.387981699020121e-6,-2.316381412581332e-6
t3213,-2.7208835445503826e-6,-3.334446775379626e-6,-2.5884921941021875e-6,-2.4955823726347604e-6
t3214,-2.743071474884062e-6,-3.3607430186945554e-6,-2.6083967965521123e-6,-2.5129636670132132e-6
t3215,-2.5806420833974056e-6,-3.1627983074016316e-6,-2.4499817017784316e-6,-2.362805130150765e-6
t3216,-2.382776407003101e-6,-2.922244392029877e-6,-2.261212665941317e-6,-2.1874476155614626e-6
t3217,-2.161143793719509e-6,-2.6529843646824433e-6,-2.055862600402448e-6,-2.003707794165406e-6
t3218,-1.993535979483718e-6,-2.448265097548236e-6,-1.9015978251294338e-6,-1.8649894554180284e-6
t3219,-1.8800101927317186e-6,-2.3074061281139894e-6,-1.7994261281739649e-6,-1.7752803495226676e-6
t3220,-1.8259434346541627e-6,-2.2384890637800005e-6,-1.753339926585445e-6,-1.7371389923548698e-6
t3221,-1.797692966379289e-6,-2.200110296257614e-6,-1.7315345586846947e-6,-1.7229838403346255e-6
t3222,-1.8026624532390335e-6,-2.2035626924570735e-6,-1.7399909948990581e-6,-1.734464073168726e-6
t3223,-1.0763901898497933e-6,-1.2548452173167514e-6,-1.0737889711583637e-6,-1.1439629180842662e-6
t3224,-3.1152999153125907e-7,-2.518869246295851e-7,-3.6781182570549667e-7,-5.44078986355123e-7
t3225,-1.8425423402617753e-7,-7.615462391379663e-8,-2.544938522005892e-7,-4.465701105693493e-7
t3226,-1.4917852156797807e-7,-3.594114115475804e-8,-2.1699225606112236e-7,-4.05103753497542e-7
t3227,-1.2217695531569505e-7,-2.1958107422438063e-8,-1.8189702963137042e-7,-3.4329744181497375e-7
t3228,-1.0848939671190677e-7,-1.637779845953528e-8,-1.6261586638490754e-7,-3.084057989025651e-7
t3229,-1.0113936458060568e-7,-1.4440423614625215e-8,-1.5310229216786726e-7,-2.9532492219840443e-7
t3230,-1.0316513334721427e-7,-1.5720382003197583e-8,-1.5653578919218833e-7,-3.0250396823612627e-7
t3231,-1.1045242328960001e-7,-2.0153146866199647e-8,-1.6705882050354745e-7,-3.2636784183062055e-7
t3232,-1.2517488516393194e-7,-3.6229913973460155e-8,-1.825347351953318e-7,-3.4208784380545244e-7
t3233,-1.6363155799654276e-7,-9.205620002999488e-8,-2.170447467300023e-7,-3.7116797604478604e-7
t3234,-3.597450128179499e-7,-3.4657649038936913e-7,-3.9248079844612263e-7,-5.161380990897241e-7
t3235,-1.538506516096825e-6,-1.8930920998297149e-6,-1.4848684205423632e-6,-1.478522022605712e-6
t3236,-2.1906255209766896e-6,-2.699641704276453e-6,-2.0833649945011645e-6,-2.011113915945657e-6
t3237,-2.265987190512534e-6,-2.789787781878912e-6,-2.155307035637588e-6,-2.07999005490763e-6
t3238,-2.0863975894678723e-6,-2.570569405415549e-6,-1.993843769694044e-6,-1.9438842877012425e-6
t3239,-1.8034105427699213e-6,-2.221043494926496e-6,-1.731294778296764e-6,-1.7093065549186635e-6
t3240,-1.525731557275584e-6,-1.874962964007578e-6,-1.4721988502457811e-6,-1.473814144431892e-6
t3241,-1.2767250250290065e-6,-1.554442432515657e-6,-1.2430554627725781e-6,-1.2694254828409106e-6
t3242,-1.1155931566096758e-6,-1.3408251172549051e-6,-1.0957521122501122e-6,-1.1393946155166131e-6
t3243,-1.0106012135849095e-6,-1.1981925575858842e-6,-9.999657549832727e-7,-1.0552767893123632e-6
t3244,-9.326088609537533e-7,-1.0872039504562338e-6,-9.303092669499269e-7,-9.976253504690223e-7
t3245,-8.6779862194162e-7,-9.94055729085839e-7,-8.725187291772712e-7,-9.500912783107659e-7
t3246,-8.775272450034079e-7,-9.99525372400293e-7,-8.8432998254229e-7,-9.660329951726042e-7
t3247,-6.470449983106725e-7,-6.905920763840108e-7,-6.702624133349051e-7,-7.821896483807423e-7
t3248,-2.705465315892493e-7,-2.0080895468814852e-7,-3.2779771373984344e-7,-5.055545377750308e-7
t3249,-1.8032405382875459e-7,-7.046567680735688e-8,-2.471080254260384e-7,-4.402934330455848e-7
t3250,-1.4891969270007179e-7,-3.407041967117038e-8,-2.1534506556258663e-7,-4.060184499674499e-7
t3251,-1.2324861238524696e-7,-2.0979503888297964e-8,-1.8221382248565021e-7,-3.5053574852852976e-7
t3252,-1.1038153294263562e-7,-1.576011871615395e-8,-1.645690845180392e-7,-3.1616773428548085e-7
t3253,-1.0386714755149715e-7,-1.4009436097037494e-8,-1.5706656120447876e-7,-3.025768393186303e-7
t3254,-1.056959709609899e-7,-1.553741109153135e-8,-1.595352816537371e-7,-3.127601618162221e-7
t3255,-1.1282234116511133e-7,-2.0746253681871012e-8,-1.6893338135119452e-7,-3.296949010370106e-7
t3256,-1.246836241727081e-7,-3.508602017121567e-8,-1.8092859875589825e-7,-3.4225953558843226e-7
t3257,-1.4745227333107604e-7,-6.842811508239799e-8,-2.022972970772852e-7,-3.6054683848918646e-7
t3258,-2.1838993510775033e-7,-1.6800677349700868e-7,-2.644430623062989e-7,-4.123261091831415e-7
t3259,-4.5162925918958025e-7,-4.685351652182023e-7,-4.7650907637424246e-7,-5.834292444302634e-7
t3260,-5.813382001653735e-7,-6.355255828896507e-7,-5.978456296985576e-7,-6.911910305861775e-7
t3261,-5.800559894792514e-7,-6.294492385437615e-7,-5.982312969221489e-7,-6.932395770044355e-7
t3262,-5.702517867163872e-7,-6.10763875584562e-7,-5.90878548185341e-7,-6.921347328887491e-7
t3263,-5.845278917107534e-7,-6.350402195699082e-7,-6.025715291122332e-7,-6.95957538160828e-7
t3264,-5.853811566734981e-7,-6.406453469038614e-7,-6.01591385897624e-7,-6.885631954056614e-7
t3265,-5.561542562861239e-7,-6.019656783140078e-7,-5.743949242741239e-7,-6.639247427181431e-7
t3266,-5.431470256327822e-7,-5.843062000618577e-7,-5.624854543243099e-7,-6.549546216891005e-7
t3267,-5.692517627172382e-7,-6.165511930098052e-7,-5.879101526761512e-7,-6.790221503404527e-7
t3268,-6.09044441314121e-7,-6.626561280631098e-7,-6.271359286942474e-7,-7.189856191632769e-7
t3269,-6.105781465748991e-7,-6.570202055660247e-7,-6.308579846588594e-7,-7.305313680240998e-7
t3270,-5.884774010879484e-7,-6.215602268005877e-7,-6.128934339603267e-7,-7.226116354286236e-7
t3271,-4.602826121897776e-7,-4.5152607421809867e-7,-4.953062990568953e-7,-6.291179694865683e-7
t3272,-2.3994748105022016e-7,-1.6272517986919825e-7,-2.9906563673898885e-7,-4.776353871320914e-7
t3273,-1.6646035865503104e-7,-5.572878543613587e-8,-2.340555060987646e-7,-4.247998381743202e-7
t3274,-1.3667651990439495e-7,-2.5323082170988765e-8,-2.0106744982997704e-7,-3.8621747689333116e-7
t3275,-1.1728295553620072e-7,-1.6819477984498635e-8,-1.7503790678453664e-7,-3.3707744437771284e-7
t3276,-1.126212446016324e-7,-1.5834326904168416e-8,-1.687932333225793e-7,-3.2818663963684073e-7
t3277,-1.173194900314042e-7,-2.056653636243967e-8,-1.7486109714364003e-7,-3.4417930695388893e-7
t3278,-1.2551343482675967e-7,-3.038253290622403e-8,-1.8247098860411576e-7,-3.4966857513873584e-7
t3279,-1.335249896748933e-7,-4.3775874276667656e-8,-1.9030650051637627e-7,-3.5137201707758664e-7
t3280,-1.4003555778503983e-7,-5.592376949253063e-8,-1.9736400670254674e-7,-3.55103188371675e-7
t3281,-1.632551627522757e-7,-9.077880555055947e-8,-2.1682504480394646e-7,-3.7096258272596126e-7
t3282,-2.6826920337741477e-7,-2.3178428721323823e-7,-3.087079270812721e-7,-4.4516156940062125e-7
t3283,-7.478481069905981e-7,-8.600218687940898e-7,-7.533560531099798e-7,-8.273989261646034e-7
t3284,-9.854244253700605e-7,-1.1747326911198417e-6,-9.746493272879428e-7,-1.0283273608503735e-6
t3285,-1.0220861769436629e-6,-1.2177851777606457e-6,-1.0103699573891482e-6,-1.0642066801056765e-6
t3286,-9.88255122363004e-7,-1.1677315728490443e-6,-9.807667686766594e-7,-1.0411405915801145e-6
t3287,-9.234199272030033e-7,-1.0854245935950686e-6,-9.185520558779653e-7,-9.808816406760503e-7
t3288,-8.608907759065986e-7,-1.010069125176092e-6,-8.576165550020033e-7,-9.194174617217969e-7
t3289,-7.997268478629175e-7,-9.253058240592611e-7,-8.015045320996551e-7,-8.699267444293549e-7
t3290,-7.507355183741015e-7,-8.600474111234413e-7,-7.558936348555389e-7,-8.265895782871393e-7
t3291,-7.254167370832387e-7,-8.228599510406088e-7,-7.332817202149552e-7,-8.081267526378726e-7
t3292,-6.958299874624274e-7,-7.774156448207838e-7,-7.079540153387463e-7,-7.908958274679323e-7
t3293,-6.659455623608637e-7,-7.258052833393978e-7,-6.839847054361971e-7,-7.781434093492169e-7
t3294,-5.989055663313998e-7,-6.320134593955016e-7,-6.230520408917757e-7,-7.307912208871221e-7
t3295,-4.1539378594083574e-7,-3.9185939907808564e-7,-4.547177105439326e-7,-5.983755824509324e-7
t3296,-2.2610419354205046e-7,-1.4220199723823493e-7,-2.8850420406179876e-7,-4.6986044293913954e-7
t3297,-1.6858184426907975e-7,-5.632886787957165e-8,-2.368707274717053e-7,-4.2806878975601687e-7
t3298,-1.4573842740562467e-7,-2.933920783394757e-8,-2.1194179308037585e-7,-4.0686238721532944e-7
t3299,-1.2579033612658764e-7,-2.0153235948526212e-8,-1.855007262520202e-7,-3.5835250178951686e-7
t3300,-1.1551033822336483e-7,-1.71297231818937e-8,-1.7175138198672802e-7,-3.34623065214739e-7
t3301,-1.1389551256091307e-7,-1.862757086995176e-8,-1.708773266533275e-7,-3.365691571645912e-7
t3302,-1.1940452187992158e-7,-2.3944928736533592e-8,-1.7664109970249134e-7,-3.4362901693103293e-7
t3303,-1.2829456920935856e-7,-3.491602797494807e-8,-1.8616102680672014e-7,-3.516648565917778e-7
t3304,-1.411303002037441e-7,-5.5066917918889415e-8,-1.982685351639679e-7,-3.604786382145375e-7
t3305,-1.8786033466232292e-7,-1.2439404018517285e-7,-2.3872673503075405e-7,-3.9441431386502517e-7
t3306,-4.044672757461349e-7,-4.0433981421507616e-7,-4.332831131813948e-7,-5.546698886674302e-7
t3307,-1.2488721611030997e-6,-1.5214319834431581e-6,-1.2183251054629282e-6,-1.2443524892493197e-6
t3308,-1.6656914734450018e-6,-2.053259898887128e-6,-1.602296921400631e-6,-1.5879572158307822e-6
t3309,-1.685764936404487e-6,-2.0759213368588543e-6,-1.6230023954853425e-6,-1.6099156803953807e-6
t3310,-1.4723457165042231e-6,-1.7981104322963867e-6,-1.430168556173552e-6,-1.445093303452351e-6
t3311,-1.2120240221342682e-6,-1.4630413325762577e-6,-1.1871302790812784e-6,-1.224951117520868e-6
t3312,-1.1160164268599043e-6,-1.3449120052943777e-6,-1.094659316166549e-6,-1.1361160388665013e-6
t3313,-1.0694807148142824e-6,-1.2841890862903378e-6,-1.0513260181944363e-6,-1.0956546374566929e-6
t3314,-1.0451164470576927e-6,-1.2521205323937437e-6,-1.02846050356222e-6,-1.0741800166920301e-6
t3315,-9.982540238033894e-7,-1.1864464174327683e-6,-9.864505287264344e-7,-1.0382365198575288e-6
t3316,-9.670163573194061e-7,-1.1383273391684962e-6,-9.599714166365349e-7,-1.0187345284397337e-6
t3317,-8.590301483689939e-7,-9.859592141396364e-7,-8.626076400585063e-7,-9.358831446383878e-7
t3318,-7.086346695534475e-7,-7.80464919101205e-7,-7.246341643326101e-7,-8.201454012784978e-7
t3319,-5.198744153371511e-7,-5.299562838497689e-7,-5.500577683438749e-7,-6.750039057472211e-7
t3320,-2.901838811882302e-7,-2.319313692835223e-7,-3.4275830690615355e-7,-5.114881940914526e-7
t3321,-1.8997832772856806e-7,-8.791558311298504e-8,-2.565937176869291e-7,-4.470763486725482e-7
t3322,-1.6186319924172275e-7,-4.24623478472395e-8,-2.3085226011539717e-7,-4.2977782740372653e-7
t3323,-1.3924795913624931e-7,-2.6716882063761255e-8,-2.0409425778539847e-7,-3.9474547138895244e-7
t3324,-1.2982329112210034e-7,-2.3704098716335975e-8,-1.9283139490388835e-7,-3.733868603666179e-7
t3325,-1.2372725354503476e-7,-2.4008696503822244e-8,-1.8416816235998608e-7,-3.5487514942920757e-7
t3326,-1.2354894758187215e-7,-2.642539405826126e-8,-1.8314164394762697e-7,-3.464479045346666e-7
t3327,-1.2665828168554226e-7,-3.252771639517385e-8,-1.8582760927823444e-7,-3.4705993191442135e-7
t3328,-1.3758337520667327e-7,-5.1244246839526585e-8,-1.948492410171706e-7,-3.5472667177539476e-7
t3329,-1.7809587078713974e-7,-1.1152397650543507e-7,-2.3038604725136986e-7,-3.8567849900233665e-7
t3330,-3.210775396690441e-7,-2.9901192179262777e-7,-3.5646962589423304e-7,-4.88579855772286e-7
t3331,-8.664637849059257e-7,-1.0168735866779354e-6,-8.638876014258334e-7,-9.257911740120299e-7
t3332,-1.2153362677257893e-6,-1.4767112967174328e-6,-1.1870193820955394e-6,-1.2139686501241449e-6
t3333,-1.1046284111783057e-6,-1.326014949754395e-6,-1.0863960689099355e-6,-1.1275217408161888e-6
t3334,-8.79918458990574e-7,-1.0217308836921127e-6,-8.799432662342006e-7,-9.474718698008396e-7
t3335,-7.490997412055508e-7,-8.505996008868146e-7,-7.56900971594749e-7,-8.35567922686931e-7
t3336,-6.958688631003433e-7,-7.863044188660739e-7,-7.050717210423412e-7,-7.827484599123937e-7
t3337,-7.057368128200223e-7,-7.985651827899428e-7,-7.145001911732687e-7,-7.912515910837251e-7
t3338,-7.351394699609917e-7,-8.36837150232737e-7,-7.42128713080095e-7,-8.145557042311175e-7
t3339,-7.465263491367486e-7,-8.509238850140602e-7,-7.52993971590677e-7,-8.24685310741461e-7
t3340,-7.609607718054771e-7,-8.668881386649947e-7,-7.675624717045114e-7,-8.400633121332469e-7
t3341,-7.658550115509306e-7,-8.673038976297598e-7,-7.742041468882975e-7,-8.508376855035818e-7
t3342,-7.808340022663349e-7,-8.806525032632642e-7,-7.907917910646434e-7,-8.72027206321614e-7
t3343,-6.292953882933229e-7,-6.771741937015364e-7,-6.511995996607325e-7,-7.54578593341743e-7
t3344,-3.105294402786905e-7,-2.637065923076058e-7,-3.5787685892062943e-7,-5.179188417302507e-7
t3345,-1.9222379731475664e-7,-9.99492124199285e-8,-2.5579018684686685e-7,-4.387751795117944e-7
t3346,-1.648631184829791e-7,-4.938722525901668e-8,-2.3286006054604677e-7,-4.299697208853005e-7
t3347,-1.5173986463899598e-7,-3.313136548634692e-8,-2.1949691114192407e-7,-4.1665991513553034e-7
t3348,-1.4467021249574261e-7,-2.9299119069882072e-8,-2.1137547434526826e-7,-4.036794114056622e-7
t3349,-1.4465712553905042e-7,-3.306683737231274e-8,-2.116464193717405e-7,-3.993021908235726e-7
t3350,-1.4763209088943165e-7,-4.244784459936996e-8,-2.1322461223931524e-7,-3.939353343492392e-7
t3351,-1.5492226569692836e-7,-5.37371771665914e-8,-2.19962114425035e-7,-3.98636614688451e-7
t3352,-1.6519860621229176e-7,-7.179818652078136e-8,-2.285406148974645e-7,-4.0437856184903527e-7
t3353,-1.972747249095893e-7,-1.1690091161038898e-7,-2.586551018886859e-7,-4.3419031820770025e-7
t3354,-3.3940175713055467e-7,-3.040426366282749e-7,-3.8409360911499267e-7,-5.367748939731865e-7
t3355,-8.323142790261868e-7,-9.43636056819861e-7,-8.420016047069453e-7,-9.301217774575199e-7
t3356,-9.66865440239657e-7,-1.1214548444624364e-6,-9.672053279439477e-7,-1.0404113334456204e-6
t3357,-8.468290708188352e-7,-9.61403096781547e-7,-8.553257096130627e-7,-9.425566689213242e-7
t3358,-7.491382380313383e-7,-8.295135449533816e-7,-7.648729040040535e-7,-8.631948244830351e-7
t3359,-6.922328296359604e-7,-7.619822791255993e-7,-7.091196435168646e-7,-8.060983427201818e-7
t3360,-6.703346937540869e-7,-7.399282171280988e-7,-6.86269963235401e-7,-7.789692755376666e-7
t3361,-6.913385019612645e-7,-7.69475758693676e-7,-7.049190285075119e-7,-7.924819330560893e-7
t3362,-7.268443859197548e-7,-8.160684618323348e-7,-7.381896249825916e-7,-8.206253563638222e-7
t3363,-7.037656235927827e-7,-7.851231444499702e-7,-7.169551437946724e-7,-8.036561857616389e-7
t3364,-6.873459439215984e-7,-7.617876768557783e-7,-7.02452433092421e-7,-7.94224380738479e-7
t3365,-7.433433493091817e-7,-8.304515237279011e-7,-7.56555475198267e-7,-8.454122571246646e-7
t3366,-7.664866047495268e-7,-8.537822562328841e-7,-7.805836344959448e-7,-8.718030742429903e-7
t3367,-5.882486890336398e-7,-6.146478641188994e-7,-6.165796927833196e-7,-7.33381178725696e-7
t3368,-3.047013009854691e-7,-2.496070936429202e-7,-3.5809539586561466e-7,-5.267704401870137e-7
t3369,-1.937429504163674e-7,-9.056124343221775e-8,-2.6316026265705286e-7,-4.5793074377957833e-7
t3370,-1.6662519075795412e-7,-4.272701557519342e-8,-2.393265225631607e-7,-4.459657789349931e-7
t3371,-1.3954352096345914e-7,-2.4905381884414383e-8,-2.069271626719697e-7,-3.941661697393941e-7
t3372,-1.2169971514480895e-7,-1.7350452449944717e-8,-1.8203930640552425e-7,-3.45002136991369e-7
t3373,-1.163391043000786e-7,-1.6202875602989592e-8,-1.7682445036423588e-7,-3.341945764342104e-7
t3374,-1.2100915812809932e-7,-1.9193618499975087e-8,-1.8327400785793096e-7,-3.5082925705923405e-7
t3375,-1.4055433257072348e-7,-2.947578865464313e-8,-2.0999736540432244e-7,-4.0075150570421e-7
t3376,-1.6486927524217115e-7,-5.1622947949723024e-8,-2.3622811402895297e-7,-4.3075810897402054e-7
t3377,-2.0604818948705188e-7,-1.1168323169736232e-7,-2.7327784522667003e-7,-4.6303695506510837e-7
t3378,-3.6234808603850385e-7,-3.220732701223234e-7,-4.1178970976405295e-7,-5.772235436284212e-7
t3379,-8.023340330437472e-7,-8.941342291405628e-7,-8.188273194103534e-7,-9.234843863575126e-7
t3380,-9.459531812935398e-7,-1.08213782352951e-6,-9.529692570120422e-7,-1.0434221729290118e-6
t3381,-9.271997880236706e-7,-1.0559882292870634e-6,-9.354729608702303e-7,-1.0276242611678706e-6
t3382,-8.794487917017165e-7,-9.943158714012438e-7,-8.899342246612399e-7,-9.841254173762006e-7
t3383,-8.511149916506646e-7,-9.692472582079153e-7,-8.587948808775381e-7,-9.44545520559546e-7
t3384,-8.73331205098867e-7,-1.0063535331250643e-6,-8.761756198953317e-7,-9.507281003698839e-7
t3385,-9.126375729502182e-7,-1.0626757851005472e-6,-9.107895021880129e-7,-9.76526200559466e-7
t3386,-9.735472543996833e-7,-1.1442100494816722e-6,-9.668834228270432e-7,-1.0250834992437662e-6
t3387,-1.0295540108342405e-6,-1.2161026358693671e-6,-1.0193693810950415e-6,-1.0732490275335423e-6
t3388,-1.0304056181363632e-6,-1.213031167114356e-6,-1.0220727514418792e-6,-1.0786914733765123e-6
t3389,-9.226991100890146e-7,-1.0631744372122427e-6,-9.250308035996816e-7,-9.966159103622978e-7
t3390,-8.007265187424303e-7,-8.957442718023379e-7,-8.141566867473595e-7,-9.035939038731173e-7
t3391,-5.281776095112071e-7,-5.352957086790355e-7,-5.622812853525535e-7,-6.911450406573189e-7
t3392,-2.6333042252793373e-7,-1.9220391603798824e-7,-3.245407240049056e-7,-5.063120001742588e-7
t3393,-1.861093094581581e-7,-7.893828759533444e-8,-2.5694095095451944e-7,-4.5203754562920885e-7
t3394,-1.6518870128586413e-7,-4.4882411848147834e-8,-2.3735014954004732e-7,-4.383134514719918e-7
t3395,-1.4702272087158793e-7,-3.158472949931316e-8,-2.1580250284577893e-7,-4.0905780289056875e-7
t3396,-1.288745261588262e-7,-2.360843600340573e-8,-1.9287365993023518e-7,-3.70186733911616e-7
t3397,-1.1613489990048135e-7,-2.027707212361208e-8,-1.767171640910963e-7,-3.438977293565504e-7
t3398,-1.1864223129924776e-7,-2.5012005549793106e-8,-1.7841549476702337e-7,-3.461940273640779e-7
t3399,-1.2736219545654247e-7,-3.820724215605714e-8,-1.8606170659128822e-7,-3.504296834467851e-7
t3400,-1.433148247104035e-7,-6.313732336526015e-8,-2.0174893025082358e-7,-3.616541210188341e-7
t3401,-1.8005050527228052e-7,-1.1429871755683384e-7,-2.343519722831958e-7,-3.8897527734116073e-7
t3402,-3.221896963237584e-7,-3.0051368849449494e-7,-3.5886180455460817e-7,-4.905972997793005e-7
t3403,-7.803859258073934e-7,-8.999885391576803e-7,-7.849652228644247e-7,-8.569863585349738e-7
t3404,-1.0293166007543247e-6,-1.2286001132968798e-6,-1.0163924075158844e-6,-1.0667997295774472e-6
t3405,-1.0468037916010003e-6,-1.2472942175807857e-6,-1.0341915157046673e-6,-1.0855268770826573e-6
t3406,-1.0296726842379744e-6,-1.2170721211197272e-6,-1.0205875660731966e-6,-1.0773013074511643e-6
t3407,-9.68841556471145e-7,-1.1402886208381526e-6,-9.621701493332961e-7,-1.0215658483979396e-6
t3408,-9.244485696856704e-7,-1.0894400832234665e-6,-9.177568870243271e-7,-9.746778845923214e-7
t3409,-9.093466351234944e-7,-1.0718799568278502e-6,-9.029034247364783e-7,-9.59002998228702e-7
t3410,-9.67750778930984e-7,-1.1494819157864291e-6,-9.567108779946105e-7,-1.0076616524774832e-6
t3411,-1.0587050576864748e-6,-1.266256798518235e-6,-1.0418908244548881e-6,-1.0852963185093232e-6
t3412,-1.05855655094839e-6,-1.2591417157909866e-6,-1.0446394331917108e-6,-1.0929436536242849e-6
t3413,-9.595394323721386e-7,-1.121619276093128e-6,-9.556719048846155e-7,-1.017984643924511e-6
t3414,-8.214384226114722e-7,-9.322746727436023e-7,-8.296335980302584e-7,-9.110278041275371e-7
t3415,-5.418338199825049e-7,-5.604245099735771e-7,-5.70977952214987e-7,-6.911555834662299e-7
t3416,-2.478192934058182e-7,-1.763679076060537e-7,-3.0653374653513314e-7,-4.823307351805706e-7
t3417,-1.6596058458810288e-7,-5.7996529086341223e-8,-2.3365930077733097e-7,-4.1997527929861777e-7
t3418,-1.356550691869493e-7,-2.443750145771668e-8,-2.015065664913512e-7,-3.8694106726968984e-7
t3419,-1.11388752631266e-7,-1.3627886845733359e-8,-1.6825176748180766e-7,-3.2598226739037073e-7
t3420,-1.0182924879239648e-7,-1.039600008627525e-8,-1.5490718427555954e-7,-3.0121287378795073e-7
t3421,-1.0145114884102179e-7,-1.1311824397601802e-8,-1.5506202034762066e-7,-3.06150652448687e-7
t3422,-1.0862193336784595e-7,-1.6353263216373275e-8,-1.6418036561180428e-7,-3.246718878432615e-7
t3423,-1.1811930791984074e-7,-2.7738995376818094e-8,-1.735928697891688e-7,-3.35405507009193e-7
t3424,-1.38476536355148e-7,-6.026497076291911e-8,-1.9212220808249065e-7,-3.5113959440020127e-7
t3425,-1.98333882574132e-7,-1.465860684807966e-7,-2.4448301579993173e-7,-3.940109506863333e-7
t3426,-3.5242751489262584e-7,-3.426638873580007e-7,-3.8324112577052627e-7,-5.034092457989926e-7
t3427,-6.575644611343148e-7,-7.414096270822067e-7,-6.680690445336803e-7,-7.476945968610831e-7
t3428,-7.487262487947178e-7,-8.591819388201768e-7,-7.536357682287831e-7,-8.25874467505136e-7
t3429,-7.183848454941977e-7,-8.133290056398287e-7,-7.267397885721306e-7,-8.072102438590909e-7
t3430,-7.152668899078461e-7,-8.029803331591356e-7,-7.254732113418488e-7,-8.08409273973744e-7
t3431,-7.221335724105589e-7,-8.169576593441033e-7,-7.306781231010024e-7,-8.105878735834211e-7
t3432,-7.51035038299339e-7,-8.601188821874132e-7,-7.559885451252195e-7,-8.265540879729173e-7
t3433,-6.986060328844801e-7,-7.910829582705855e-7,-7.070108861063987e-7,-7.808475420291538e-7
t3434,-6.499433399906664e-7,-7.256998740552657e-7,-6.620008659074118e-7,-7.441452784552647e-7
t3435,-6.619844280803805e-7,-7.397826156960991e-7,-6.74070252437502e-7,-7.565789439914956e-7
t3436,-6.737322660591268e-7,-7.496420336657255e-7,-6.870625679476544e-7,-7.718759183280016e-7
t3437,-6.402380528070383e-7,-6.978709112307893e-7,-6.582318978295819e-7,-7.524482788484791e-7
t3438,-5.831656655808879e-7,-6.168758337327652e-7,-6.072053620678876e-7,-7.14909910525189e-7
t3439,-4.240069545931095e-7,-4.0753950865383286e-7,-4.609449103333229e-7,-5.97583937894052e-7
t3440,-2.3385195056127577e-7,-1.5805689278226733e-7,-2.925863251968646e-7,-4.692136536794147e-7
t3441,-1.688150206423707e-7,-6.006269395329232e-8,-2.3419591631007266e-7,-4.2459680155178153e-7
t3442,-1.4121784278326505e-7,-2.7388466378215887e-8,-2.0556779550799774e-7,-3.968576441869849e-7
t3443,-1.1949642432207867e-7,-1.7316196594790828e-8,-1.7644251414538142e-7,-3.403796154384276e-7
t3444,-1.0739851904201176e-7,-1.349183196796456e-8,-1.6042192353855474e-7,-3.1253277295262974e-7
t3445,-1.0461153791172146e-7,-1.3463344543476046e-8,-1.5754920630037626e-7,-3.0851913294017977e-7
t3446,-1.0951471100067962e-7,-1.7296760404106895e-8,-1.6456822896839144e-7,-3.254178275128232e-7
t3447,-1.1924842566634826e-7,-2.596175532914211e-8,-1.7553357543501173e-7,-3.3898001711618104e-7
t3448,-1.3576973283827816e-7,-4.8983581183741324e-8,-1.9181760923853873e-7,-3.524522283621922e-7
t3449,-1.845756785859283e-7,-1.1813060207294118e-7,-2.3563310244487076e-7,-3.9186542041185694e-7
t3450,-3.544863298886194e-7,-3.4055179368548154e-7,-3.8739534523300457e-7,-5.125191221438497e-7
t3451,-7.956526967629596e-7,-9.228872947771532e-7,-7.985762330429423e-7,-8.687491523942839e-7
t3452,-8.935666746925232e-7,-1.0508456213107708e-6,-8.901857231145137e-7,-9.521126866931213e-7
t3453,-8.505789715507035e-7,-9.886339002060089e-7,-8.51347244288489e-7,-9.209374212641113e-7
t3454,-8.32125253718781e-7,-9.567130316158633e-7,-8.35823030909516e-7,-9.094503745818556e-7
t3455,-8.34129122843159e-7,-9.646751741957294e-7,-8.357601016640069e-7,-9.044424857782214e-7
t3456,-8.68200261355619e-7,-1.0144080343698835e-6,-8.657910513747217e-7,-9.245255856592062e-7
t3457,-8.699714272244338e-7,-1.0182161016316e-6,-8.668239222124803e-7,-9.235432518544619e-7
t3458,-9.074115603490989e-7,-1.06747815013215e-6,-9.015221667760512e-7,-9.543493315342756e-7
t3459,-9.553135802642784e-7,-1.1266431600050077e-6,-9.471291347959569e-7,-9.96413998014464e-7
t3460,-9.477045162653602e-7,-1.110381698888634e-6,-9.42169047714921e-7,-9.960907577997555e-7
t3461,-9.436442251645915e-7,-1.09300895043543e-6,-9.431929931445383e-7,-1.0077193570464137e-6
t3462,-9.704180942007924e-7,-1.1231981220028459e-6,-9.702459981083298e-7,-1.0351041509647511e-6
t3463,-6.849137018475168e-7,-7.403828369258542e-7,-7.05778351933211e-7,-8.083950745242133e-7
t3464,-3.033309658935249e-7,-2.450310496176943e-7,-3.550583577152098e-7,-5.249995411928884e-7
t3465,-1.875896209779702e-7,-8.28974821182551e-8,-2.54244818525899e-7,-4.404499954506824e-7
t3466,-1.53352923536623e-7,-3.7201622252143626e-8,-2.2000175493446718e-7,-4.131127775941572e-7
t3467,-1.2445926313016918e-7,-2.160233066028182e-8,-1.835406793814119e-7,-3.494553324987798e-7
t3468,-1.1044739626864305e-7,-1.6275266189542737e-8,-1.650590971827974e-7,-3.1568833985293274e-7
t3469,-1.0558921043771403e-7,-1.514311507881773e-8,-1.585138917924906e-7,-3.053874424681398e-7
t3470,-1.1001954005385682e-7,-1.786805437521395e-8,-1.6429412959846117e-7,-3.202904071684272e-7
t3471,-1.2079299346685342e-7,-2.6076752894017907e-8,-1.7761759096826471e-7,-3.4206420242867033e-7
t3472,-1.3941085444124268e-7,-4.880523558724812e-8,-1.96253398375582e-7,-3.5940756388275896e-7
t3473,-1.9576344314079762e-7,-1.279940410276949e-7,-2.469722165353443e-7,-4.0245428731659915e-7
t3474,-3.966187502547697e-7,-3.8955738608805267e-7,-4.2749390366005534e-7,-5.489855062612277e-7
t3475,-1.1391279086121345e-6,-1.372395325333923e-6,-1.120374424330002e-6,-1.157029311204528e-6
t3476,-1.4725858100096076e-6,-1.803984393931618e-6,-1.4291367964918668e-6,-1.4343316472108793e-6
t3477,-1.4064047692291479e-6,-1.7155247728912898e-6,-1.3695981847790073e-6,-1.3832722029824035e-6
t3478,-1.2449704840450154e-6,-1.4984411570720768e-6,-1.2224952716212585e-6,-1.2579323130128839e-6
t3479,-1.0955258177179365e-6,-1.306857786859996e-6,-1.0813083150219516e-6,-1.1285418551400952e-6
t3480,-1.0975040462564108e-6,-1.3150932650093597e-6,-1.0803673557845292e-6,-1.1238627649441666e-6
t3481,-1.2085665737608638e-6,-1.4607404212065319e-6,-1.183136046105124e-6,-1.2164905957743412e-6
t3482,-1.3450840072724106e-6,-1.6382152814006577e-6,-1.3088174949497512e-6,-1.3274209287520218e-6
t3483,-1.4172619236360055e-6,-1.729155530741437e-6,-1.3763630363164293e-6,-1.3877951165708855e-6
t3484,-1.3434799710842406e-6,-1.6278080148116426e-6,-1.3116884914670433e-6,-1.3341081275793534e-6
t3485,-1.1724787087934156e-6,-1.396971195539496e-6,-1.1566926352577233e-6,-1.2015078196066966e-6
t3486,-1.004044586033065e-6,-1.1680033224227373e-6,-1.0025686345970188e-6,-1.069300397892249e-6
t3487,-6.811803568283859e-7,-7.362529822474304e-7,-7.022820829082297e-7,-8.097552968635476e-7
t3488,-3.3506122199666504e-7,-2.8577894803212934e-7,-3.8346182736099245e-7,-5.499968663704977e-7
t3489,-2.1220662624188205e-7,-1.1591177350942121e-7,-2.7565275595226207e-7,-4.6411156007965306e-7
t3490,-1.7506988567379753e-7,-5.684220119392551e-8,-2.412430991505234e-7,-4.3970851361437165e-7
t3491,-1.5054260798179417e-7,-3.5675874014429465e-8,-2.1578470337729357e-7,-4.049399572381587e-7
t3492,-1.3296019148075636e-7,-2.7705485952754317e-8,-1.9405430498456266e-7,-3.734401332140804e-7
t3493,-1.2513551313512865e-7,-2.657219886308876e-8,-1.837114450069868e-7,-3.5468279960593046e-7
t3494,-1.263678053244867e-7,-3.104484150322126e-8,-1.8378612395631756e-7,-3.5146772356272794e-7
t3495,-1.3507574065816286e-7,-4.411745017250275e-8,-1.912728329232224e-7,-3.5778521376117216e-7
t3496,-1.6169530514881928e-7,-8.446409962728872e-8,-2.1546556294208185e-7,-3.7554940167946674e-7
t3497,-2.665789144298051e-7,-2.231144609511135e-7,-3.078903502975036e-7,-4.56802927847586e-7
t3498,-7.147802314037216e-7,-8.048491119601298e-7,-7.23880897588913e-7,-8.084193798197002e-7
t3499,-2.370940651479254e-6,-2.9131432636176213e-6,-2.2536861795995694e-6,-2.1589376830409555e-6
t3500,-3.1804353111143003e-6,-3.861050100751196e-6,-3.002545785931266e-6,-2.8141138611313253e-6
t3501,-3.19479435521564e-6,-3.880755817910594e-6,-3.0173038144032952e-6,-2.833440110437937e-6
t3502,-2.788817761023385e-6,-3.4136474582140514e-6,-2.6456216463594813e-6,-2.5193275604735717e-6
t3503,-2.539248102734566e-6,-3.113087226749493e-6,-2.4089031396110894e-6,-2.309161436209569e-6
t3504,-2.5674716472681327e-6,-3.1447648432720657e-6,-2.43116027310407e-6,-2.32485157910865e-6
t3505,-2.6655906298450155e-6,-3.2622848753334434e-6,-2.523566457576111e-6,-2.4063315905820744e-6
t3506,-2.7492836417641698e-6,-3.359323234704075e-6,-2.5996277595220925e-6,-2.473011759275576e-6
t3507,-2.6641072250309496e-6,-3.2581487836884584e-6,-2.521807765170671e-6,-2.407283683827852e-6
t3508,-2.457185508827107e-6,-3.0135419739217067e-6,-2.3366258943781544e-6,-2.2484215924337193e-6
t3509,-2.2128812574204567e-6,-2.716537838186652e-6,-2.115738723334737e-6,-2.0573373002309134e-6
t3510,-1.8933966972298758e-6,-2.3176618909679053e-6,-1.8263632748972992e-6,-1.807278392711644e-6
t3511,-1.2453715032782377e-6,-1.4774819096648933e-6,-1.230869111044252e-6,-1.281047732823333e-6
t3512,-5.168290873943546e-7,-5.115048201669552e-7,-5.524506624656523e-7,-6.902423809535952e-7
t3513,-2.8116767193595573e-7,-2.0645036471957008e-7,-3.4055948248831714e-7,-5.238257013270364e-7
t3514,-2.1444486745479892e-7,-1.0109462388432633e-7,-2.850462461019469e-7,-4.903717784277592e-7
t3515,-1.8733346568383516e-7,-6.318900280715455e-8,-2.595339028626119e-7,-4.6807078433158213e-7
t3516,-1.7092505612178637e-7,-5.0519556355867124e-8,-2.421538329587664e-7,-4.4170163747238895e-7
t3517,-1.6303249859184072e-7,-4.924449830668164e-8,-2.3153696086363152e-7,-4.258190993349237e-7
t3518,-1.6435374667382386e-7,-5.814167495686529e-8,-2.316427914907741e-7,-4.209539365681054e-7
t3519,-1.7655016552257046e-7,-8.03667006161586e-8,-2.408644977295832e-7,-4.260534891241934e-7
t3520,-2.1279113253629398e-7,-1.3703631844525017e-7,-2.725880811041613e-7,-4.480803730631338e-7
t3521,-3.168681238317735e-7,-2.728500964672325e-7,-3.649319105315799e-7,-5.243596402336786e-7
t3522,-6.558947632272028e-7,-7.066186786995027e-7,-6.777676277612683e-7,-7.87031215314398e-7
t3523,-2.3110750035102787e-6,-2.8377736506825676e-6,-2.2087867209675658e-6,-2.1449385070665853e-6
t3524,-3.673956222830717e-6,-4.440362081200852e-6,-3.462227370802325e-6,-3.242821927186171e-6
t3525,-4.0912829597382415e-6,-4.9105979717525434e-6,-3.848452541278818e-6,-3.5830061241569247e-6
t3526,-4.282572599377868e-6,-5.129261257331408e-6,-4.0268425727139005e-6,-3.7431420762077073e-6
t3527,-4.330519104315796e-6,-5.16289188164694e-6,-4.06034041399368e-6,-3.7655523080224767e-6
t3528,-4.2944035518586405e-6,-5.110665101380073e-6,-4.022936916282429e-6,-3.7223416702009074e-6
t3529,-4.216505381005636e-6,-5.02812703006725e-6,-3.950310405385932e-6,-3.663337212106745e-6
t3530,-4.05039999969024e-6,-4.844860002492024e-6,-3.794614235370686e-6,-3.528476558743318e-6
t3531,-3.7689833839198407e-6,-4.531233813211529e-6,-3.534034859002788e-6,-3.301555626513465e-6
t3532,-3.293461618117474e-6,-3.993382797674274e-6,-3.0974157640386376e-6,-2.9236370866913342e-6
t3533,-2.6894811151736397e-6,-3.2921479288780276e-6,-2.5491469781116354e-6,-2.449641223457915e-6
t3534,-2.0342267026410447e-6,-2.4927924266774827e-6,-1.9548270065765074e-6,-1.9323976002648305e-6
t3535,-1.1205526895334714e-6,-1.3068148359732803e-6,-1.1173873228641528e-6,-1.1900401157205512e-6
t3536,-4.315331796662425e-7,-4.0116387656795026e-7,-4.786492709670286e-7,-6.351573499432632e-7
t3537,-2.498434608181135e-7,-1.6127150637785954e-7,-3.180091670206722e-7,-5.067322950188025e-7
t3538,-2.0120602114825578e-7,-7.492121935088284e-8,-2.794019220115074e-7,-4.902454248132111e-7
t3539,-1.7632856321667065e-7,-4.395555759418638e-8,-2.5618965392654386e-7,-4.696622015304264e-7
t3540,-1.6176510109005862e-7,-3.511445091460294e-8,-2.392318184614253e-7,-4.4745995684712703e-7
t3541,-1.5676789547225664e-7,-3.4871850785945184e-8,-2.3250032403113977e-7,-4.3350945543595606e-7
t3542,-1.5933844770904514e-7,-4.041108372363051e-8,-2.3293596260485893e-7,-4.3172276379906793e-7
t3543,-1.6851762148886335e-7,-5.3791563172326695e-8,-2.4297178630306995e-7,-4.39050778985337e-7
t3544,-1.8888530052236534e-7,-8.515993418587369e-8,-2.612625745560374e-7,-4.537104541642168e-7
t3545,-2.539476880855863e-7,-1.790820921602659e-7,-3.1712207316157786e-7,-4.979565358621272e-7
t3546,-4.503512813644091e-7,-4.3136442401042986e-7,-4.922030215097178e-7,-6.372199610545428e-7
t3547,-9.127733818822395e-7,-1.0343307520248875e-6,-9.224134864184001e-7,-1.006982013731238e-6
t3548,-1.0720094326273846e-6,-1.2431335428658887e-6,-1.0710392004144637e-6,-1.1418699973311987e-6
t3549,-1.0352729959556258e-6,-1.192434983219424e-6,-1.0373287246913079e-6,-1.1119919374381189e-6
t3550,-1.0124594871447898e-6,-1.1637940524930028e-6,-1.0151428352060036e-6,-1.0912558786785048e-6
t3551,-9.890542092240277e-7,-1.1466228703156489e-6,-9.880202919639139e-7,-1.0557573423494983e-6
t3552,-9.868588432011103e-7,-1.150761505783397e-6,-9.82873100759115e-7,-1.0439334621881473e-6
t3553,-9.65534355721005e-7,-1.1248797713307645e-6,-9.621466808717259e-7,-1.0227815545433204e-6
t3554,-9.103788758984589e-7,-1.0527650669187373e-6,-9.105206484028003e-7,-9.749849591726054e-7
t3555,-8.181030519346492e-7,-9.299152146150092e-7,-8.249723167898317e-7,-8.980858660069333e-7
t3556,-7.803231587459869e-7,-8.763266178562977e-7,-7.91156981691083e-7,-8.709737244557994e-7
t3557,-8.050699893915815e-7,-9.068302650758668e-7,-8.146472336259488e-7,-8.927162268733485e-7
t3558,-8.352252581636662e-7,-9.42379573192913e-7,-8.446790997709241e-7,-9.234274431021782e-7
t3559,-6.313068933256754e-7,-6.698186067624957e-7,-6.56432112586306e-7,-7.6352971305523e-7
t3560,-3.3304170613786834e-7,-2.8404816957526373e-7,-3.827229153857298e-7,-5.445235321083648e-7
t3561,-2.1971105583824177e-7,-1.309608328278896e-7,-2.8521110017083407e-7,-4.6759056645889864e-7
t3562,-1.829637397203729e-7,-6.80956149314522e-8,-2.5235374914331104e-7,-4.4700936717390953e-7
t3563,-1.5881122346241362e-7,-4.1201268355628846e-8,-2.2757464654485946e-7,-4.214259238270218e-7
t3564,-1.3966960335527865e-7,-3.0135670926473514e-8,-2.0404212464286875e-7,-3.8743066038635685e-7
t3565,-1.3184129248008279e-7,-3.01109046330251e-8,-1.9206573259411886e-7,-3.6596100511634714e-7
t3566,-1.348829990967125e-7,-3.880718259091275e-8,-1.9336907682278951e-7,-3.6115427411508686e-7
t3567,-1.5026560315193528e-7,-6.495355887487332e-8,-2.053648629554989e-7,-3.6636275008688973e-7
t3568,-1.859433479966495e-7,-1.1878433708111707e-7,-2.364208566891242e-7,-3.876589195056138e-7
t3569,-2.682912354934131e-7,-2.2660427017582817e-7,-3.083696148999235e-7,-4.447804064351104e-7
t3570,-4.722516335137791e-7,-4.87536145270678e-7,-4.963533059339776e-7,-5.985506852407851e-7
t3571,-9.534733454839591e-7,-1.126327421249749e-6,-9.460243190749616e-7,-9.95055680789404e-7
t3572,-1.3039081988522196e-6,-1.5864623066369332e-6,-1.2710522421893036e-6,-1.2870256359652955e-6
t3573,-1.534597632874361e-6,-1.8816376356004603e-6,-1.483853689868062e-6,-1.4763926561986493e-6
t3574,-1.7596197891787622e-6,-2.1626236157934548e-6,-1.692735101687297e-6,-1.6649471604441365e-6
t3575,-1.8220155302185753e-6,-2.2457725656476876e-6,-1.7436024336465292e-6,-1.7008610851500647e-6
t3576,-1.6993168090178538e-6,-2.0975422172331737e-6,-1.6262090881384746e-6,-1.5927784750843246e-6
t3577,-1.4863350062607879e-6,-1.826293390289738e-6,-1.4328053917757334e-6,-1.426232537224194e-6
t3578,-1.161628537938155e-6,-1.4058522947713077e-6,-1.1357453202154492e-6,-1.1652449529365983e-6
t3579,-8.991924512715601e-7,-1.0559388983082761e-6,-8.945530063810355e-7,-9.554123077918886e-7
t3580,-7.597960899430246e-7,-8.651675594294701e-7,-7.672028508602676e-7,-8.473879403452205e-7
t3581,-6.959524513770276e-7,-7.742241444166976e-7,-7.096678302930581e-7,-8.032323253106965e-7
t3582,-6.500451695677652e-7,-7.073254133971513e-7,-6.695851438818267e-7,-7.740666367261092e-7
t3583,-4.572574402130215e-7,-4.5289314111283155e-7,-4.917788242511818e-7,-6.26530513855131e-7
t3584,-2.3032123827884346e-7,-1.5347511225577486e-7,-2.9058966945035707e-7,-4.673793098179012e-7
t3585,-1.635536683736666e-7,-5.240566967049133e-8,-2.3147544755279078e-7,-4.180857869421682e-7
t3586,-1.2766084466666955e-7,-2.0817405847091985e-8,-1.8741237184158947e-7,-3.5891179319464433e-7
t3587,-1.0494347546834916e-7,-1.1018522334273048e-8,-1.565938495349252e-7,-2.9908777430222293e-7
t3588,-9.455669842698455e-8,-6.743721464162136e-9,-1.4278359166565187e-7,-2.7492211655677517e-7
t3589,-8.572287903431025e-8,-4.153857661767786e-9,-1.3163334815919237e-7,-2.5527800332618434e-7
t3590,-8.251709854276664e-8,-3.6250821037681856e-9,-1.2712291400742678e-7,-2.494758105819405e-7
t3591,-8.527389162652649e-8,-5.262558403931649e-9,-1.3187931526004837e-7,-2.620641729112159e-7
t3592,-9.972080719188017e-8,-1.1734445961627628e-8,-1.5163295957156224e-7,-3.052346090190433e-7
t3593,-1.1842079867659455e-7,-2.932729105473901e-8,-1.7141864727869316e-7,-3.2804506891765456e-7
t3594,-1.5649218991033934e-7,-8.725942686543631e-8,-2.0626481436977174e-7,-3.5663464404204057e-7
t3595,-2.971167184426404e-7,-2.721933918294735e-7,-3.3095990231296735e-7,-4.5462013262063484e-7
t3596,-3.687005448566098e-7,-3.632879807718905e-7,-3.96917918877119e-7,-5.096912970012954e-7
t3597,-3.802642745595148e-7,-3.751922797558296e-7,-4.085900536010601e-7,-5.242240617849841e-7
t3598,-3.7951992229355026e-7,-3.6966394987921334e-7,-4.100437468327591e-7,-5.306206036978069e-7
t3599,-3.6673925354316433e-7,-3.5763096064705217e-7,-3.9706168360950193e-7,-5.152875205710162e-7
t3600,-3.65590291082633e-7,-3.604878590990727e-7,-3.949421665475811e-7,-5.073424470453903e-7
t3601,-3.7104151760184964e-7,-3.650970684159898e-7,-4.005942219482285e-7,-5.136598537182849e-7
t3602,-3.619914505987841e-7,-3.5313927433138937e-7,-3.9270689658145936e-7,-5.082010642641635e-7
t3603,-3.5382626008324425e-7,-3.412740392720657e-7,-3.860095391994691e-7,-5.04618307317174e-7
t3604,-3.5319386836206286e-7,-3.359792659046444e-7,-3.8713692171779717e-7,-5.08874291294841e-7
t3605,-3.4665025129626254e-7,-3.214307819506358e-7,-3.839690760787277e-7,-5.14948949956054e-7
t3606,-3.3250068480613135e-7,-2.9836825286710864e-7,-3.731838079834081e-7,-5.13018958610367e-7
t3607,-2.4964433527033857e-7,-1.8673816142598056e-7,-3.018567955128156e-7,-4.64832395327094e-7
t3608,-1.5745897660066584e-7,-5.114106173306396e-8,-2.2200467205741098e-7,-4.043574182477349e-7
t3609,-1.1804592322491015e-7,-1.5111969213599465e-8,-1.7842963309478241e-7,-3.5156649115812405e-7
t3610,-9.774730080487348e-8,-7.511197150129701e-9,-1.4688521768025682e-7,-2.7948867098446544e-7
t3611,-9.318593451792098e-8,-5.447719450438085e-9,-1.3994038562772208e-7,-2.677274593176187e-7
t3612,-8.75737191827069e-8,-3.63249218905158e-9,-1.3230786305590632e-7,-2.5573532067010735e-7
t3613,-8.116020078549762e-8,-2.0384450828387963e-9,-1.243685624077621e-7,-2.41244279234768e-7
t3614,-7.882847705097395e-8,-2.1733327376891434e-9,-1.210271140828668e-7,-2.3706213977059337e-7
t3615,-8.677579232521798e-8,-5.6762089297844985e-9,-1.332889950303708e-7,-2.653618485362288e-7
t3616,-1.0599737231455191e-7,-1.5476537669493453e-8,-1.5952198604196203e-7,-3.168519036237066e-7
t3617,-1.2647573637403908e-7,-3.93099522085417e-8,-1.804571307829158e-7,-3.3962339572186885e-7
t3618,-1.799907995103721e-7,-1.1857447487889346e-7,-2.2838114048499893e-7,-3.7984243676499287e-7
t3619,-3.611016966381457e-7,-3.526487319229402e-7,-3.9061032460055476e-7,-5.107840225711112e-7
t3620,-4.383217998689959e-7,-4.5071641454306926e-7,-4.627158044274376e-7,-5.709451141348388e-7
t3621,-4.2957526940034536e-7,-4.3449512602793926e-7,-4.5556934091173815e-7,-5.656942217578408e-7
t3622,-4.274177646473873e-7,-4.262081203547896e-7,-4.5561466953639567e-7,-5.695835805461565e-7
t3623,-4.33694505088001e-7,-4.374795817390244e-7,-4.605679159414253e-7,-5.696731303515002e-7
t3624,-4.6204097308698706e-7,-4.794796117808899e-7,-4.8561667990061e-7,-5.856789033066698e-7
t3625,-5.069980918272411e-7,-5.384112307088974e-7,-5.27628327511747e-7,-6.221189725762066e-7
t3626,-5.381101886549882e-7,-5.785398971987849e-7,-5.569142220475028e-7,-6.469927199854223e-7
t3627,-5.541147343724926e-7,-5.983188052578668e-7,-5.726027731816766e-7,-6.624745562225494e-7
t3628,-5.30047064331005e-7,-5.621910821934304e-7,-5.517323092042835e-7,-6.482013181723361e-7
t3629,-4.963026024360247e-7,-5.189199060159113e-7,-5.199845763200269e-7,-6.214870898592808e-7
t3630,-4.664815879463261e-7,-4.7512889580760347e-7,-4.942124189148467e-7,-6.051138429504359e-7
t3631,-3.359375494819083e-7,-3.040999259466852e-7,-3.7596942638578834e-7,-5.15138739024265e-7
t3632,-1.8404162857323108e-7,-9.9136532111396e-8,-2.436347252896091e-7,-4.1462553869943816e-7
t3633,-1.3922571846576678e-7,-3.6534884618009736e-8,-2.0142667823253515e-7,-3.778564973191565e-7
t3634,-1.1597502995467878e-7,-1.7464354377067586e-8,-1.7358788791179295e-7,-3.371397590840021e-7
t3635,-1.011834302215565e-7,-1.1670313325729673e-8,-1.5156453915565037e-7,-2.919503286564085e-7
t3636,-9.360754276550436e-8,-9.578053301174175e-9,-1.412341632368589e-7,-2.7368530713203834e-7
t3637,-8.926186820576133e-8,-8.899663961674541e-9,-1.361263058793361e-7,-2.675128355857009e-7
t3638,-9.321037374693075e-8,-1.0193924742976438e-8,-1.4273465649316827e-7,-2.8502603991967855e-7
t3639,-1.0079032839353064e-7,-1.480294531820938e-8,-1.533312475799886e-7,-3.0592490349969647e-7
t3640,-1.1290660534688398e-7,-2.99513598080631e-8,-1.6568128967087815e-7,-3.1799552985434956e-7
t3641,-1.6082164243629326e-7,-9.612261672041561e-8,-2.0875682184073095e-7,-3.5758136845895987e-7
t3642,-2.996812185708242e-7,-2.8194463391679195e-7,-3.323656552844377e-7,-4.578235283510479e-7
t3643,-1.039678276847442e-6,-1.2614047843992033e-6,-1.019210425993903e-6,-1.055068379481323e-6
t3644,-1.894697839545291e-6,-2.34263411082462e-6,-1.8044517543753317e-6,-1.7505614434420786e-6
t3645,-2.5909373402965098e-6,-3.154527816019075e-6,-2.4436481789800076e-6,-2.311572773148825e-6
t3646,-3.808362361545011e-6,-4.498369038827194e-6,-3.58441582854048e-6,-3.315224749926685e-6
t3647,-4.6479526506608485e-6,-5.43484643854912e-6,-4.368141864013687e-6,-4.006932716158592e-6
t3648,-1.207122872244839e-6,-1.460851552382092e-6,-1.157410432753817e-6,-1.1593699411670258e-6
t3649,-8.197453759674091e-7,-9.73885996150459e-7,-8.066835613456579e-7,-8.528127080527787e-7
t3650,-6.764100260876448e-7,-7.88273199167665e-7,-6.762671019282864e-7,-7.380308918408209e-7
t3651,-7.830813604373856e-7,-9.264825009468333e-7,-7.730572135594968e-7,-8.216807591056814e-7
t3652,-2.517389008547609e-6,-2.991795897592227e-6,-2.3402208053674137e-6,-2.173567073639537e-6
t3653,-5.664522191115702e-6,-6.514369301826528e-6,-5.317088086312766e-6,-4.837328585802673e-6
t3654,-3.850110770999026e-6,-4.6069317257232066e-6,-3.6012489953085134e-6,-3.326217686591386e-6
t3655,-1.4381329471553848e-6,-1.7558589670962932e-6,-1.3935531694067975e-6,-1.4040918902951802e-6
t3656,-3.3031095958888095e-7,-3.0205669296207104e-7,-3.716207232889983e-7,-5.127168013167547e-7
t3657,-1.713065631706277e-7,-8.678037081562352e-8,-2.3035509771587165e-7,-3.966766998784224e-7
t3658,-1.4135184745259187e-7,-4.1899491270481454e-8,-2.0189672575328398e-7,-3.7499622393292343e-7
t3659,-1.213450117444326e-7,-2.6931183605717297e-8,-1.7857247760353e-7,-3.3855763859470627e-7
t3660,-1.0741621546893258e-7,-1.9090071844363666e-8,-1.6003039113654235e-7,-3.0755979143326695e-7
t3661,-1.007504914344704e-7,-1.4413254522796102e-8,-1.5360568090405172e-7,-3.0096101599830244e-7
t3662,-1.0057477425673308e-7,-1.4330108977761186e-8,-1.5400909159338964e-7,-3.061121525929462e-7
t3663,-1.097564616818425e-7,-2.37764559762094e-8,-1.631987943059569e-7,-3.158403804480767e-7
t3664,-1.245964533415196e-7,-4.6584744153538997e-8,-1.7705064968187305e-7,-3.268717755827241e-7
t3665,-1.7230008723447047e-7,-1.1420846314920304e-7,-2.1918754707363074e-7,-3.622523650911828e-7
t3666,-3.521050899451986e-7,-3.4876876629602376e-7,-3.800228672811666e-7,-4.931787005187974e-7
t3667,-1.197573712553349e-6,-1.5005294370287161e-6,-1.158455187363569e-6,-1.1772329286644981e-6
t3668,-1.963727095008595e-6,-2.4462510505916367e-6,-1.856270322170464e-6,-1.7926064487782025e-6
t3669,-3.5103238220951297e-6,-4.218086161582428e-6,-3.316644101028797e-6,-3.0948048649089954e-6
t3670,-5.570774710067855e-6,-6.505734252367883e-6,-5.223834616734215e-6,-4.772417959337023e-6
t3671,-4.8440737543510556e-6,-5.674736049168782e-6,-4.571237165885163e-6,-4.213290229038398e-6
t3672,-1.4867312060842853e-6,-1.8255337133202495e-6,-1.4091484389884167e-6,-1.3857586694965212e-6
t3673,-1.1983173040301295e-6,-1.4664671061371253e-6,-1.1490864800691696e-6,-1.1563250701532288e-6
t3674,-1.060546182993373e-6,-1.2923164498001e-6,-1.0240630996885634e-6,-1.045929514335044e-6
t3675,-1.260255988099738e-6,-1.5462545481515696e-6,-1.2041288068021727e-6,-1.2035651179506418e-6
t3676,-2.540937567533135e-6,-3.107462381063847e-6,-2.370230338582792e-6,-2.23626418985319e-6
t3677,-3.775609920261919e-6,-4.490379254705318e-6,-3.527376173654336e-6,-3.2545307302180392e-6
t3678,-3.176887726908119e-6,-3.850049132140164e-6,-2.9775704029287937e-6,-2.786076486478046e-6
t3679,-1.3035605358830757e-6,-1.5815396816578078e-6,-1.268945257373225e-6,-1.2927136983564133e-6
t3680,-3.039913783962619e-7,-2.687051853840876e-7,-3.483944646084006e-7,-4.908937318407566e-7
t3681,-1.6544274728608952e-7,-7.850554558525439e-8,-2.2689225037510377e-7,-3.9343870961749034e-7
t3682,-1.3736900791412803e-7,-3.641316225876433e-8,-2.0056713920495744e-7,-3.7689021027809347e-7
t3683,-1.16009656310872e-7,-2.141806565636186e-8,-1.744764643404011e-7,-3.304438510173242e-7
t3684,-1.0407487913034967e-7,-1.5315869763884134e-8,-1.5900313746934345e-7,-3.0232588161699237e-7
t3685,-9.954372439964213e-8,-1.377012528912167e-8,-1.541341910478675e-7,-2.961437903524515e-7
t3686,-1.036287464123047e-7,-1.60466324921397e-8,-1.6081763361115293e-7,-3.116192526059365e-7
t3687,-1.1534033143574331e-7,-2.3662701324439512e-8,-1.7597294719281194e-7,-3.383592457372164e-7
t3688,-1.3203624414172178e-7,-4.3277513586228054e-8,-1.9292168342764706e-7,-3.565880015227346e-7
t3689,-1.7214976178983532e-7,-9.879679304041682e-8,-2.2927448685593133e-7,-3.8844313537287877e-7
t3690,-3.410787060407157e-7,-3.1897880696626784e-7,-3.793249478409852e-7,-5.128440931542093e-7
t3691,-1.2265045737674498e-6,-1.4819565316085687e-6,-1.2006428945202065e-6,-1.2345235024493966e-6
t3692,-1.7966351017674144e-6,-2.2107134923738745e-6,-1.7227606532572036e-6,-1.7004312426809045e-6
t3693,-1.8303340077393165e-6,-2.2526263691771532e-6,-1.7542257451515117e-6,-1.7296455252451347e-6
t3694,-1.8308332025521906e-6,-2.2510267072798175e-6,-1.7564117275357745e-6,-1.7336132322529191e-6
t3695,-1.7677681460959626e-6,-2.178111492151892e-6,-1.6916393640444897e-6,-1.6679537603568746e-6
t3696,-1.5990620011768115e-6,-1.9738104577450694e-6,-1.5314550656886766e-6,-1.5172652182798572e-6
t3697,-1.418954811944085e-6,-1.7467983186841066e-6,-1.3665340494169352e-6,-1.3679912545597491e-6
t3698,-1.293956798469708e-6,-1.586938518979947e-6,-1.2519550948746428e-6,-1.265032089402927e-6
t3699,-1.3650953680377783e-6,-1.6757539539836431e-6,-1.317768288382066e-6,-1.3268088151628777e-6
t3700,-1.5697175242168424e-6,-1.9323836292102473e-6,-1.5059861295009034e-6,-1.4973403595473673e-6
t3701,-1.7935263152178282e-6,-2.2079375086018772e-6,-1.712220286060468e-6,-1.6827830246397395e-6
t3702,-1.8716997459546206e-6,-2.29979053932005e-6,-1.785551278006998e-6,-1.7489038589629432e-6
t3703,-1.0381330168869866e-6,-1.229193638958504e-6,-1.0276979073583649e-6,-1.0795258630056676e-6
t3704,-3.191179674376588e-7,-2.856583203001462e-7,-3.6459313355454225e-7,-5.102034824627425e-7
t3705,-1.794639432268217e-7,-9.556116161882514e-8,-2.4462601690609575e-7,-4.159718056183032e-7
t3706,-1.5069656544734309e-7,-4.425365945668528e-8,-2.1931860574924863e-7,-4.036926484574671e-7
t3707,-1.3227996219452862e-7,-2.7024427833785433e-8,-1.9977263407773845e-7,-3.778151232009986e-7
t3708,-1.1655529944871507e-7,-1.9042637677704034e-8,-1.7931175572914488e-7,-3.426945151871031e-7
t3709,-1.1159291523218881e-7,-1.697016516087201e-8,-1.7328415334270165e-7,-3.339821715218033e-7
t3710,-1.144689900259302e-7,-1.881728991793191e-8,-1.7643057312391262e-7,-3.409036868124636e-7
t3711,-1.2607166955843004e-7,-2.5535144991887178e-8,-1.914835887293092e-7,-3.6597191089367644e-7
t3712,-1.4500097040995753e-7,-4.440706931934784e-8,-2.1114843995456916e-7,-3.8758097371897635e-7
t3713,-1.8357953437390891e-7,-9.880554940747601e-8,-2.465883864052963e-7,-4.178158295383639e-7
t3714,-3.551016735959436e-7,-3.2667319267272155e-7,-3.9772890900620056e-7,-5.418920630728929e-7
t3715,-1.3404144078968423e-6,-1.6192673951398543e-6,-1.310575027014835e-6,-1.3425067387219145e-6
t3716,-2.3226464699278487e-6,-2.8521575026137344e-6,-2.2117004629320146e-6,-2.1456233088650753e-6
t3717,-2.7047274382721906e-6,-3.308781466253795e-6,-2.562074179697434e-6,-2.4570051864932124e-6
t3718,-2.9906852676445786e-6,-3.642718854734004e-6,-2.824697475767918e-6,-2.687760518709246e-6
t3719,-3.23169876602617e-6,-3.914330182826878e-6,-3.035221374645579e-6,-2.8610954358761748e-6
t3720,-3.3835151554525806e-6,-4.074824838795689e-6,-3.159029534648668e-6,-2.948336439414424e-6
t3721,-2.848526270212055e-6,-3.4553154140596336e-6,-2.662177916650399e-6,-2.4980103676565167e-6
t3722,-1.95784690612758e-6,-2.400521547854933e-6,-1.833209540013061e-6,-1.7563681951129673e-6
t3723,-2.027522256066415e-6,-2.4825904840055192e-6,-1.8970167479892145e-6,-1.8107523156954333e-6
t3724,-3.3069612350876856e-6,-3.970983017976837e-6,-3.0844171736737156e-6,-2.8651024401876244e-6
t3725,-3.457859716338855e-6,-4.162863882011258e-6,-3.2269333616052853e-6,-3.0018717518890823e-6
t3726,-3.0749057645946016e-6,-3.733405502310369e-6,-2.8831936353336184e-6,-2.7128974855165164e-6
t3727,-1.6885751393987136e-6,-2.0745390173703666e-6,-1.6240401532275045e-6,-1.613630662503099e-6
t3728,-4.818399889625346e-7,-4.932354102107757e-7,-5.127074016137491e-7,-6.320887957226896e-7
t3729,-2.439464307641512e-7,-1.8340416889958204e-7,-2.9895170527981427e-7,-4.5844266606170646e-7
t3730,-1.801372118680557e-7,-8.824208135579483e-8,-2.427330028897218e-7,-4.169446594808571e-7
t3731,-1.5259402587684158e-7,-5.485693930245726e-8,-2.151035911496853e-7,-3.857226407564373e-7
t3732,-1.310647461665541e-7,-3.7683975612262464e-8,-1.9008552521731154e-7,-3.550572073537989e-7
t3733,-1.1909797203219669e-7,-3.086516159458543e-8,-1.7529167644147034e-7,-3.3320928556051993e-7
t3734,-1.1450193781410323e-7,-2.860648019207188e-8,-1.6988285114669446e-7,-3.251597851334267e-7
t3735,-1.1887555820878725e-7,-3.971754549582487e-8,-1.72584309430047e-7,-3.2369384976070657e-7
t3736,-1.4091268617252239e-7,-7.447249193278315e-8,-1.916213048429768e-7,-3.3800879020302744e-7
t3737,-2.057563156279019e-7,-1.6189926901093706e-7,-2.48327057702483e-7,-3.863877902145267e-7
t3738,-4.730534536339824e-7,-5.079095553618264e-7,-4.92385341741781e-7,-5.885045189108433e-7
t3739,-1.4553646567171464e-6,-1.8215919375801792e-6,-1.3912961191091852e-6,-1.3811308775755433e-6
t3740,-2.803646524343392e-6,-3.424464208426434e-6,-2.629233414378641e-6,-2.472038681926889e-6
t3741,-4.565793705741199e-6,-5.364718834504937e-6,-4.3150470507034985e-6,-3.977683658622947e-6
t3742,-6.3240137129010725e-6,-7.202160494242319e-6,-6.001056082380252e-6,-5.50918759055433e-6
t3743,-6.213389317860976e-6,-7.080192958015715e-6,-5.8660477641921455e-6,-5.34320900375555e-6
t3744,-1.638211805938535e-6,-2.0044541975863143e-6,-1.546815629283253e-6,-1.5059900622701866e-6
t3745,-8.958088027187307e-7,-1.0791986709747664e-6,-8.756835660255905e-7,-9.183303661366345e-7
t3746,-7.792392830769988e-7,-9.269951833409124e-7,-7.697512933717587e-7,-8.236544413972535e-7
t3747,-1.3241208181203177e-6,-1.6107412342699993e-6,-1.2619180117207814e-6,-1.2521133686746264e-6
t3748,-5.527801843059924e-6,-6.3641966165078915e-6,-5.168028058843402e-6,-4.70931438469371e-6
t3749,-7.907812763346387e-6,-8.925002734387718e-6,-7.463842749854456e-6,-6.763648285578017e-6
t3750,-6.508159947762196e-6,-7.4801954902145834e-6,-6.125360492606088e-6,-5.5640573774792e-6
t3751,-2.8920586199761052e-6,-3.5331530034932275e-6,-2.731794459099412e-6,-2.5871812476266047e-6
t3752,-6.027014724887715e-7,-6.501665607604575e-7,-6.218398093005461e-7,-7.285462335265869e-7
t3753,-2.3792470196234972e-7,-1.7619722962882136e-7,-2.88326857649793e-7,-4.4762137379751327e-7
t3754,-1.7072728545401998e-7,-7.610711009113533e-8,-2.2758675484582115e-7,-4.0110110000776394e-7
t3755,-1.4162005536249215e-7,-4.386405477697049e-8,-1.9747324565734762e-7,-3.68100927715417e-7
t3756,-1.252430880514516e-7,-3.100717313525332e-8,-1.7941814873541161e-7,-3.4434906080522373e-7
t3757,-1.1188945913652546e-7,-2.251423134231806e-8,-1.6523027231202397e-7,-3.221373799863559e-7
t3758,-1.1387529473702468e-7,-2.7933237623048225e-8,-1.6631480608363545e-7,-3.2207010114524145e-7
t3759,-1.2049063303939165e-7,-4.265656015306257e-8,-1.718590583576132e-7,-3.24786269221852e-7
t3760,-1.463375222684239e-7,-8.245046483449342e-8,-1.9503702403894338e-7,-3.4154607592236974e-7
t3761,-2.400980752786692e-7,-2.0858582058506474e-7,-2.7739450132359416e-7,-4.0888495557118255e-7
t3762,-5.199092917583694e-7,-5.669000466909876e-7,-5.354947443275955e-7,-6.249548017807706e-7
t3763,-1.1543517652279314e-6,-1.4457698838458936e-6,-1.1189512395728192e-6,-1.1484974397016628e-6
t3764,-8.879639142299102e-7,-1.0775478549787298e-6,-8.711957039830611e-7,-9.222511035249488e-7
t3765,-1.9361689326770734e-6,-2.4046824124066527e-6,-1.8312301731403972e-6,-1.7864099629218136e-6
t3766,-8.327581432964033e-6,-9.257441697948234e-6,-8.012805189022496e-6,-7.475354218255434e-6
t3767,-2.961825223012161e-6,-3.549531512243138e-6,-2.7517835690293307e-6,-2.5779957787095403e-6
t3768,-7.902274394239133e-7,-9.265491954367448e-7,-7.82968683706185e-7,-8.444656524893656e-7
t3769,-5.103803326102742e-7,-5.68003945975765e-7,-5.260403548780139e-7,-6.174069608562964e-7
t3770,-5.216961883544692e-7,-5.8200060453475e-7,-5.366150296205907e-7,-6.252747151272994e-7
t3771,-6.517390978090528e-7,-7.490231425696823e-7,-6.558748800532848e-7,-7.294453271467685e-7
t3772,-2.036118818295258e-6,-2.379403888683939e-6,-1.927084892481564e-6,-1.8376986060889158e-6
t3773,-9.46128137495855e-6,-1.0463402744194263e-5,-8.984646634960166e-6,-8.229411528492324e-6
t3774,-4.600882304237494e-6,-5.433446913523134e-6,-4.29981226081938e-6,-3.9496869396622635e-6
t3775,-1.7524145904751202e-6,-2.1556790169322297e-6,-1.6810622886892196e-6,-1.6620080561916655e-6
t3776,-5.043286366581716e-7,-5.25040887529963e-7,-5.307587420100632e-7,-6.440067302859178e-7
t3777,-2.2692763172714556e-7,-1.6464352311958019e-7,-2.804901802465559e-7,-4.434078442880951e-7
t3778,-1.7054999913962933e-7,-7.891266502459269e-8,-2.3135270392514154e-7,-4.0719388752454035e-7
t3779,-1.4958027742837857e-7,-5.172313011762231e-8,-2.094246652259862e-7,-3.874331127067142e-7
t3780,-1.323631871352475e-7,-3.733389840176897e-8,-1.900560274866656e-7,-3.633728085681509e-7
t3781,-1.20875299508345e-7,-3.23546298284769e-8,-1.7568736148944744e-7,-3.3888139663339187e-7
t3782,-1.2234054449078083e-7,-4.061474660367837e-8,-1.75021441009227e-7,-3.328164049744616e-7
t3783,-1.3551639919577917e-7,-6.440960844790401e-8,-1.8553509565390247e-7,-3.3953617108315075e-7
t3784,-1.7935653098719218e-7,-1.270647059565966e-7,-2.2342360451836785e-7,-3.6615900096551096e-7
t3785,-2.5211592661601816e-7,-2.2142176851161234e-7,-2.878095663582227e-7,-4.1746338918843957e-7
t3786,-4.0266364412455113e-7,-4.1712936484305904e-7,-4.257480923296067e-7,-5.286202276213638e-7
t3787,-6.506089931624176e-7,-7.480325026032938e-7,-6.573416624922633e-7,-7.293355848217474e-7
t3788,-7.742434750354646e-7,-9.124901351680181e-7,-7.721737665891608e-7,-8.316729579082603e-7
t3789,-8.550389900546987e-7,-1.0145134474728758e-6,-8.485772070367623e-7,-9.04236585662638e-7
t3790,-9.381219268405762e-7,-1.1207880045788011e-6,-9.271090296783819e-7,-9.795386854164757e-7
t3791,-1.0212817329604635e-6,-1.23010790814631e-6,-1.0016696681277696e-6,-1.0427263940456312e-6
t3792,-8.739768117277271e-7,-1.0542571675321954e-6,-8.624290207624629e-7,-9.101553481934838e-7
t3793,-6.833612714142663e-7,-8.155354672798263e-7,-6.824072390054417e-7,-7.457425895795013e-7
t3794,-5.798167672012348e-7,-6.755266678078319e-7,-5.864735843358546e-7,-6.583030077580224e-7
t3795,-6.867527974942038e-7,-8.1986442808609e-7,-6.856621867882617e-7,-7.470198885529274e-7
t3796,-9.058992580703276e-7,-1.0860483433226264e-6,-8.926926503837196e-7,-9.364333101307569e-7
t3797,-9.076810662386178e-7,-1.069848706052019e-6,-9.00483159774868e-7,-9.542851441188942e-7
t3798,-7.493358769898337e-7,-8.497160877668207e-7,-7.563635668490603e-7,-8.309901949613313e-7
t3799,-5.426046714464319e-7,-5.733081994374741e-7,-5.653317300917972e-7,-6.67831520268182e-7
t3800,-3.414585952493022e-7,-3.1144984738392523e-7,-3.8073822452722795e-7,-5.179508571954218e-7
t3801,-2.2203624282104732e-7,-1.537639961121101e-7,-2.7573071268479674e-7,-4.396465933557536e-7
t3802,-1.7232492870427714e-7,-7.459606777493184e-8,-2.3378201105736068e-7,-4.1228462638987813e-7
t3803,-1.4939890104050375e-7,-4.329104283601205e-8,-2.1077378309728553e-7,-3.888374753889449e-7
t3804,-1.3061123341195392e-7,-2.8683698076765187e-8,-1.8928905748927632e-7,-3.5826340894176575e-7
t3805,-1.1660124958541123e-7,-2.2358978905535307e-8,-1.7236204295047866e-7,-3.3456520532018103e-7
t3806,-1.1285188374989318e-7,-2.3747469342629133e-8,-1.6675448232672667e-7,-3.238720590192256e-7
t3807,-1.1557895194464091e-7,-3.061050547314999e-8,-1.6849578958538013e-7,-3.229400350269784e-7
t3808,-1.2783791579355443e-7,-5.066966335585634e-8,-1.7979778264348228e-7,-3.319708654344486e-7
t3809,-1.5637577936252818e-7,-9.348831834934394e-8,-2.049828865914568e-7,-3.50721286528172e-7
t3810,-2.3269260049388433e-7,-1.9437864728528127e-7,-2.7182654311139963e-7,-4.050598184607056e-7
t3811,-3.612033670655434e-7,-3.6057714245228296e-7,-3.876841665183568e-7,-4.972336820504643e-7
t3812,-4.257556498358013e-7,-4.4357541138921903e-7,-4.4739996535925746e-7,-5.460412611016505e-7
t3813,-4.5713174036832384e-7,-4.784987672853486e-7,-4.785619854915806e-7,-5.774131754028476e-7
t3814,-4.927772370296812e-7,-5.220403554423049e-7,-5.129551630754733e-7,-6.109732341296348e-7
t3815,-4.950798636419138e-7,-5.295976987273049e-7,-5.141447092737566e-7,-6.076844244830098e-7
t3816,-4.945743183930492e-7,-5.389573789052396e-7,-5.114743193004826e-7,-5.977674844553642e-7
t3817,-4.6665702786746676e-7,-5.106400946568699e-7,-4.84239588438226e-7,-5.704470490472654e-7
t3818,-4.5084136809820767e-7,-4.981945746261002e-7,-4.691793043643836e-7,-5.557619965593886e-7
t3819,-5.008846623543208e-7,-5.635254902554454e-7,-5.16065304260961e-7,-5.982510700012743e-7
t3820,-6.137045816991511e-7,-6.996213689879329e-7,-6.226089160566697e-7,-6.957068882505467e-7
t3821,-6.523806442767461e-7,-7.396186980129207e-7,-6.61148567131123e-7,-7.366225785325883e-7
t3822,-5.88434385300611e-7,-6.456090699701668e-7,-6.041651719438884e-7,-6.914329678462993e-7
t3823,-4.472655494607185e-7,-4.5581597962576156e-7,-4.7442073889921284e-7,-5.861928983762503e-7
t3824,-2.7069937354008717e-7,-2.2672276542519657e-7,-3.151957740761466e-7,-4.59657887844199e-7
t3825,-1.8671938465991414e-7,-1.0520022974051854e-7,-2.4516414497632867e-7,-4.13171336045167e-7
t3826,-1.5756875336928032e-7,-5.307685424909064e-8,-2.211427961923637e-7,-4.0124333755416675e-7
t3827,-1.4077520913959884e-7,-3.202558343736479e-8,-2.0267869192323473e-7,-3.8348655008678496e-7
t3828,-1.2880546479595076e-7,-2.54738023158888e-8,-1.8848957840135292e-7,-3.6020503207380436e-7
t3829,-1.196936077464736e-7,-2.3958141276577718e-8,-1.7581173439102056e-7,-3.3770838364091096e-7
t3830,-1.1779863452293112e-7,-2.6602855525861982e-8,-1.7243385704529877e-7,-3.283185321442244e-7
t3831,-1.1904220501197668e-7,-3.151228004749028e-8,-1.728502332861506e-7,-3.24501587605253e-7
t3832,-1.2391437195417325e-7,-4.0589362972842834e-8,-1.7725369403378537e-7,-3.2695720325448377e-7
t3833,-1.3935372380771994e-7,-6.467887347241387e-8,-1.9060020645450793e-7,-3.372932309997058e-7
t3834,-1.985788582718625e-7,-1.4620998382610046e-7,-2.42341376860807e-7,-3.802253617476705e-7
t3835,-3.493683108049354e-7,-3.3847722225151387e-7,-3.7819378025656477e-7,-4.867114057801697e-7
t3836,-4.777708130994811e-7,-5.042985209642524e-7,-4.972428765909041e-7,-5.860444185403864e-7
t3837,-5.254765156740878e-7,-5.626828400915316e-7,-5.432185878296789e-7,-6.28935790130528e-7
t3838,-5.374729090801261e-7,-5.721805053047116e-7,-5.563517156603155e-7,-6.463163821599851e-7
t3839,-5.320524805235317e-7,-5.679898742327565e-7,-5.511170514878741e-7,-6.396446508993862e-7
t3840,-5.184648355188982e-7,-5.567418454645404e-7,-5.366479659140365e-7,-6.223282884051227e-7
t3841,-5.125443525712649e-7,-5.515623009979084e-7,-5.308029402700129e-7,-6.134444331558653e-7
t3842,-5.065251432828328e-7,-5.443963350464359e-7,-5.250920384191445e-7,-6.086389238316623e-7
t3843,-5.114601402567054e-7,-5.503842532397549e-7,-5.302118427074914e-7,-6.142649434629268e-7
t3844,-5.209775600888206e-7,-5.599370799885482e-7,-5.400091605477696e-7,-6.261634055742045e-7
t3845,-5.350112264089524e-7,-5.723292443511155e-7,-5.549225259327482e-7,-6.464933212782351e-7
t3846,-5.229867929496498e-7,-5.51788347510477e-7,-5.463428245319821e-7,-6.459502981142808e-7
t3847,-3.7627372286553603e-7,-3.5926002982724107e-7,-4.1301487140645353e-7,-5.408113885046542e-7
t3848,-2.0203822544422767e-7,-1.2959666722423263e-7,-2.601813669522765e-7,-4.25702418636243e-7
t3849,-1.4951217245199704e-7,-4.631871698613518e-8,-2.1574777806232047e-7,-3.9575820798714945e-7
t3850,-1.2271176778822673e-7,-1.992666734407804e-8,-1.8430301858433803e-7,-3.539682998724703e-7
t3851,-1.0522599105674434e-7,-1.1493335254000812e-8,-1.5972148674505737e-7,-3.0188667885081276e-7
t3852,-9.79705830222866e-8,-8.43617692547272e-9,-1.5077091146742713e-7,-2.8749172761224617e-7
t3853,-9.293585845780906e-8,-6.992403231883872e-9,-1.4431027397984844e-7,-2.766888496324963e-7
t3854,-9.072409488021666e-8,-7.1072716854160664e-9,-1.4210084004080244e-7,-2.721436373619507e-7
t3855,-9.763583155122326e-8,-1.0456583637466302e-8,-1.5232107589586692e-7,-2.969100975455459e-7
t3856,-1.1693804703707873e-7,-2.0481201428108694e-8,-1.7811010687850733e-7,-3.463653926761235e-7
t3857,-1.397969003842868e-7,-4.645247595404674e-8,-2.0113197114952107e-7,-3.7072910822424777e-7
t3858,-1.981789219146249e-7,-1.2824909048513117e-7,-2.5442920042223644e-7,-4.1892823780477904e-7
t3859,-4.147882800880945e-7,-4.082968277575472e-7,-4.480989586625081e-7,-5.764697117423616e-7
t3860,-5.78502753124019e-7,-6.197688691050339e-7,-6.001390793009002e-7,-7.039400204927591e-7
t3861,-5.968843797503807e-7,-6.427421645786456e-7,-6.176940751418414e-7,-7.200985733504469e-7
t3862,-5.932186345025026e-7,-6.361957227720594e-7,-6.146672240658247e-7,-7.181491804687027e-7
t3863,-5.934650017241051e-7,-6.436502664998912e-7,-6.125957378900424e-7,-7.091796438885935e-7
t3864,-5.925581224042899e-7,-6.495512161413158e-7,-6.092193242791537e-7,-6.985325618052068e-7
t3865,-5.601292633119519e-7,-6.10256687891582e-7,-5.779875479313304e-7,-6.678821716870562e-7
t3866,-5.03924492606856e-7,-5.380470504272367e-7,-5.251782188322784e-7,-6.192587677040789e-7
t3867,-4.4593145692306285e-7,-4.616549300994811e-7,-4.7193496479383104e-7,-5.74117850995463e-7
t3868,-3.987416831381131e-7,-3.9873948951359645e-7,-4.2956404906276425e-7,-5.415487400897336e-7
t3869,-3.625414601301969e-7,-3.491969390036712e-7,-3.979780723900864e-7,-5.193462848323829e-7
t3870,-3.33561298573407e-7,-3.07733385687508e-7,-3.732678374040065e-7,-5.050033927031908e-7
t3871,-2.4557289522663527e-7,-1.912616837757954e-7,-2.975999178349955e-7,-4.521916544292854e-7
t3872,-1.52042593782258e-7,-5.72913885714726e-8,-2.1857507392902646e-7,-3.8940903241257305e-7
t3873,-1.1744091391116221e-7,-1.5818877009529324e-8,-1.828367502402806e-7,-3.55588643052983e-7
t3874,-9.512311864019722e-8,-6.961559485073446e-9,-1.4777656523689722e-7,-2.81775245933718e-7
t3875,-9.397602641928907e-8,-5.931162607162177e-9,-1.454472543002848e-7,-2.759250224220804e-7
t3876,-9.075082074338388e-8,-4.831164722256783e-9,-1.4186843874113965e-7,-2.689248114018895e-7
t3877,-8.716980269514516e-8,-3.734343540474559e-9,-1.3682536202358441e-7,-2.602769264330115e-7
t3878,-8.606142836163435e-8,-3.5366773392591944e-9,-1.3485470426594223e-7,-2.575058952210653e-7
t3879,-8.813364297307739e-8,-4.583314777680292e-9,-1.3782984886520992e-7,-2.615482647332344e-7
t3880,-9.957417897639985e-8,-8.651776239006683e-9,-1.5523772702900637e-7,-3.010164780919028e-7
t3881,-1.3273736524901194e-7,-2.6171189310349795e-8,-1.9956558858599652e-7,-3.7914002644759617e-7
t3882,-1.7651440653515868e-7,-8.340128210416949e-8,-2.420798079033465e-7,-4.203285142359603e-7
t3883,-3.352916908577668e-7,-2.96438821752207e-7,-3.812488599237894e-7,-5.334089662044441e-7
t3884,-4.7094773327431104e-7,-4.687175069284764e-7,-5.045579379209425e-7,-6.344582462089886e-7
t3885,-4.981199244524307e-7,-5.024045555366862e-7,-5.304835184550998e-7,-6.578078809019668e-7
t3886,-4.932052279547886e-7,-4.961944166195318e-7,-5.252577841980286e-7,-6.512887897692497e-7
t3887,-4.934343415186258e-7,-5.070663317881788e-7,-5.219461951927218e-7,-6.340603625266256e-7
t3888,-5.167149172779221e-7,-5.472145931834165e-7,-5.398557860999675e-7,-6.395181990553172e-7
t3889,-5.550875423900164e-7,-6.059164993359029e-7,-5.727761568135629e-7,-6.574357207555084e-7
t3890,-5.829211774137916e-7,-6.461339207589807e-7,-5.97705761621442e-7,-6.752516037767608e-7
t3891,-5.951141119516435e-7,-6.624898312011294e-7,-6.089256219113745e-7,-6.847301566268587e-7
t3892,-5.976523737634526e-7,-6.610471170635651e-7,-6.123945943362881e-7,-6.919070696297222e-7
t3893,-5.579950598654915e-7,-6.021079937862735e-7,-5.778299091844762e-7,-6.681445861835916e-7
t3894,-4.780578560384879e-7,-4.937733585192508e-7,-5.05417300389021e-7,-6.134583744880958e-7
t3895,-2.999190338417163e-7,-2.6276533364580346e-7,-3.447003875416398e-7,-4.872816184314845e-7
t3896,-1.5712452331902526e-7,-6.527508421213797e-8,-2.2126322029827184e-7,-3.947098217678079e-7
t3897,-1.174020909760706e-7,-1.8141161765860197e-8,-1.8068058935341872e-7,-3.507631630260162e-7
t3898,-9.317822510353463e-8,-6.661091563354189e-9,-1.4443918863799348e-7,-2.7731872975143765e-7
t3899,-8.614404299541588e-8,-3.597455122479342e-9,-1.3469333263243973e-7,-2.6135325055787144e-7
t3900,-7.939538049000827e-8,-1.4760772131697482e-9,-1.2467971918050758e-7,-2.4502553291669776e-7
t3901,-7.28378891976802e-8,2.5974110640053505e-10,-1.1527579424863015e-7,-2.27762453059901e-7
t3902,-7.114616697230242e-8,7.835804618323658e-11,-1.1362653888484024e-7,-2.2447191439385984e-7
t3903,-7.74434793921277e-8,-2.20987990933328e-9,-1.2364878088118854e-7,-2.514815936651862e-7
t3904,-9.159148226760781e-8,-9.557952249574833e-9,-1.4296282802782926e-7,-2.889013800947823e-7
t3905,-1.082852525023105e-7,-2.8647790522678775e-8,-1.594977743168097e-7,-3.075437959965699e-7
t3906,-1.457330173694814e-7,-8.187392331367238e-8,-1.9415714607133638e-7,-3.3786825810633813e-7
t3907,-2.5976516044107623e-7,-2.3107408547850102e-7,-2.9429810921392246e-7,-4.172215793563094e-7
t3908,-3.5808848980601164e-7,-3.559902316444476e-7,-3.847992000154116e-7,-4.924617462321973e-7
t3909,-3.9515172892697857e-7,-4.004957670640775e-7,-4.2006715799894745e-7,-5.244821291424793e-7
t3910,-3.980739698828999e-7,-3.981100395326841e-7,-4.2488858180942826e-7,-5.355181220353772e-7
t3911,-3.828358082886241e-7,-3.8145126952632194e-7,-4.1028261597872667e-7,-5.189152263071802e-7
t3912,-3.651946433897241e-7,-3.6637199993871454e-7,-3.9174221140042716e-7,-4.949071822494752e-7
t3913,-3.491942405523791e-7,-3.4947013345029116e-7,-3.767996145282979e-7,-4.795451112969972e-7
t3914,-3.3687071067592436e-7,-3.3456401743796533e-7,-3.6518574803469525e-7,-4.6896121510870286e-7
t3915,-3.372363078558538e-7,-3.315872914852357e-7,-3.6679268841271736e-7,-4.7254236193745785e-7
t3916,-3.2877117698402425e-7,-3.1454566992405776e-7,-3.611036253463658e-7,-4.7292920233736126e-7
t3917,-3.142947797905628e-7,-2.90453407527054e-7,-3.5021303044433013e-7,-4.714629350712889e-7
t3918,-3.0314604075115665e-7,-2.7073276638392734e-7,-3.430977733911775e-7,-4.7159637658643024e-7
t3919,-2.346835726406785e-7,-1.7883433735350134e-7,-2.84688598063431e-7,-4.326291463251366e-7
t3920,-1.5279892966952435e-7,-5.93193106630789e-8,-2.1504378653338186e-7,-3.8208467215740466e-7
t3921,-1.1941043811721486e-7,-1.984235737824281e-8,-1.807872402485661e-7,-3.505408455842732e-7
t3922,-9.64701112928647e-8,-8.440847690974163e-9,-1.4842940619539192e-7,-2.8668002469758087e-7
t3923,-8.745697626328887e-8,-4.793531471718104e-9,-1.3568153076768354e-7,-2.6221567661466006e-7
t3924,-7.919650257545217e-8,-2.393224298573058e-9,-1.2451019333564827e-7,-2.444304442445161e-7
t3925,-7.447112979893434e-8,-1.3766341491088795e-9,-1.182744548396129e-7,-2.3440686337779667e-7
t3926,-7.587431942892576e-8,-2.5089343888833284e-9,-1.2035552355791706e-7,-2.403917895287524e-7
t3927,-8.491240106177472e-8,-5.861465468556368e-9,-1.3345641012697107e-7,-2.7169657643054245e-7
t3928,-9.77817803601279e-8,-1.4346408612776201e-8,-1.495303332368421e-7,-3.0004259839391853e-7
t3929,-1.1552050304845466e-7,-3.748352181159645e-8,-1.6746471571842491e-7,-3.163890682540733e-7
t3930,-1.7013101402832793e-7,-1.1409981138850286e-7,-2.164030024261573e-7,-3.6030315082281957e-7
t3931,-3.455923720394355e-7,-3.411496467994353e-7,-3.739107250114094e-7,-4.879154425175035e-7
t3932,-4.6106197563378805e-7,-4.908007402619601e-7,-4.809305074254185e-7,-5.800854315638468e-7
t3933,-4.917607672730813e-7,-5.268886748266052e-7,-5.111175334276477e-7,-6.109450501502108e-7
t3934,-5.267517111523868e-7,-5.645991345653061e-7,-5.456592144889015e-7,-6.453318311965331e-7
t3935,-5.203394725424181e-7,-5.609493069420848e-7,-5.387825771999048e-7,-6.340230636923669e-7
t3936,-5.140998220803762e-7,-5.56230635936968e-7,-5.321769634953887e-7,-6.241472859926819e-7
t3937,-5.004639018796749e-7,-5.423885108906509e-7,-5.18519590437028e-7,-6.090084885653845e-7
t3938,-4.6865817945466937e-7,-5.066171568610515e-7,-4.878150134525256e-7,-5.785863728218249e-7
t3939,-4.3145019096113275e-7,-4.58571542601499e-7,-4.53208598443543e-7,-5.479134173524949e-7
t3940,-4.037296305949261e-7,-4.1987457084777857e-7,-4.2796760913233386e-7,-5.281121165259675e-7
t3941,-3.7593162926735e-7,-3.767983880343136e-7,-4.0429959624181176e-7,-5.130364282580918e-7
t3942,-3.374293586575833e-7,-3.212389687389535e-7,-3.7109914184576323e-7,-4.910627633905187e-7
t3943,-2.416674110700121e-7,-1.937470716548795e-7,-2.882224222753444e-7,-4.333256379212824e-7
t3944,-1.4620176421906391e-7,-5.6912663838618585e-8,-2.0639488740693385e-7,-3.7012735349404496e-7
t3945,-1.1476404837602954e-7,-1.6926131436248743e-8,-1.740806615417102e-7,-3.394674614685254e-7
t3946,-9.463911658471735e-8,-6.9131727834448735e-9,-1.4360939075454977e-7,-2.7652179269383235e-7
t3947,-8.878341543335561e-8,-4.3372401059505965e-9,-1.3551849498053701e-7,-2.6262626740378556e-7
t3948,-8.085147431130745e-8,-2.0257054288336527e-9,-1.2579844747481573e-7,-2.4479939553345616e-7
t3949,-7.565267719287126e-8,-8.728585516613938e-10,-1.1844821280355464e-7,-2.3326676125228977e-7
t3950,-7.55031898889465e-8,-1.6394390827505212e-9,-1.1818518668671367e-7,-2.339007478767338e-7
t3951,-8.384991183537905e-8,-4.751964297630064e-9,-1.30924886995623e-7,-2.640019348467946e-7
t3952,-9.896116699100601e-8,-1.293917258553468e-8,-1.5137001933351523e-7,-3.0307505050149637e-7
t3953,-1.1643921432484376e-7,-3.431381113936192e-8,-1.6818261928391894e-7,-3.1934447201329807e-7
t3954,-1.5581051472452972e-7,-9.333096925647376e-8,-2.0383744955815706e-7,-3.472209042487983e-7
t3955,-2.9952803289360593e-7,-2.7852217641897626e-7,-3.3134562939437466e-7,-4.4987309972535027e-7
t3956,-4.037827452621255e-7,-4.105975600627468e-7,-4.278835402557127e-7,-5.312472093454852e-7
t3957,-4.0519277047804086e-7,-4.088348281069095e-7,-4.3059882368981106e-7,-5.370418343162398e-7
t3958,-4.075529715770263e-7,-4.074346689951207e-7,-4.34590880631093e-7,-5.44956130283443e-7
t3959,-4.041317776380346e-7,-4.0526174878654914e-7,-4.3108508336389455e-7,-5.392593242305318e-7
t3960,-4.1384409857942765e-7,-4.203635535640813e-7,-4.393115375654944e-7,-5.424153011670611e-7
t3961,-4.304116110626256e-7,-4.4437057933575977e-7,-4.5415114219105113e-7,-5.526325670668735e-7
t3962,-4.3441458467338414e-7,-4.5213795000437344e-7,-4.57618658389549e-7,-5.532561784391835e-7
t3963,-4.258584709413609e-7,-4.420828606669447e-7,-4.493301360073483e-7,-5.453441583786987e-7
t3964,-4.0460185024941875e-7,-4.1351401096032963e-7,-4.301205466687739e-7,-5.301154279498103e-7
t3965,-3.9264050414751495e-7,-3.8978680330163796e-7,-4.217338212663366e-7,-5.32802697821814e-7
t3966,-3.6571855196567564e-7,-3.5112033211198016e-7,-3.9913482752278925e-7,-5.215224140095886e-7
t3967,-2.605465631598276e-7,-2.1196835305236947e-7,-3.0690686158018796e-7,-4.5383778399288863e-7
t3968,-1.5529116452001788e-7,-6.261874575746162e-8,-2.1735773427777823e-7,-3.875108259246021e-7
t3969,-1.222694920385013e-7,-2.02645611075227e-8,-1.830572535197828e-7,-3.5491226300767803e-7
t3970,-9.879366661183637e-8,-8.386453142170722e-9,-1.4878894676336125e-7,-2.858696268920803e-7
t3971,-9.171384255832254e-8,-5.206316721780731e-9,-1.3884233782595715e-7,-2.676528478004347e-7
t3972,-8.265503605292358e-8,-2.5281724457783468e-9,-1.2719814385346522e-7,-2.4798424158133725e-7
t3973,-7.782185531921917e-8,-1.5143822133376595e-9,-1.2091989744245488e-7,-2.3700355374507005e-7
t3974,-7.890349300083527e-8,-2.659041770047974e-9,-1.221867166061684e-7,-2.394812148297132e-7
t3975,-8.73722426656894e-8,-6.055873718365059e-9,-1.35181045294319e-7,-2.7050917503384016e-7
t3976,-1.0443391208954764e-7,-1.549180850316683e-8,-1.5632535369186276e-7,-3.1100684828708623e-7
t3977,-1.2508150208785458e-7,-4.172967717187499e-8,-1.7687786958713376e-7,-3.307892750434203e-7
t3978,-1.7598008776492535e-7,-1.1366479480735358e-7,-2.228109552851342e-7,-3.72563874359443e-7
t3979,-3.3924944954150206e-7,-3.2366302805640996e-7,-3.694038228560565e-7,-4.88946473207455e-7
t3980,-4.6741306033368e-7,-4.870494156832447e-7,-4.88882303447285e-7,-5.88564647423108e-7
t3981,-4.7158299101750816e-7,-4.886768107059245e-7,-4.939843020294669e-7,-5.96577382784549e-7
t3982,-4.5724982321394733e-7,-4.648915431697886e-7,-4.829134237581393e-7,-5.9392171598793e-7
t3983,-4.504758961090428e-7,-4.6003914822585224e-7,-4.758455471976804e-7,-5.840976069150737e-7
t3984,-4.471923147286518e-7,-4.5953869674808444e-7,-4.71644327451873e-7,-5.759155585007485e-7
t3985,-4.550568232891315e-7,-4.7293125967546124e-7,-4.781002284945239e-7,-5.780799670321963e-7
t3986,-4.58931065932366e-7,-4.800205493560196e-7,-4.814518599378301e-7,-5.782378237152679e-7
t3987,-4.5539634888099177e-7,-4.7419531820120125e-7,-4.789021182698999e-7,-5.766194151189964e-7
t3988,-4.396060224863704e-7,-4.514952558785893e-7,-4.6492821827913046e-7,-5.682435803277741e-7
t3989,-4.196335762926067e-7,-4.213374671899115e-7,-4.4815251812741914e-7,-5.59389036151418e-7
t3990,-4.001372947908324e-7,-3.9177026374184397e-7,-4.3218090811598116e-7,-5.513747389410514e-7
t3991,-2.9957136843912884e-7,-2.584913598933586e-7,-3.423910292027802e-7,-4.857618415399519e-7
t3992,-1.8051449626350247e-7,-9.542241191367823e-8,-2.3988179236238985e-7,-4.119467589162067e-7
t3993,-1.3515950660922885e-7,-3.335293485011436e-8,-1.9674607558438795e-7,-3.6940780669739823e-7
t3994,-1.1637076712661899e-7,-1.4677874626463771e-8,-1.7424793571943007e-7,-3.4246137097640935e-7
t3995,-9.874964065429859e-8,-8.178443196242642e-9,-1.4877636121080606e-7,-2.9223635802187044e-7
t3996,-9.013288471750155e-8,-5.825037226393565e-9,-1.3805436677757726e-7,-2.712766305457124e-7
t3997,-8.524783157950237e-8,-4.845574518148266e-9,-1.325753729710709e-7,-2.6446987506374707e-7
t3998,-8.959848804605328e-8,-7.144834486959873e-9,-1.397761412741418e-7,-2.8288045889464125e-7
t3999,-9.730738398139885e-8,-1.3366537905991785e-8,-1.4899157215528062e-7,-2.95922944057719e-7
t4000,-1.0930952688593115e-7,-2.6108960923059663e-8,-1.620219397358977e-7,-3.1026181132708286e-7
t4001,-1.2149958591145552e-7,-5.156392981776195e-8,-1.7124192832445215e-7,-3.1258457565260096e-7
t4002,-1.6795383868723708e-7,-1.1234303355512287e-7,-2.1282661074002642e-7,-3.500502141588119e-7
t4003,-2.7117427560028024e-7,-2.427053974837679e-7,-3.054800175241189e-7,-4.293421538196385e-7
t4004,-3.3393560313939856e-7,-3.2072130084199795e-7,-3.633604149825662e-7,-4.787778269476999e-7
t4005,-3.4393210623763864e-7,-3.292378982898495e-7,-3.740744781550032e-7,-4.925929022579924e-7
t4006,-3.427799145689578e-7,-3.2264404686529127e-7,-3.7578807586403916e-7,-5.045997011657285e-7
t4007,-3.378949796826089e-7,-3.1875936324134536e-7,-3.7137326551588325e-7,-4.976825962502401e-7
t4008,-3.444093201365215e-7,-3.300796804576307e-7,-3.7619252036173476e-7,-4.959123801498982e-7
t4009,-3.3497556319503934e-7,-3.1909343477160625e-7,-3.6711302766563124e-7,-4.859738234802184e-7
t4010,-3.4061480418070695e-7,-3.278605687051521e-7,-3.719576314906151e-7,-4.869490194705849e-7
t4011,-3.4317882616870346e-7,-3.3100182917912963e-7,-3.742877713594677e-7,-4.87021756996876e-7
t4012,-3.4749158377240317e-7,-3.3578062105909297e-7,-3.787607515001127e-7,-4.909303393598383e-7
t4013,-3.540329905898118e-7,-3.4326708601528126e-7,-3.8540476321380437e-7,-4.967586178778636e-7
t4014,-3.530461600062472e-7,-3.4002292471400067e-7,-3.856967798837457e-7,-5.001462983688325e-7
t4015,-2.639724987302149e-7,-2.2350098165046007e-7,-3.0686831467466737e-7,-4.399018057602952e-7
t4016,-1.549794228689736e-7,-7.204933435607618e-8,-2.1424592176977605e-7,-3.751214813248799e-7
t4017,-1.2266372203391572e-7,-1.864974376742889e-8,-1.8547801739112463e-7,-3.5810245427564593e-7
t4018,-9.810631115881734e-8,-8.005780782263718e-9,-1.4883572371411468e-7,-2.8481961785171595e-7
t4019,-9.429571287124851e-8,-6.010861329128359e-9,-1.4349175625022752e-7,-2.739620562641439e-7
t4020,-8.922677860562472e-8,-4.281902497860412e-9,-1.3711213596771744e-7,-2.628121035325882e-7
t4021,-8.443362590221998e-8,-3.0265438861565983e-9,-1.3147882540344146e-7,-2.533427723555006e-7
t4022,-8.170945641802395e-8,-2.7438187737104e-9,-1.288222647304055e-7,-2.467620547012368e-7
t4023,-8.589921704022413e-8,-4.948643910171893e-9,-1.3463750300872128e-7,-2.600295833872733e-7
t4024,-1.0574053107732093e-7,-1.2998478749484027e-8,-1.6511916769402836e-7,-3.2591469082987746e-7
t4025,-1.1994238611428957e-7,-3.53199495674576e-8,-1.7878715436714008e-7,-3.342320040636166e-7
t4026,-1.6623762472254422e-7,-9.875531610293974e-8,-2.225520432490725e-7,-3.761832686034096e-7
t4027,-3.00823836112907e-7,-2.679386769134941e-7,-3.427068161284453e-7,-4.816317129990126e-7
t4028,-3.649015671319184e-7,-3.4292588433350134e-7,-4.030431918959811e-7,-5.376114233039918e-7
t4029,-3.431676566266315e-7,-3.131047557883592e-7,-3.843052305093076e-7,-5.245934591949099e-7
t4030,-3.202811195583271e-7,-2.7943223236811534e-7,-3.6531429094528075e-7,-5.149823679292606e-7
t4031,-2.985242673538537e-7,-2.5750248051976336e-7,-3.4395141428195916e-7,-4.872432446539394e-7
t4032,-2.998717962543415e-7,-2.621079550265722e-7,-3.4396240769645173e-7,-4.824562923787354e-7
t4033,-3.1355881618379376e-7,-2.798678223295219e-7,-3.557887792402442e-7,-4.924893369757257e-7
t4034,-3.3166477190750775e-7,-3.0603324366554884e-7,-3.705886293787247e-7,-4.986198619578418e-7
t4035,-3.4298787577293106e-7,-3.2083730769597847e-7,-3.8104066869730703e-7,-5.073105923096387e-7
t4036,-3.508014487157799e-7,-3.298895700816906e-7,-3.888720355900263e-7,-5.146224429924085e-7
t4037,-3.4527042109542966e-7,-3.213646458252248e-7,-3.842137947668547e-7,-5.136566800689675e-7
t4038,-3.294934822524692e-7,-3.0024297666430104e-7,-3.7053232984903655e-7,-5.033378852349396e-7
t4039,-2.4043101750654553e-7,-1.8395101964461454e-7,-2.933456946712376e-7,-4.470672992314865e-7
t4040,-1.4904088068064093e-7,-5.3908352727675756e-8,-2.155747086296873e-7,-3.871445209598606e-7
t4041,-1.1439483334338516e-7,-1.4459426154849844e-8,-1.7924232040521824e-7,-3.504979637812024e-7
t4042,-9.229117621095049e-8,-5.809186657103336e-9,-1.4495622355230003e-7,-2.773866788692097e-7
t4043,-8.997764787615451e-8,-4.633150401782359e-9,-1.406961274186955e-7,-2.6914922558516963e-7
t4044,-8.908335074554676e-8,-4.241604462846105e-9,-1.3968257136263286e-7,-2.658511981144519e-7
t4045,-8.813868767203668e-8,-3.8792654002857005e-9,-1.386357891192388e-7,-2.630522446913794e-7
t4046,-8.755048874634853e-8,-3.796264608175824e-9,-1.378146810021292e-7,-2.6195242882657605e-7
t4047,-8.734964912634962e-8,-3.967648006599944e-9,-1.370720115603241e-7,-2.614771627138118e-7
t4048,-9.611827864652699e-8,-6.917146962741895e-9,-1.5230311619723822e-7,-2.9661655924282283e-7
t4049,-1.2601058993160153e-7,-2.1926775837291833e-8,-1.9202391814249984e-7,-3.684410643878199e-7
t4050,-1.602755399475417e-7,-6.646182940294394e-8,-2.26227465635002e-7,-4.0010276320648414e-7
t4051,-2.512861409280117e-7,-1.921588849853337e-7,-3.054807073159735e-7,-4.6512526832778753e-7
t4052,-3.166644648227653e-7,-2.7544172862450485e-7,-3.6250232485612715e-7,-5.123618197818585e-7
t4053,-3.1290332447929057e-7,-2.6838428721056335e-7,-3.5990319293584893e-7,-5.1107996403983e-7
t4054,-2.927088612109277e-7,-2.4268820448963016e-7,-3.4228707136652343e-7,-4.969763170782285e-7
t4055,-2.8260869874344463e-7,-2.3704499160650795e-7,-3.3031488827471305e-7,-4.785237611426257e-7
t4056,-2.9901332760827604e-7,-2.5964462044588893e-7,-3.439994902554901e-7,-4.860321765751289e-7
t4057,-3.2758066257664573e-7,-2.958075425945499e-7,-3.6954503672965135e-7,-5.061252095058316e-7
t4058,-3.6419436824479114e-7,-3.416479050278934e-7,-4.027967382007278e-7,-5.351071724528e-7
t4059,-3.969826961286552e-7,-3.830168929573744e-7,-4.3283595757587303e-7,-5.600007408987994e-7
t4060,-4.363493456185393e-7,-4.3597359092318185e-7,-4.6783264567113283e-7,-5.849036863250166e-7
t4061,-4.613764378785024e-7,-4.7284898723171013e-7,-4.893888192071136e-7,-5.965993136357885e-7
t4062,-4.5970854159896694e-7,-4.7283428691226445e-7,-4.869490188799476e-7,-5.921254702970389e-7
t4063,-3.274532753398874e-7,-3.030019570163583e-7,-3.664905678757987e-7,-4.934398481889939e-7
t4064,-1.7183815348947287e-7,-9.827409148612941e-8,-2.317650788704744e-7,-3.914817949043925e-7
t4065,-1.3217566608950543e-7,-3.564266309825648e-8,-1.961216664180839e-7,-3.642252407160026e-7
t4066,-1.1687897581984762e-7,-1.5532600473625503e-8,-1.80497645385286e-7,-3.516151175129354e-7
t4067,-1.0074784590334543e-7,-8.611763467496655e-9,-1.5699257821068114e-7,-3.1101827984472806e-7
t4068,-9.48404948335133e-8,-7.353170027491634e-9,-1.4901572801451924e-7,-2.984841262227136e-7
t4069,-9.18215434730838e-8,-7.751391514784783e-9,-1.442531503613611e-7,-2.9205082568305653e-7
t4070,-9.412847406696204e-8,-1.1495612121024651e-8,-1.4566152506534771e-7,-2.9195287911885834e-7
t4071,-9.98609051598456e-8,-2.0539829770161063e-8,-1.5127202356465515e-7,-2.942708312112601e-7
t4072,-1.1479085520475763e-7,-3.983302903514434e-8,-1.6572302267543949e-7,-3.111417617820156e-7
t4073,-1.445360688206027e-7,-8.055787296920943e-8,-1.9291284372385658e-7,-3.365708475495428e-7
t4074,-2.1444500162782864e-7,-1.734390180751286e-7,-2.5378062739566014e-7,-3.8661470263040475e-7
t4075,-3.551349845609509e-7,-3.5229726345373816e-7,-3.8206169242837565e-7,-4.887078742597374e-7
t4076,-4.221656675447963e-7,-4.358183145838479e-7,-4.442862565125881e-7,-5.421789043776411e-7
t4077,-4.2656782986418764e-7,-4.348315025303422e-7,-4.5007671067431747e-7,-5.49742268604093e-7
t4078,-4.322261064460266e-7,-4.3321808597154107e-7,-4.5862982861366567e-7,-5.666389051898471e-7
t4079,-4.4325634856648404e-7,-4.471897185162422e-7,-4.695774699430749e-7,-5.773535649945081e-7
t4080,-4.434091056401505e-7,-4.4964095969887024e-7,-4.690430170144029e-7,-5.749063480974639e-7
t4081,-4.246096675263443e-7,-4.2958422591399454e-7,-4.507472372102088e-7,-5.557735237746883e-7
t4082,-4.327210558764061e-7,-4.3531732628909303e-7,-4.604145049091069e-7,-5.706121200963205e-7
t4083,-4.3365964842391365e-7,-4.308456470262256e-7,-4.633346795084873e-7,-5.801672378038927e-7
t4084,-4.348744438560063e-7,-4.337593240281738e-7,-4.642191832558083e-7,-5.774929611987764e-7
t4085,-4.369607563252095e-7,-4.38886284497991e-7,-4.656207690497839e-7,-5.758401460904705e-7
t4086,-4.3028610291281524e-7,-4.299033506784308e-7,-4.5944323369651706e-7,-5.697244524615863e-7
t4087,-3.522074627480415e-7,-3.2868419369665227e-7,-3.882452776537915e-7,-5.139628462278149e-7
t4088,-2.121996883251499e-7,-1.4519224782050614e-7,-2.6613912750299366e-7,-4.272963670948991e-7
t4089,-1.540518564224058e-7,-5.653472006807099e-8,-2.1624296146338923e-7,-3.926697764707941e-7
t4090,-1.3554193273625872e-7,-2.7134136467200517e-8,-1.9888608967403065e-7,-3.802403539669198e-7
t4091,-1.1427322833909553e-7,-1.5593803141749472e-8,-1.7187087722054689e-7,-3.376123963382247e-7
t4092,-9.896477585081355e-8,-1.0048458121671774e-8,-1.502123932611657e-7,-2.960119347284176e-7
t4093,-9.283892682239572e-8,-8.405649050949538e-9,-1.4226546117872106e-7,-2.8491016067392723e-7
t4094,-9.276235324523016e-8,-9.339855586216678e-9,-1.4393575088374372e-7,-2.9081394879666384e-7
t4095,-9.742134095918789e-8,-1.410381304925569e-8,-1.4915396174946066e-7,-2.999625654673219e-7
t4096,-1.1198525945249214e-7,-2.8904109985293484e-8,-1.646659339796e-7,-3.178264042903592e-7
t4097,-1.398355606462551e-7,-6.54014555566286e-8,-1.9158287678426405e-7,-3.4511405539174643e-7
t4098,-2.256767381001116e-7,-1.82841318973636e-7,-2.6726576190075947e-7,-4.0841772002608034e-7
t4099,-5.28798419460632e-7,-5.750116330626721e-7,-5.462388467430391e-7,-6.39366530994533e-7
t4100,-7.923669376646073e-7,-9.248472604390254e-7,-7.927003571960196e-7,-8.589385299142954e-7
t4101,-9.212273688646135e-7,-1.0889961975459523e-6,-9.147179371274108e-7,-9.72034395468034e-7
t4102,-1.0030117408498576e-6,-1.1865905964304647e-6,-9.94184434653324e-7,-1.0501560787325343e-6
t4103,-1.0323015395316443e-6,-1.2268162677037652e-6,-1.0203437823490015e-6,-1.0723787777022368e-6
t4104,-1.035622876907343e-6,-1.2321364861340604e-6,-1.0227837631786728e-6,-1.0728854232592493e-6
t4105,-9.790879662495692e-7,-1.1564030357656968e-6,-9.70416280179695e-7,-1.0258281756896343e-6
t4106,-8.853319592010469e-7,-1.030964427249421e-6,-8.836020650015942e-7,-9.488099867423132e-7
t4107,-8.010210642277573e-7,-9.179813140395087e-7,-8.053191475461802e-7,-8.773488273995466e-7
t4108,-7.216073999804758e-7,-8.13703376826167e-7,-7.30641737463479e-7,-8.086423702806821e-7
t4109,-6.24227309400407e-7,-6.860567225404825e-7,-6.396256569672319e-7,-7.260040321434407e-7
t4110,-5.766242853001716e-7,-6.237873882427446e-7,-5.949711998363064e-7,-6.864280067676752e-7
t4111,-4.1653566112131146e-7,-4.159660956198228e-7,-4.468456934096344e-7,-5.615587006742124e-7
t4112,-2.057495640628265e-7,-1.4324895371797218e-7,-2.5893734793781336e-7,-4.1628949938288093e-7
t4113,-1.4134203997745157e-7,-4.6609473418380866e-8,-2.0346395518698898e-7,-3.7280461329985634e-7
t4114,-1.2127126974016372e-7,-2.0113352444025222e-8,-1.8199527940107178e-7,-3.567073013024047e-7
t4115,-1.0440248638632584e-7,-1.2116835781851342e-8,-1.5880806178218004e-7,-3.097844063475311e-7
t4116,-9.327941211433613e-8,-8.518820960605744e-9,-1.4353880085488641e-7,-2.827324437791089e-7
t4117,-8.926405936709904e-8,-7.757056489399102e-9,-1.3925457500349783e-7,-2.7806898670882277e-7
t4118,-9.086869723170313e-8,-9.175242742496228e-9,-1.4242298536780963e-7,-2.8946488999378e-7
t4119,-9.729447731526124e-8,-1.591531772665129e-8,-1.4907523796608845e-7,-3.001791689010414e-7
t4120,-1.1105107359323037e-7,-3.302325748231377e-8,-1.6294201534293741e-7,-3.1498487634753697e-7
t4121,-1.4303965527894162e-7,-7.79969528433838e-8,-1.9256857996451627e-7,-3.4348886653726885e-7
t4122,-2.4899231003631317e-7,-2.1797885645768655e-7,-2.86375682297325e-7,-4.20920202930134e-7
t4123,-5.65230082292121e-7,-6.267437688325866e-7,-5.798749728876164e-7,-6.694663719453019e-7
t4124,-7.741204514177898e-7,-9.030972073986343e-7,-7.752898969108521e-7,-8.441448227850851e-7
t4125,-7.485938720544061e-7,-8.61452471003943e-7,-7.530946016353663e-7,-8.293200094586876e-7
t4126,-6.739266979589225e-7,-7.529105851524403e-7,-6.856684509228403e-7,-7.752773931397114e-7
t4127,-5.879574069891879e-7,-6.400504964241616e-7,-6.04785303161896e-7,-7.017115444008906e-7
t4128,-5.51763130329989e-7,-5.927448567995221e-7,-5.710717155783513e-7,-6.714333748701108e-7
t4129,-5.261407446029081e-7,-5.563843496618331e-7,-5.479799576664706e-7,-6.541115721245673e-7
t4130,-5.18963367896933e-7,-5.454333759817323e-7,-5.422019556817091e-7,-6.484218086372485e-7
t4131,-5.100843273767662e-7,-5.32049411280387e-7,-5.344569373844047e-7,-6.412550708492711e-7
t4132,-4.915832218557037e-7,-5.087899845129904e-7,-5.168233974148297e-7,-6.242440846330799e-7
t4133,-4.740944217115425e-7,-4.816572979052816e-7,-5.023715251656181e-7,-6.158806242302418e-7
t4134,-4.532458909840262e-7,-4.5469214008201644e-7,-4.830433603554485e-7,-6.0085852935356e-7
t4135,-3.2731666006874827e-7,-2.9190635031824904e-7,-3.6881160821990086e-7,-5.099488528050929e-7
t4136,-1.7672016479683023e-7,-8.734621366055015e-8,-2.3802408666664736e-7,-4.108681348267312e-7
t4137,-1.3585422449051385e-7,-2.824513082009238e-8,-1.9974990633597827e-7,-3.7959513998992463e-7
t4138,-1.1014439979685755e-7,-1.3024702765661693e-8,-1.6315823540350375e-7,-3.1492158728116745e-7
t4139,-1.0182156298211188e-7,-9.453529903061742e-9,-1.5128392348593823e-7,-2.895315155188758e-7
t4140,-9.323867687340963e-8,-7.396868562371095e-9,-1.4075790894282716e-7,-2.7106918135616475e-7
t4141,-8.841459739524059e-8,-7.111990351484318e-9,-1.349857264984878e-7,-2.616583688282288e-7
t4142,-8.881457186411522e-8,-8.190235944304538e-9,-1.3723261308157382e-7,-2.7129647849404873e-7
t4143,-9.735098966684264e-8,-1.2239344619146742e-8,-1.4940074331004322e-7,-2.985084643563271e-7
t4144,-1.1290021230414853e-7,-2.5354679594607148e-8,-1.665782574125044e-7,-3.2429877377829427e-7
t4145,-1.4504415107508283e-7,-6.835620853041913e-8,-1.977058571067772e-7,-3.5666902456736425e-7
t4146,-2.6232400687333444e-7,-2.2557230097291277e-7,-3.0181994067149864e-7,-4.452248477157681e-7
t4147,-6.650733060256973e-7,-7.488120079176362e-7,-6.758433016143279e-7,-7.594356605983833e-7
t4148,-8.999189523001329e-7,-1.0595746224021884e-6,-8.957497912426711e-7,-9.565319176802063e-7
t4149,-9.524284940752334e-7,-1.1243508063109988e-6,-9.4629318265028e-7,-1.0054362205912117e-6
t4150,-9.346553147811333e-7,-1.0903451550168102e-6,-9.325204867700081e-7,-9.98924497281247e-7
t4151,-8.985735375088091e-7,-1.0441335197396915e-6,-8.978941198943758e-7,-9.636780576303633e-7
t4152,-9.135167938546895e-7,-1.064989640523832e-6,-9.111470127149921e-7,-9.722341761798404e-7
t4153,-9.871947422204012e-7,-1.1604812044365156e-6,-9.80716470702132e-7,-1.0362524268536404e-6
t4154,-1.034617787640829e-6,-1.2229998824978878e-6,-1.0247493158153755e-6,-1.0757212467647843e-6
t4155,-1.0072634615605103e-6,-1.186361945569039e-6,-9.992320943170593e-7,-1.0514014930457118e-6
t4156,-9.067216132278406e-7,-1.054149619757488e-6,-9.051766503879081e-7,-9.65834379576246e-7
t4157,-7.750971033481295e-7,-8.805307855512617e-7,-7.821147499010736e-7,-8.55159970536101e-7
t4158,-6.469446733017526e-7,-7.13469470960165e-7,-6.618783059194747e-7,-7.485008385692433e-7
t4159,-4.078985074381833e-7,-4.0251577686303987e-7,-4.3992295157263106e-7,-5.599928457724737e-7
t4160,-2.024210566773546e-7,-1.3524638711582275e-7,-2.5738281465155927e-7,-4.184391557157261e-7
t4161,-1.480184272665313e-7,-5.158684804225445e-8,-2.1080221416028017e-7,-3.841112595491778e-7
t4162,-1.3028511092084364e-7,-2.4359638895151835e-8,-1.9301290462917145e-7,-3.7100994578788834e-7
t4163,-1.1311604452228313e-7,-1.5390626312224357e-8,-1.6988620656413596e-7,-3.304334972410711e-7
t4164,-1.064630224066668e-7,-1.4067064619320196e-8,-1.6116031295339605e-7,-3.1827290154895516e-7
t4165,-1.0389200776770064e-7,-1.537869400509889e-8,-1.581836175888021e-7,-3.143080757348284e-7
t4166,-1.0507295813738199e-7,-2.0328649054833247e-8,-1.59703552311124e-7,-3.1257282066290547e-7
t4167,-1.1501611009990162e-7,-3.764917819224792e-8,-1.6868516708930433e-7,-3.201972853002867e-7
t4168,-1.429402648335128e-7,-7.905844719556905e-8,-1.9483958097130438e-7,-3.45247845649056e-7
t4169,-2.230516010126424e-7,-1.8522620452249542e-7,-2.646841493571777e-7,-4.0502381040288986e-7
t4170,-3.936522207117008e-7,-4.027980858524026e-7,-4.200118140624966e-7,-5.317615696161511e-7
t4171,-7.429478827186053e-7,-8.655266081157916e-7,-7.458951961237078e-7,-8.168416308544654e-7
t4172,-8.66623914887783e-7,-1.0281489534756784e-6,-8.612236553326263e-7,-9.205881060443618e-7
t4173,-8.548101421953183e-7,-1.0026168545332791e-6,-8.524497948262132e-7,-9.176946062466386e-7
t4174,-8.674565662272977e-7,-1.008208805982008e-6,-8.673582228964536e-7,-9.37741012702542e-7
t4175,-9.262384110376649e-7,-1.0858805746494357e-6,-9.221257276597219e-7,-9.856681816530948e-7
t4176,-1.0179238421122148e-6,-1.2080057674353614e-6,-1.0068082737089324e-6,-1.0589933302923838e-6
t4177,-1.1112328995344544e-6,-1.3290876282500947e-6,-1.0939781920830636e-6,-1.1375552056844775e-6
t4178,-1.1723582306156025e-6,-1.4082511566085968e-6,-1.150971111749128e-6,-1.1871879317322674e-6
t4179,-1.1970945151539153e-6,-1.4370841679594355e-6,-1.1751125735011013e-6,-1.2103287832519934e-6
t4180,-1.251151231722001e-6,-1.5081600731239225e-6,-1.2249741777152915e-6,-1.254591486280659e-6
t4181,-1.2948728634325255e-6,-1.5651904607527232e-6,-1.2654568366624597e-6,-1.2913228955179468e-6
t4182,-1.3544570068943645e-6,-1.6424789271009022e-6,-1.3204342334915737e-6,-1.340485879320442e-6
t4183,-1.014962480514043e-6,-1.1983069173302868e-6,-1.0070097668980801e-6,-1.0609303211447044e-6
t4184,-4.7579716405214885e-7,-4.829666504201308e-7,-5.061794000477752e-7,-6.238841947088771e-7
t4185,-2.6149292373123694e-7,-2.047853998307901e-7,-3.1318459899313915e-7,-4.7123483701144536e-7
t4186,-1.9051403464610596e-7,-9.640921385719474e-8,-2.553038035289737e-7,-4.3667725314270907e-7
t4187,-1.675906911756722e-7,-6.076645485935513e-8,-2.3456902166411103e-7,-4.196137059017514e-7
t4188,-1.546626311000486e-7,-4.8357070467958304e-8,-2.2093903018689257e-7,-4.060794475869255e-7
t4189,-1.4853075088769274e-7,-4.74001013657441e-8,-2.1299524099959733e-7,-3.928253853845467e-7
t4190,-1.5131141547626169e-7,-5.989174960182769e-8,-2.1397192093896004e-7,-3.8636212101068134e-7
t4191,-1.6556477978867363e-7,-8.533346636014394e-8,-2.253891447898807e-7,-3.909421027741824e-7
t4192,-2.0616461066922248e-7,-1.4673116205215849e-7,-2.598731318158365e-7,-4.1382764147360806e-7
t4193,-3.059932234635194e-7,-2.755097846998353e-7,-3.47432972489e-7,-4.860046853180052e-7
t4194,-5.474497201033309e-7,-5.836063049275852e-7,-5.707735049735884e-7,-6.744441131830559e-7
t4195,-1.06674952154645e-6,-1.2682465130914917e-6,-1.0548415270928916e-6,-1.1082137828340971e-6
t4196,-1.2797962577651582e-6,-1.5460427892352204e-6,-1.2511352420758701e-6,-1.2855331824141274e-6
t4197,-1.2990350918682565e-6,-1.5671140012632505e-6,-1.2705516598746895e-6,-1.3071632246219341e-6
t4198,-1.296536014106643e-6,-1.5594322756645894e-6,-1.269929866533506e-6,-1.309895912280101e-6
t4199,-1.2693666491198038e-6,-1.528931489154355e-6,-1.2415307025992412e-6,-1.2787631085258562e-6
t4200,-1.2658927903149196e-6,-1.5273000195926035e-6,-1.236639775221875e-6,-1.2713005684979808e-6
t4201,-1.3576445072013422e-6,-1.6469094796356536e-6,-1.320708055850517e-6,-1.3460442522536723e-6
t4202,-1.4815857029198618e-6,-1.8054850669857854e-6,-1.4340783277374834e-6,-1.447235108627185e-6
t4203,-1.5207853380138698e-6,-1.853348644558347e-6,-1.4715182525326342e-6,-1.4812177484903716e-6
t4204,-1.4648381452556355e-6,-1.7818361274549216e-6,-1.4200569131696946e-6,-1.4332239420003618e-6
t4205,-1.3583521008252844e-6,-1.644027470288607e-6,-1.3223177781654812e-6,-1.344838683499568e-6
t4206,-1.2208046561403775e-6,-1.4646641650988357e-6,-1.196241015805028e-6,-1.2314119179637262e-6
t4207,-8.131294051120413e-7,-9.272614880986574e-7,-8.204535911220587e-7,-8.97025039632196e-7
t4208,-3.733563220586129e-7,-3.5330146200534984e-7,-4.133446466903898e-7,-5.495695717143654e-7
t4209,-2.108466722151674e-7,-1.4061153662838788e-7,-2.7176763070217553e-7,-4.3838812837383464e-7
t4210,-1.653976463809566e-7,-6.224088360097358e-8,-2.346112692162773e-7,-4.211750148943218e-7
t4211,-1.4221777577139837e-7,-3.25132635185078e-8,-2.1241831526189792e-7,-4.0108667438609006e-7
t4212,-1.2288398597539534e-7,-1.991196532909269e-8,-1.8890943375270473e-7,-3.6292538299611457e-7
t4213,-1.1147445301464758e-7,-1.4530221117295651e-8,-1.7252341216744865e-7,-3.3424601698503496e-7
t4214,-1.0993942791706443e-7,-1.3754325094439687e-8,-1.7060288884905283e-7,-3.29189944679157e-7
t4215,-1.1751215794585051e-7,-1.7266672780932153e-8,-1.8166362698492544e-7,-3.547563794929907e-7
t4216,-1.3173364517132611e-7,-2.749026630652328e-8,-1.9920833647676903e-7,-3.812101243012908e-7
t4217,-1.5074892654601178e-7,-5.504287174776234e-8,-2.1698523394824516e-7,-3.9621457665582013e-7
t4218,-2.0611829879345313e-7,-1.342377040862511e-7,-2.668925647675928e-7,-4.3945134421738406e-7
t4219,-3.761044570720818e-7,-3.533136388090224e-7,-4.175149021850194e-7,-5.593902293252497e-7
t4220,-4.95817611824326e-7,-5.044307889847005e-7,-5.269662248829942e-7,-6.48820990998938e-7
t4221,-5.246727090777399e-7,-5.386563649632727e-7,-5.551562483133513e-7,-6.741938860838431e-7
t4222,-5.465149713972098e-7,-5.666593224280748e-7,-5.753411993214052e-7,-6.913488430214523e-7
t4223,-5.447150529233048e-7,-5.723491903298999e-7,-5.710634208670669e-7,-6.803191939974914e-7
t4224,-5.385114196498716e-7,-5.660097611077056e-7,-5.640066760449856e-7,-6.718648096752149e-7
t4225,-5.295497181584011e-7,-5.548232744894825e-7,-5.556426966721576e-7,-6.650479779097871e-7
t4226,-5.11459551874128e-7,-5.310778645969209e-7,-5.394283762174561e-7,-6.530217585165071e-7
t4227,-4.941563584052929e-7,-5.086908954608171e-7,-5.237084800199162e-7,-6.396533266309548e-7
t4228,-4.7385441031571785e-7,-4.853655730404035e-7,-5.036910880328202e-7,-6.185652300815726e-7
t4229,-4.410280979868363e-7,-4.4763753462539175e-7,-4.7148167826533014e-7,-5.846612526429955e-7
t4230,-4.076624655035732e-7,-4.072132372739512e-7,-4.3995490143353143e-7,-5.558163263193504e-7
t4231,-3.090551450155947e-7,-2.8101061277068023e-7,-3.5092059919588407e-7,-4.841613537935081e-7
t4232,-1.810341400590138e-7,-1.1155450908293219e-7,-2.408137298854832e-7,-4.0133554608693974e-7
t4233,-1.3510064933379044e-7,-4.000019067928595e-8,-1.9991592600011826e-7,-3.701078194848656e-7
t4234,-1.1276583199057187e-7,-1.4945905828213407e-8,-1.7557812171108416e-7,-3.430080418927757e-7
t4235,-9.256638785970751e-8,-6.573079386524523e-9,-1.4540251539126957e-7,-2.828395213373356e-7
t4236,-8.090535323474591e-8,-2.6900184491810094e-9,-1.2902560984457855e-7,-2.527663402510386e-7
t4237,-7.416227912465468e-8,-8.860867173365602e-10,-1.2012488324525185e-7,-2.396445233366155e-7
t4238,-7.401116090100394e-8,-9.962569590277234e-10,-1.2010181271536036e-7,-2.436326481721376e-7
t4239,-7.950678347525132e-8,-3.2613711107549856e-9,-1.2840042024089183e-7,-2.6387807137727276e-7
t4240,-9.062975535153124e-8,-9.938459161308162e-9,-1.4195608802747426e-7,-2.8594533974370146e-7
t4241,-1.0697816039137599e-7,-2.5960161474948857e-8,-1.5939419189777272e-7,-3.067013398633356e-7
t4242,-1.377173202999107e-7,-6.92607843474199e-8,-1.88347166635988e-7,-3.340983427229687e-7
t4243,-2.2919922400864472e-7,-1.9046279231178927e-7,-2.682776733748089e-7,-3.972648128367118e-7
t4244,-3.1546921025388367e-7,-2.9867733881370956e-7,-3.467571638962196e-7,-4.613108830840391e-7
t4245,-3.4595150912023317e-7,-3.327178370084495e-7,-3.762162444080017e-7,-4.91449989211246e-7
t4246,-3.5631052334671995e-7,-3.384203107994859e-7,-3.889454918961347e-7,-5.125160608959539e-7
t4247,-3.5065905868892034e-7,-3.309846511802058e-7,-3.84065227374212e-7,-5.104198101184736e-7
t4248,-3.3801513997668177e-7,-3.1751980257875466e-7,-3.7218448139433147e-7,-4.965023390260418e-7
t4249,-3.3109114656096314e-7,-3.0909873752660187e-7,-3.660827730718864e-7,-4.917292455022188e-7
t4250,-3.20776494975029e-7,-2.9571807821712193e-7,-3.5730612795087405e-7,-4.863544024716935e-7
t4251,-3.206670752746576e-7,-2.9485543885037026e-7,-3.5789628843754565e-7,-4.877818643573171e-7
t4252,-3.1460800638575966e-7,-2.889733866929073e-7,-3.5163161944225774e-7,-4.800403664928087e-7
t4253,-2.9963827197207023e-7,-2.748246113864571e-7,-3.3579617138364394e-7,-4.5801150880114417e-7
t4254,-2.8059596578002304e-7,-2.508429134318543e-7,-3.182795421581498e-7,-4.434688252386957e-7
t4255,-2.1926945862621625e-7,-1.7254678974243292e-7,-2.647605083088842e-7,-4.006652968439961e-7
t4256,-1.3544256567252035e-7,-5.315897075507704e-8,-1.9378283822467721e-7,-3.481638118203832e-7
t4257,-1.0825037470448778e-7,-1.6277667587019473e-8,-1.6741207954296918e-7,-3.2645035341923824e-7
t4258,-8.859967187730872e-8,-5.553172059278355e-9,-1.3867731457734067e-7,-2.7259517848236983e-7
t4259,-8.0694651789886e-8,-2.4256817136586403e-9,-1.2720784437950845e-7,-2.496065644340132e-7
t4260,-7.404435419035862e-8,-4.88860343259126e-10,-1.1823369540408443e-7,-2.3247577838656237e-7
t4261,-6.89408463369508e-8,7.127262671576425e-10,-1.1166124094831304e-7,-2.2333984889059375e-7
t4262,-6.910304401975864e-8,3.946838707466729e-10,-1.129593271848955e-7,-2.3037744768178357e-7
t4263,-7.78921300968273e-8,-2.8208382791539863e-9,-1.262495554258072e-7,-2.6103196942226244e-7
t4264,-8.935736765858203e-8,-9.995930514782083e-9,-1.403296604608126e-7,-2.8423791095780527e-7
t4265,-1.0656052496286191e-7,-2.7073277474152903e-8,-1.5815353728237618e-7,-3.0438452328550667e-7
t4266,-1.3602750698589515e-7,-6.749628545148673e-8,-1.8596991091830824e-7,-3.2965639924906497e-7
t4267,-2.1637297030806278e-7,-1.7529381571498832e-7,-2.557917019001172e-7,-3.839011501231426e-7
t4268,-2.7089325665858026e-7,-2.4379207403187395e-7,-3.041490831248778e-7,-4.24645920020425e-7
t4269,-2.8524291986309627e-7,-2.576359792280951e-7,-3.1899066782609536e-7,-4.412017306368349e-7
t4270,-2.878697002491446e-7,-2.56425285500707e-7,-3.238006966570224e-7,-4.5354172338635325e-7
t4271,-2.933686708723542e-7,-2.650031849421623e-7,-3.28923986281149e-7,-4.5447382093231107e-7
t4272,-2.9965447335256453e-7,-2.701059980060799e-7,-3.365610619121414e-7,-4.648201867393813e-7
t4273,-3.067804007073388e-7,-2.7848989868864943e-7,-3.4392092842126935e-7,-4.713304493104003e-7
t4274,-3.11878462833754e-7,-2.8378341657892084e-7,-3.4907386103230707e-7,-4.780897793668288e-7
t4275,-3.1865965120447145e-7,-2.918892295331135e-7,-3.5615198631501227e-7,-4.844504891927454e-7
t4276,-3.134936172597149e-7,-2.8676371101358844e-7,-3.513605198311229e-7,-4.772820835691553e-7
t4277,-3.030453211871115e-7,-2.7523681377871117e-7,-3.403925950800277e-7,-4.664798999412976e-7
t4278,-2.9059051321642117e-7,-2.605014216209046e-7,-3.2917190537917764e-7,-4.559935802672002e-7
t4279,-2.207050851319071e-7,-1.7127972692893806e-7,-2.672633418426824e-7,-4.079694944266084e-7
t4280,-1.3515416648780483e-7,-5.033114990062277e-8,-1.9459072202313914e-7,-3.5119433632854446e-7
t4281,-1.0894475341989536e-7,-1.565198525140563e-8,-1.6838072354967357e-7,-3.3000360589462367e-7
t4282,-9.005371476427959e-8,-5.5971144410370966e-9,-1.402219060239346e-7,-2.7310392417885347e-7
t4283,-8.388815716022194e-8,-3.0225484141568314e-9,-1.3064243465640874e-7,-2.5452601497430905e-7
t4284,-7.743053851163115e-8,-1.1290415872371703e-9,-1.2188780414063962e-7,-2.402338938615144e-7
t4285,-7.095889153932599e-8,3.350624863587881e-10,-1.1371676125149348e-7,-2.257719134985388e-7
t4286,-7.053786370362795e-8,-1.214493793915636e-11,-1.1387094102645474e-7,-2.3063714910226868e-7
t4287,-7.807347345506884e-8,-2.766241441222694e-9,-1.2575768062170777e-7,-2.585464505113234e-7
t4288,-9.034440358308816e-8,-1.0176291050407236e-8,-1.40811211575553e-7,-2.834389112451404e-7
t4289,-1.0900713746494144e-7,-2.8670568591311944e-8,-1.6078349247199924e-7,-3.07059217950018e-7
t4290,-1.4505765274249276e-7,-7.996660196442116e-8,-1.9414509852931084e-7,-3.364587902145357e-7
t4291,-2.4649729204307683e-7,-2.1282867185628229e-7,-2.8303942052063265e-7,-4.086508222332121e-7
t4292,-3.1333363738022507e-7,-2.9693953367761785e-7,-3.437114622476443e-7,-4.5979078884312613e-7
t4293,-3.2811204099982793e-7,-3.098480010515991e-7,-3.5987308408874033e-7,-4.795474441237678e-7
t4294,-3.3637695210764265e-7,-3.13426158913081e-7,-3.7024367292167835e-7,-4.968267908844978e-7
t4295,-3.318915616100181e-7,-3.0811558848303024e-7,-3.662471411958823e-7,-4.932496543313958e-7
t4296,-3.353356057686599e-7,-3.133485300835847e-7,-3.693341609768689e-7,-4.937259588114066e-7
t4297,-3.533144133873972e-7,-3.333927863428707e-7,-3.871518934430654e-7,-5.114103319952561e-7
t4298,-3.8549398569793413e-7,-3.7441656060404297e-7,-4.170884596129285e-7,-5.37897931136111e-7
t4299,-3.961805621958847e-7,-3.8851387038564154e-7,-4.2745247474779966e-7,-5.469134916778879e-7
t4300,-4.0068728303060363e-7,-3.9693947469302336e-7,-4.3107719995495407e-7,-5.476459901390172e-7
t4301,-4.0517671052379205e-7,-4.023102088369566e-7,-4.3532403650321135e-7,-5.486263609821597e-7
t4302,-3.9105114926311764e-7,-3.8071213148512735e-7,-4.2369179868825875e-7,-5.458384747765561e-7
t4303,-3.031371037075174e-7,-2.648987698577636e-7,-3.4586132297231286e-7,-4.8765024214931e-7
t4304,-1.8014090518936933e-7,-9.691466661357051e-8,-2.395330157579563e-7,-4.0779970590108813e-7
t4305,-1.3704688685969128e-7,-3.184198561127477e-8,-1.999585345705504e-7,-3.7758851965466717e-7
t4306,-1.1316705238529336e-7,-1.3372601891334035e-8,-1.702086549102965e-7,-3.328851250021587e-7
t4307,-9.736683030890703e-8,-7.436096703447226e-9,-1.4671747319085164e-7,-2.852945538098972e-7
t4308,-8.812275566916474e-8,-4.69903529487769e-9,-1.3482853674111455e-7,-2.6490485920904767e-7
t4309,-8.215129521132289e-8,-3.2282404300828625e-9,-1.2716612092593825e-7,-2.5027839259325884e-7
t4310,-8.174915813694772e-8,-3.861923094544992e-9,-1.275518429179526e-7,-2.5456961040381914e-7
t4311,-8.983040010252275e-8,-7.169662815017054e-9,-1.3929216540785729e-7,-2.820491631059134e-7
t4312,-1.037747625109981e-7,-1.6868003780722354e-8,-1.5646140662263418e-7,-3.0940863822447395e-7
t4313,-1.2559968090262826e-7,-4.419498768848963e-8,-1.7753681004198746e-7,-3.310446359934332e-7
t4314,-1.8242074879866663e-7,-1.2411644062641e-7,-2.2837825324658032e-7,-3.7468982547895804e-7
t4315,-3.6255850123310135e-7,-3.5735127040317573e-7,-3.906451280750037e-7,-5.045891889015923e-7
t4316,-5.028582122510517e-7,-5.384386430483754e-7,-5.212194878330432e-7,-6.161351344928876e-7
t4317,-5.211484016441834e-7,-5.583167166022247e-7,-5.399222865689356e-7,-6.359589222057709e-7
t4318,-5.521559806386518e-7,-5.935796491972576e-7,-5.705853010760967e-7,-6.668518479844112e-7
t4319,-5.515887088994191e-7,-5.96628883330087e-7,-5.691375887867983e-7,-6.625808296460134e-7
t4320,-5.316633357360577e-7,-5.762415146115385e-7,-5.489729667726514e-7,-6.39390046660828e-7
t4321,-5.3792184805742e-7,-5.868132086463448e-7,-5.545689650709135e-7,-6.41230366717197e-7
t4322,-5.23601557310823e-7,-5.696368244379751e-7,-5.409793933495996e-7,-6.282625298502284e-7
t4323,-4.991068803516092e-7,-5.362745724075911e-7,-5.185480788913622e-7,-6.096214695359373e-7
t4324,-4.734945253298554e-7,-4.988447775663598e-7,-4.955657079458371e-7,-5.923366741384306e-7
t4325,-4.49120741557357e-7,-4.6285873914219294e-7,-4.745073826904541e-7,-5.779612046375538e-7
t4326,-4.424480938634882e-7,-4.5051831102316715e-7,-4.6967247729712527e-7,-5.774843707084396e-7
t4327,-3.389611335637379e-7,-3.1424443768024055e-7,-3.767465802999567e-7,-5.068955233136277e-7
t4328,-1.8226852476203546e-7,-1.0506125353960088e-7,-2.4018315853862745e-7,-4.025202609606587e-7
t4329,-1.3641136481853083e-7,-3.6090180735887605e-8,-1.9854291257548012e-7,-3.713963569475984e-7
t4330,-1.1675628746902839e-7,-1.6978446152943966e-8,-1.7526709796212695e-7,-3.4062461855846265e-7
t4331,-1.0027920929345422e-7,-1.0580247919841393e-8,-1.514483970647091e-7,-2.9410998903591223e-7
t4332,-9.148748544403267e-8,-8.013803678336158e-9,-1.3962742538546274e-7,-2.7199433735834687e-7
t4333,-8.744335875198882e-8,-7.496995943583397e-9,-1.3468107205956834e-7,-2.654928427513957e-7
t4334,-9.082814558509927e-8,-8.803645106084507e-9,-1.406887756232425e-7,-2.8362355124813964e-7
t4335,-9.90909168643818e-8,-1.461087308246818e-8,-1.516784398951734e-7,-3.026925586655355e-7
t4336,-1.1361130030136331e-7,-3.1717937550320254e-8,-1.6639939968669448e-7,-3.1848957251633664e-7
t4337,-1.4190787524974195e-7,-7.49163527642879e-8,-1.9239304211185265e-7,-3.3980939036926315e-7
t4338,-2.4931954118110537e-7,-2.0897901045085694e-7,-2.901218544772682e-7,-4.3086358280740356e-7
t4339,-5.418867357585401e-7,-5.977436342830472e-7,-5.577702561887835e-7,-6.456781954379799e-7
t4340,-7.255640242676643e-7,-8.421632839076101e-7,-7.289518460221444e-7,-7.992070780580596e-7
t4341,-7.594957148262605e-7,-8.801472209776169e-7,-7.623086144000131e-7,-8.324242603668717e-7
t4342,-7.474035064516995e-7,-8.544980619789331e-7,-7.533332533536046e-7,-8.297448761068821e-7
t4343,-7.509949526611093e-7,-8.620136096530409e-7,-7.558312655427916e-7,-8.28879047190265e-7
t4344,-8.28653119491026e-7,-9.711142622051115e-7,-8.264920080617708e-7,-8.873948016049902e-7
t4345,-9.278660788243345e-7,-1.1047832331163756e-6,-9.179043468936889e-7,-9.679260973533832e-7
t4346,-9.926594151196352e-7,-1.192015538457478e-6,-9.772223932046929e-7,-1.0203253837308472e-6
t4347,-1.0614709913701327e-6,-1.2812097648658265e-6,-1.0412104895839376e-6,-1.0779835138085301e-6
t4348,-1.123138794931437e-6,-1.3599634319901435e-6,-1.0986947459384016e-6,-1.1302849557600265e-6
t4349,-1.1986173929557664e-6,-1.4581713708482715e-6,-1.168013194232434e-6,-1.1922540016798165e-6
t4350,-1.2780010036698693e-6,-1.5527534916235644e-6,-1.2446937988932141e-6,-1.2664974588863653e-6
t4351,-8.386947801537722e-7,-9.673737145716894e-7,-8.420272229525734e-7,-9.137252632445665e-7
t4352,-3.0762125034646324e-7,-2.698611497682081e-7,-3.5201227490342377e-7,-4.996042171933786e-7
t4353,-1.7627695907658495e-7,-9.038152302477767e-8,-2.3758498172486764e-7,-4.087694496536093e-7
t4354,-1.4433162196046093e-7,-4.2965874162864764e-8,-2.0716602939957484e-7,-3.8416107326924255e-7
t4355,-1.2230247526495138e-7,-2.7282680470622978e-8,-1.820157029683188e-7,-3.4716523919482583e-7
t4356,-1.1053682109857443e-7,-2.0792493372005025e-8,-1.670450483367973e-7,-3.202160951938083e-7
t4357,-1.0119924594211857e-7,-1.5123153424448698e-8,-1.5640566445043285e-7,-3.0748524756280254e-7
t4358,-9.95833748908366e-8,-1.4673327845385538e-8,-1.5522628376141008e-7,-3.075434711180535e-7
t4359,-1.0594617327695303e-7,-2.2693962556719087e-8,-1.616938836133415e-7,-3.1430662807906545e-7
t4360,-1.1687928140570845e-7,-3.834254551558115e-8,-1.7237991589503726e-7,-3.2376892374102847e-7
t4361,-1.5481518662141703e-7,-9.244761769619384e-8,-2.070224962175763e-7,-3.536810619012314e-7
t4362,-2.764910129517777e-7,-2.5360763247876117e-7,-3.1319891510399204e-7,-4.4050144309046037e-7
t4363,-7.39159920885285e-7,-8.688806743341669e-7,-7.407311210629669e-7,-8.060285004605001e-7
t4364,-1.0135468730887572e-6,-1.2338352057935672e-6,-9.940171850428335e-7,-1.0342418271739352e-6
t4365,-1.0633556994335155e-6,-1.2913395698547074e-6,-1.0415224461979317e-6,-1.0808388124258321e-6
t4366,-1.085784205183655e-6,-1.318056716907084e-6,-1.0638708060672943e-6,-1.1052271167116874e-6
t4367,-8.710669747709476e-7,-1.044071183796674e-6,-8.615543035295252e-7,-9.144926109793773e-7
t4368,-8.580865315169019e-7,-1.0286665805908687e-6,-8.488396139454808e-7,-9.010278648506936e-7
t4369,-9.684788548405013e-7,-1.1711841265901185e-6,-9.510965650815704e-7,-9.934422762715837e-7
t4370,-1.0218853188265e-6,-1.2397018627610338e-6,-1.0004504841525713e-6,-1.0382881635237537e-6
t4371,-1.0752245568501958e-6,-1.3059303377828953e-6,-1.050569256326082e-6,-1.0846329638167498e-6
t4372,-1.0982025605079459e-6,-1.3310394205902777e-6,-1.0744577547300116e-6,-1.1101055596681825e-6
t4373,-1.056085926141406e-6,-1.2657182561103226e-6,-1.0387930291525675e-6,-1.0828901715982393e-6
t4374,-9.649439080409633e-7,-1.1357236348009554e-6,-9.578728612907713e-7,-1.0165027447318887e-6
t4375,-5.706189205161084e-7,-6.109740300039943e-7,-5.928056775193416e-7,-6.98839838442801e-7
t4376,-2.296518315094754e-7,-1.6706690896714845e-7,-2.8569154040615313e-7,-4.508647166519663e-7
t4377,-1.5326384249188931e-7,-5.590587977837347e-8,-2.1620966102113002e-7,-3.934265866062114e-7
t4378,-1.2825492052617738e-7,-2.4889122267233397e-8,-1.8975855554868706e-7,-3.6697090878114333e-7
t4379,-1.0722273310434339e-7,-1.3775396412485658e-8,-1.610690775872964e-7,-3.108533850094427e-7
t4380,-9.76340632936883e-8,-9.69553715173193e-9,-1.4900157251464982e-7,-2.8800737557777314e-7
t4381,-9.221260637597109e-8,-8.275994505473807e-9,-1.4317373186435735e-7,-2.7723796598181753e-7
t4382,-9.331902079048735e-8,-9.323577426429733e-9,-1.4545685253945458e-7,-2.8653114685136117e-7
t4383,-1.0326758607384349e-7,-1.4266426040734637e-8,-1.5997308750110146e-7,-3.167654921180767e-7
t4384,-1.1613343711088508e-7,-2.5522808747415786e-8,-1.7436544732097704e-7,-3.361322601578422e-7
t4385,-1.3807692118009702e-7,-5.533350691291242e-8,-1.9572361726333775e-7,-3.5750050879841263e-7
t4386,-2.015479354664023e-7,-1.445872000884675e-7,-2.520381639774033e-7,-4.0556638156585327e-7
t4387,-3.8246887804269715e-7,-3.7454079685094803e-7,-4.154492184321904e-7,-5.389403537616918e-7
t4388,-4.6769010415530014e-7,-4.838576022242432e-7,-4.939609393759534e-7,-6.046380015311018e-7
t4389,-4.571970862048355e-7,-4.692061465688671e-7,-4.843823035170121e-7,-5.955942910130989e-7
t4390,-4.3506985469929965e-7,-4.393080811619474e-7,-4.6370770020724735e-7,-5.809075023054757e-7
t4391,-4.051879900967357e-7,-4.1209035419520985e-7,-4.324714506975682e-7,-5.408329819913703e-7
t4392,-3.9019728129787186e-7,-3.9512098196816477e-7,-4.1762548754249e-7,-5.248956684355346e-7
t4393,-3.887593612481338e-7,-3.9200127434467044e-7,-4.1713057251015194e-7,-5.247752127933971e-7
t4394,-3.944265930872246e-7,-3.9823309958123936e-7,-4.2241647630018114e-7,-5.300247937640028e-7
t4395,-3.9873758643076794e-7,-4.0245876393957027e-7,-4.272214778627672e-7,-5.358495495377577e-7
t4396,-4.033358233692736e-7,-4.0571130986269367e-7,-4.323964858639751e-7,-5.432699728360134e-7
t4397,-3.957675971935687e-7,-3.9151879356407944e-7,-4.2722383657485726e-7,-5.443628418141341e-7
t4398,-3.789421587527317e-7,-3.6470756201516685e-7,-4.135641199492953e-7,-5.383601137219517e-7
t4399,-2.8734081208078266e-7,-2.4315528815221936e-7,-3.334510002950217e-7,-4.825799775987507e-7
t4400,-1.637494869914743e-7,-7.091945228623157e-8,-2.2792011785628037e-7,-3.995806421512949e-7
t4401,-1.258751731130851e-7,-2.1079039187495205e-8,-1.9106920697975097e-7,-3.667066905168248e-7
t4402,-1.0013412198131236e-7,-9.017181536008867e-9,-1.5333424897292363e-7,-2.935544516428381e-7
t4403,-9.501270620819433e-8,-6.6459618489221066e-9,-1.4664506537379185e-7,-2.777067086447112e-7
t4404,-9.17144647938594e-8,-5.2666469253138824e-9,-1.4178130045597125e-7,-2.699497956801117e-7
t4405,-8.667573665369757e-8,-3.771075065430099e-9,-1.3534323164266003e-7,-2.593110277678688e-7
t4406,-8.369449226460389e-8,-3.0654168790221047e-9,-1.315768062940832e-7,-2.530593055368486e-7
t4407,-8.441083575706526e-8,-3.6460501718395434e-9,-1.3222042858537665e-7,-2.5551728058908154e-7
t4408,-9.721196248844801e-8,-7.790524764646154e-9,-1.5212658999578865e-7,-3.009771971861699e-7
t4409,-1.212092308289155e-7,-2.1398372357099234e-8,-1.8291198817375436e-7,-3.5343461191625773e-7
t4410,-1.49700276644194e-7,-5.9035943367301304e-8,-2.1060904970196659e-7,-3.795306933277137e-7
t4411,-2.1163354595030267e-7,-1.468204401032492e-7,-2.6453665071716256e-7,-4.24747036037283e-7
t4412,-2.4360421154974367e-7,-1.8833332061152268e-7,-2.9250754690268996e-7,-4.4569902446187566e-7
t4413,-2.3824881892126539e-7,-1.7910498571366386e-7,-2.8855425385190656e-7,-4.4252485817357655e-7
t4414,-2.3322978107640907e-7,-1.7450811919605366e-7,-2.8372920633880915e-7,-4.3746422841620593e-7
t4415,-2.3067990250073418e-7,-1.8508369547843377e-7,-2.7562532829290503e-7,-4.1226599371784035e-7
t4416,-2.3522145119913388e-7,-1.966364161679386e-7,-2.7718897414354783e-7,-4.0537248024582117e-7
t4417,-2.4016924891420084e-7,-2.0497392029586106e-7,-2.810710290923912e-7,-4.085201531456596e-7
t4418,-2.4546441466587727e-7,-2.1219498544726746e-7,-2.8646372738048837e-7,-4.127160792623221e-7
t4419,-2.5357781314147486e-7,-2.2127433916289554e-7,-2.943252654630786e-7,-4.21369131217356e-7
t4420,-2.671553971230343e-7,-2.346060275929381e-7,-3.084205848913381e-7,-4.3800766031635963e-7
t4421,-2.732504071299671e-7,-2.3718527740546182e-7,-3.165305993755837e-7,-4.5130679319193284e-7
t4422,-2.791455381601554e-7,-2.400454655342969e-7,-3.2402273278053305e-7,-4.63402377664118e-7
t4423,-2.2535408042803057e-7,-1.6628615435513782e-7,-2.7901281085377124e-7,-4.3351498003827237e-7
t4424,-1.4964324714513227e-7,-5.247830218894997e-8,-2.1415384129513516e-7,-3.865076459119344e-7
t4425,-1.200800973883638e-7,-1.7410254117015418e-8,-1.8437011839472845e-7,-3.5643136226930776e-7
t4426,-9.620499360328636e-8,-6.7817519179630975e-9,-1.498480544422759e-7,-2.9301192344873957e-7
t4427,-8.672877331770864e-8,-3.6289775886261413e-9,-1.3581650129843437e-7,-2.6672968034786045e-7
t4428,-8.374871393927327e-8,-2.7908415955818786e-9,-1.3130355550364293e-7,-2.595162678118971e-7
t4429,-8.398736209403971e-8,-3.4434534758026063e-9,-1.3266834556386882e-7,-2.670799965409535e-7
t4430,-9.317519093040055e-8,-8.516806034834121e-9,-1.4450262165541489e-7,-2.9409027664130495e-7
t4431,-9.98997547039803e-8,-1.7103051555392202e-8,-1.5114098966895637e-7,-2.9886937885803887e-7
t4432,-1.1040283358597548e-7,-3.296349995826005e-8,-1.6109348495293018e-7,-3.0742219327174627e-7
t4433,-1.2664642819439544e-7,-5.6776521768796937e-8,-1.7567339934522745e-7,-3.184648169617165e-7
t4434,-1.6117361304210374e-7,-1.0473005314581125e-7,-2.0574091971933718e-7,-3.41490509188544e-7
t4435,-2.246574429153547e-7,-1.8688472828479584e-7,-2.612255819468131e-7,-3.833483999786339e-7
t4436,-2.5250535888931225e-7,-2.2156786956699903e-7,-2.864689854644847e-7,-4.0563445285518507e-7
t4437,-2.4697648047851125e-7,-2.1346167829603265e-7,-2.822807728861376e-7,-4.028346418112763e-7
t4438,-2.452598355305343e-7,-2.0806183431577365e-7,-2.8259755457032933e-7,-4.0854029177565896e-7
t4439,-2.3592936237126535e-7,-2.0374357865543296e-7,-2.720006584210124e-7,-3.9075204971754966e-7
t4440,-2.3486727320896696e-7,-2.0561045908265935e-7,-2.703285171100828e-7,-3.8693251222722526e-7
t4441,-2.331558400509722e-7,-2.0330459882846215e-7,-2.6957503959003247e-7,-3.8774859941331297e-7
t4442,-2.423908885865914e-7,-2.1423432398755097e-7,-2.782315891811226e-7,-3.9530538799998847e-7
t4443,-2.6475617395547935e-7,-2.3983405190227943e-7,-3.000888659914533e-7,-4.160894782322763e-7
t4444,-2.97570836648469e-7,-2.7466312105806516e-7,-3.3260035253929604e-7,-4.514581925101725e-7
t4445,-3.220648263143067e-7,-3.011789079618708e-7,-3.570518876646731e-7,-4.775073077990926e-7
t4446,-3.402961239367825e-7,-3.190289986164961e-7,-3.75533828708318e-7,-4.994587816635388e-7
t4447,-2.845959163974113e-7,-2.441800281084344e-7,-3.268146417799747e-7,-4.6571903920245435e-7
t4448,-1.7552243623616257e-7,-9.334827511437653e-8,-2.3346324954638025e-7,-3.979269729347645e-7
t4449,-1.3558779006194668e-7,-3.3134942473887663e-8,-1.9647122495651066e-7,-3.690784357081528e-7
t4450,-1.1419344538071797e-7,-1.5507079588827017e-8,-1.7150833305399895e-7,-3.379680509484763e-7
t4451,-9.568717987014974e-8,-8.723300937658104e-9,-1.4716162055746028e-7,-2.896273442940813e-7
t4452,-8.849546209739542e-8,-6.497496560271429e-9,-1.3619084016566393e-7,-2.688282479936142e-7
t4453,-8.599823428620023e-8,-6.214840972529295e-9,-1.3358892796435767e-7,-2.6805758441011896e-7
t4454,-8.939055350077325e-8,-7.851263892780677e-9,-1.387469695415459e-7,-2.826941612383771e-7
t4455,-9.65511406013516e-8,-1.50065918781018e-8,-1.4726376223096918e-7,-2.956525205299808e-7
t4456,-1.0658240023189981e-7,-2.9915135752106633e-8,-1.5686547458767206e-7,-3.040698545033037e-7
t4457,-1.3178213984807322e-7,-6.614035592581782e-8,-1.8079574286199689e-7,-3.2280756555157374e-7
t4458,-1.8736646156794379e-7,-1.4274320041336794e-7,-2.2895197204279772e-7,-3.616630711118496e-7
t4459,-3.541149738721726e-7,-3.5958474216441523e-7,-3.791543546731314e-7,-4.812221881639437e-7
t4460,-4.790185017124202e-7,-5.239253919831523e-7,-4.952147597515818e-7,-5.810929239360613e-7
t4461,-5.273029629270743e-7,-5.840734213569462e-7,-5.405790565665903e-7,-6.229897984158993e-7
t4462,-6.4082587248552e-7,-7.27781512679425e-7,-6.477223596344255e-7,-7.2135601374585e-7
t4463,-4.817014340843353e-7,-5.35141380666315e-7,-4.973573583830413e-7,-5.810331938138328e-7
t4464,-3.910600037695689e-7,-4.2140556313013275e-7,-4.12220540764804e-7,-5.052194449314621e-7
t4465,-4.047549655820822e-7,-4.3997981974639355e-7,-4.253267381193438e-7,-5.17086426686976e-7
t4466,-4.2539823567733624e-7,-4.667868466639868e-7,-4.448491105849871e-7,-5.344239477560322e-7
t4467,-5.023553892984287e-7,-5.552013171439751e-7,-5.179571518615089e-7,-5.996589663697264e-7
t4468,-5.810326036441975e-7,-6.483783016849254e-7,-5.937900236051919e-7,-6.736505231525107e-7
t4469,-5.558605307012428e-7,-6.018886356289303e-7,-5.737364411360363e-7,-6.62367194524751e-7
t4470,-5.138569435112831e-7,-5.402084386042539e-7,-5.363426273577733e-7,-6.343410931767734e-7
t4471,-3.5937377330008376e-7,-3.3807937484954633e-7,-3.9472924953078935e-7,-5.228369565841658e-7
t4472,-1.8896631337338133e-7,-1.1100482521774208e-7,-2.456057469116113e-7,-4.098600863222802e-7
t4473,-1.401582032053955e-7,-3.9812142599038983e-8,-2.0116658395751634e-7,-3.708936473052159e-7
t4474,-1.1944894369769795e-7,-1.7739309097001353e-8,-1.787269601311261e-7,-3.4661427342091264e-7
t4475,-1.005191927839324e-7,-9.694145303416669e-9,-1.5340842983354626e-7,-3.0162648630700957e-7
t4476,-9.158132554831151e-8,-6.814126092357343e-9,-1.401622839490084e-7,-2.7556167536251284e-7
t4477,-8.591078122443499e-8,-5.536384076628924e-9,-1.3344914112685023e-7,-2.654643136491534e-7
t4478,-8.712754887397329e-8,-6.338920614163764e-9,-1.3584826254585028e-7,-2.736041975122575e-7
t4479,-9.251156250598237e-8,-9.950379890836225e-9,-1.427187331624579e-7,-2.86720954033015e-7
t4480,-1.0278648199090131e-7,-2.1585219134926804e-8,-1.5391901625389852e-7,-2.99768648738942e-7
t4481,-1.282121705620248e-7,-5.673201101801909e-8,-1.774965382186875e-7,-3.2201059049451e-7
t4482,-1.9736469415060632e-7,-1.5395224651955727e-7,-2.3735289798197622e-7,-3.6980142717028155e-7
t4483,-4.195112755545187e-7,-4.440062614805563e-7,-4.404250795323158e-7,-5.347789620807714e-7
t4484,-5.92920142859616e-7,-6.734363784010868e-7,-6.021648430618152e-7,-6.770379493719203e-7
t4485,-6.600813073327726e-7,-7.57121312331094e-7,-6.658783336770326e-7,-7.363999295999275e-7
t4486,-6.958183567076839e-7,-8.040272312104743e-7,-6.993677534112969e-7,-7.6892674717863e-7
t4487,-5.414611460300077e-7,-6.07015453019184e-7,-5.54143429801238e-7,-6.335004107001505e-7
t4488,-4.4333992753660786e-7,-4.910994467367824e-7,-4.613113852564128e-7,-5.499589506013635e-7
t4489,-4.871842381864467e-7,-5.490696772682852e-7,-5.024804135345522e-7,-5.857836790818931e-7
t4490,-5.176683004974813e-7,-5.872577139037124e-7,-5.312707670442846e-7,-6.122652601799466e-7
t4491,-6.000463696501365e-7,-6.831650231024351e-7,-6.091880811316329e-7,-6.827756753479465e-7
t4492,-6.892499045973506e-7,-7.920989833165884e-7,-6.946039187067305e-7,-7.633488911444752e-7
t4493,-6.984854431220512e-7,-7.883682197406243e-7,-7.073669119723049e-7,-7.832108443771701e-7
t4494,-6.76913741000091e-7,-7.522189656015314e-7,-6.896985064368441e-7,-7.727745781641574e-7
t4495,-4.771548394184611e-7,-4.861758270133623e-7,-5.05495580584564e-7,-6.187209904608804e-7
t4496,-2.2776453287569114e-7,-1.625570041777969e-7,-2.8100991695582185e-7,-4.408355198167092e-7
t4497,-1.570476007985043e-7,-5.979329665294619e-8,-2.1842899942745494e-7,-3.9260400274668524e-7
t4498,-1.3375936095483585e-7,-2.99326237747323e-8,-1.9440881270145174e-7,-3.7178422520703977e-7
t4499,-1.1211460945030402e-7,-1.7590977682906044e-8,-1.6823830964479487e-7,-3.287468984201427e-7
t4500,-1.0123669620320024e-7,-1.296427520188387e-8,-1.5216198678752998e-7,-2.9860764994400286e-7
t4501,-9.57819521255861e-8,-1.1027063932334578e-8,-1.4623701546670294e-7,-2.9035773413915174e-7
t4502,-9.63347345026904e-8,-1.1445680691319512e-8,-1.4777172349068548e-7,-2.967593570886747e-7
t4503,-1.029224424206097e-7,-1.888094412230122e-8,-1.5458805773422275e-7,-3.05906349264268e-7
t4504,-1.2203279394796215e-7,-4.4375084226215606e-8,-1.737064849144723e-7,-3.24402609281739e-7
t4505,-1.6629003032043687e-7,-1.0959455156519624e-7,-2.133681039859863e-7,-3.570573234344215e-7
t4506,-2.8494862967413216e-7,-2.653798837778067e-7,-3.172647379785131e-7,-4.409534860697793e-7
t4507,-5.205584586785135e-7,-5.758070083996333e-7,-5.355878057591428e-7,-6.248481553072806e-7
t4508,-6.777566316786678e-7,-7.842664529067327e-7,-6.821907634371809e-7,-7.571413379834617e-7
t4509,-7.543072162421776e-7,-8.832593497639758e-7,-7.540653013738112e-7,-8.219689406472595e-7
t4510,-8.920310389293039e-7,-1.0621925640892805e-6,-8.827648750494676e-7,-9.408748822559394e-7
t4511,-7.595128899668424e-7,-8.968950678251057e-7,-7.565558183187473e-7,-8.180728633326156e-7
t4512,-4.488760976808057e-7,-5.00911425612703e-7,-4.651308868024109e-7,-5.554513579816962e-7
t4513,-4.289961972973899e-7,-4.739059745291757e-7,-4.468553151754933e-7,-5.390664701773252e-7
t4514,-4.0733989030688365e-7,-4.45260041073886e-7,-4.268217440812539e-7,-5.22386198849669e-7
t4515,-5.253501223919341e-7,-6.053464770602221e-7,-5.362114384740181e-7,-6.18037034568082e-7
t4516,-7.253676095085798e-7,-8.471958602969515e-7,-7.24784692197374e-7,-7.904321590585721e-7
t4517,-7.254376383715789e-7,-8.361532131326927e-7,-7.289281594621276e-7,-8.020885818527045e-7
t4518,-6.140429766642133e-7,-6.782440693249019e-7,-6.276963960257893e-7,-7.165651808317073e-7
t4519,-4.556592725797608e-7,-4.653830395137534e-7,-4.822364015851661e-7,-5.945660010273651e-7
t4520,-2.6813038140705e-7,-2.2187675833504226e-7,-3.1293704204201036e-7,-4.619305523465315e-7
t4521,-1.7183391826846547e-7,-8.808585892256788e-8,-2.2936331137452475e-7,-3.970495082351092e-7
t4522,-1.432746374762022e-7,-4.121811359159004e-8,-2.037590759902413e-7,-3.779468893700254e-7
t4523,-1.2726485483037157e-7,-2.6544517387799432e-8,-1.8631319866523528e-7,-3.5496103270318535e-7
t4524,-1.2009191562796587e-7,-2.3130748364496084e-8,-1.7634395154861362e-7,-3.414449496114669e-7
t4525,-1.1287928791628617e-7,-2.4054994581751682e-8,-1.6560740750730437e-7,-3.198052382433474e-7
t4526,-1.12941875200032e-7,-3.085450200021199e-8,-1.642633560522586e-7,-3.130745579714352e-7
t4527,-1.1911240176404748e-7,-4.40939671043438e-8,-1.6887522279920266e-7,-3.1463646554554873e-7
t4528,-1.33026538222962e-7,-6.607043512792486e-8,-1.8096112292034216e-7,-3.2307819059567407e-7
t4529,-1.6125837271281727e-7,-1.0540660453411792e-7,-2.050225368340264e-7,-3.4298644241252007e-7
t4530,-2.141917293418552e-7,-1.7402045351646663e-7,-2.519632920935285e-7,-3.7981130143782325e-7
t4531,-3.033342017045818e-7,-2.882836848230786e-7,-3.3214185169433345e-7,-4.422762422802853e-7
t4532,-3.6341438744222153e-7,-3.642279878581494e-7,-3.881082897140865e-7,-4.891639160592228e-7
t4533,-4.0722771875865116e-7,-4.1768731526146597e-7,-4.298523764583675e-7,-5.279176606640476e-7
t4534,-4.274384408669449e-7,-4.4017895949030793e-7,-4.50221520793337e-7,-5.504338816489126e-7
t4535,-4.087300069725138e-7,-4.2536910291471954e-7,-4.312395931508404e-7,-5.272148070460366e-7
t4536,-4.158772597373138e-7,-4.358396318663968e-7,-4.3785425721702753e-7,-5.328176939933612e-7
t4537,-4.166647659760499e-7,-4.3443169558982e-7,-4.394579771394258e-7,-5.360140198493813e-7
t4538,-3.971415475277595e-7,-4.075155385416511e-7,-4.22241679416559e-7,-5.235222074334479e-7
t4539,-3.842457466240948e-7,-3.8845284808917554e-7,-4.1127946859616587e-7,-5.153786620371047e-7
t4540,-3.8659734368539633e-7,-3.8743045566887167e-7,-4.1472783905470356e-7,-5.222441410403414e-7
t4541,-3.805000586640879e-7,-3.7521822964813937e-7,-4.1081880419296826e-7,-5.24692124596397e-7
t4542,-3.673859218624607e-7,-3.5392328416667955e-7,-4.00880212200809e-7,-5.238060651637533e-7
t4543,-3.0642830855454826e-7,-2.726515874092834e-7,-3.468630968031014e-7,-4.853753466493608e-7
t4544,-2.0623612015314687e-7,-1.3623464905625185e-7,-2.6107388509719084e-7,-4.222158694055694e-7
t4545,-1.53105298260658e-7,-5.490476121768933e-8,-2.15115037908195e-7,-3.8834021487041273e-7
t4546,-1.3656733176151697e-7,-2.6182438797323657e-8,-2.0052951481369658e-7,-3.8066424077139454e-7
t4547,-1.1529710813409134e-7,-1.4128498693172049e-8,-1.7446716618265523e-7,-3.40698498212157e-7
t4548,-1.0141111863014276e-7,-9.56196733170848e-9,-1.552004004364802e-7,-3.0426226036253634e-7
t4549,-9.740530793717208e-8,-8.841727773129266e-9,-1.5059657155233903e-7,-2.966645477098048e-7
t4550,-1.000219512588995e-7,-1.0767418392376099e-8,-1.5532383535970703e-7,-3.0654186210404944e-7
t4551,-1.0755663079065324e-7,-1.5944890781173e-8,-1.6464968491918062e-7,-3.2504305026796973e-7
t4552,-1.1868339584355726e-7,-2.862559861841998e-8,-1.7639583286861975e-7,-3.3763098928625714e-7
t4553,-1.4497653532187199e-7,-6.685776170719396e-8,-2.0193465501935447e-7,-3.6184262326731465e-7
t4554,-2.1861727611651804e-7,-1.680584689334007e-7,-2.658976288140992e-7,-4.165428848464473e-7
t4555,-4.386986239058106e-7,-4.489004347226001e-7,-4.6617001627904945e-7,-5.840177651661487e-7
t4556,-5.622866319676686e-7,-6.09869396597515e-7,-5.80954819139583e-7,-6.827752094554296e-7
t4557,-5.286987621147594e-7,-5.641852123604195e-7,-5.500329008434299e-7,-6.561188378573124e-7
t4558,-5.004136405745769e-7,-5.249444261802668e-7,-5.244620602153447e-7,-6.32751246629583e-7
t4559,-4.6087320870145367e-7,-4.844795826582468e-7,-4.841208830429743e-7,-5.852080744805547e-7
t4560,-4.4178745075401645e-7,-4.618410371291422e-7,-4.658780364464637e-7,-5.649779767143387e-7
t4561,-4.2545337175903505e-7,-4.3910080438821565e-7,-4.511976814174889e-7,-5.545119817920791e-7
t4562,-4.1290712262357713e-7,-4.2177281927725734e-7,-4.400477522720469e-7,-5.458894698210289e-7
t4563,-4.005805389873335e-7,-4.040973729216243e-7,-4.2976537517631194e-7,-5.384479501955355e-7
t4564,-3.779853820857847e-7,-3.7244302289596135e-7,-4.096193330747886e-7,-5.229177849161445e-7
t4565,-3.534002633228268e-7,-3.363831186384292e-7,-3.884699729394192e-7,-5.108728546253724e-7
t4566,-3.2814498046762205e-7,-2.991439717378643e-7,-3.6792397326249084e-7,-5.01555639082425e-7
t4567,-2.491568281821308e-7,-1.9394688077596503e-7,-2.992974848888665e-7,-4.530546073093282e-7
t4568,-1.5223185335234708e-7,-5.470234695550763e-8,-2.1663421418690805e-7,-3.903215641386155e-7
t4569,-1.1691239689701034e-7,-1.4891631886251708e-8,-1.7927433022074293e-7,-3.503604913026574e-7
t4570,-9.479353400498119e-8,-6.606692961086343e-9,-1.4544244811816483e-7,-2.787529065665811e-7
t4571,-9.235319907301492e-8,-5.294856482945541e-9,-1.421097836186673e-7,-2.7004603117386e-7
t4572,-8.946288244803496e-8,-4.293482718136404e-9,-1.385037172738473e-7,-2.651296617465882e-7
t4573,-8.463521417224077e-8,-2.856325195018272e-9,-1.3234809711139068e-7,-2.528072953993924e-7
t4574,-8.176245537050498e-8,-2.115837138443105e-9,-1.2809846683091323e-7,-2.4670108239880986e-7
t4575,-8.202164201531808e-8,-2.655803631489638e-9,-1.292933145726091e-7,-2.4744987845150746e-7
t4576,-9.251302062203774e-8,-6.26730797984756e-9,-1.4579730927087717e-7,-2.8471204728881656e-7
t4577,-1.2033952659546133e-7,-2.038392929042959e-8,-1.829844826105507e-7,-3.5168430148683655e-7
t4578,-1.5434235860910546e-7,-6.407989060686909e-8,-2.1696944726348436e-7,-3.831066498566089e-7
t4579,-2.5647723778265936e-7,-2.0402222521439452e-7,-3.057433257500152e-7,-4.5552039816139695e-7
t4580,-3.2314316147168205e-7,-2.886428481753987e-7,-3.648762126507626e-7,-5.048351098068275e-7
t4581,-3.3986170868270954e-7,-3.094004780971568e-7,-3.8077921193413054e-7,-5.194483879752872e-7
t4582,-3.3951960159863174e-7,-3.108861135756716e-7,-3.799213722153363e-7,-5.154439309067581e-7
t4583,-3.339591229462644e-7,-3.1635068284570965e-7,-3.693301988542764e-7,-4.887444288399795e-7
t4584,-3.4011064100497297e-7,-3.2960686273819583e-7,-3.727506185095906e-7,-4.852583018359251e-7
t4585,-3.486150516878338e-7,-3.433384874439519e-7,-3.794240973010784e-7,-4.88368698775681e-7
t4586,-3.5415335210849816e-7,-3.5176915469868723e-7,-3.8439623643470406e-7,-4.924409298097458e-7
t4587,-3.634393597915948e-7,-3.620744129182289e-7,-3.9394442618954523e-7,-5.02339257524968e-7
t4588,-3.75695928197143e-7,-3.7271806282952025e-7,-4.0689823429678015e-7,-5.197311235624451e-7
t4589,-3.834403622481297e-7,-3.7744215542605594e-7,-4.1610175341897503e-7,-5.321071369867654e-7
t4590,-3.893245564916186e-7,-3.7990506124336463e-7,-4.235263497715232e-7,-5.45296748407607e-7
t4591,-3.119025593646633e-7,-2.774209849657065e-7,-3.5438875268838655e-7,-4.92503080090083e-7
t4592,-1.69533821171808e-7,-8.168661068763217e-8,-2.3133734504997093e-7,-3.9999870734201534e-7
t4593,-1.310642060369844e-7,-2.829420067086008e-8,-1.9463583486702486e-7,-3.6697476008994475e-7
t4594,-1.0424181374819972e-7,-1.198264928106609e-8,-1.5994003931967764e-7,-3.0851086387632357e-7
t4595,-8.90404133879184e-8,-6.043652157643235e-9,-1.377169878191927e-7,-2.676148700218843e-7
t4596,-8.299405977492199e-8,-3.802994979141911e-9,-1.286665668633905e-7,-2.5042217330543953e-7
t4597,-7.665886978649439e-8,-2.087402579616982e-9,-1.19690312830068e-7,-2.3754628690819887e-7
t4598,-7.633462280646826e-8,-2.440576356285967e-9,-1.2011073006848328e-7,-2.4013960739311666e-7
t4599,-8.297657325752414e-8,-4.84630408006205e-9,-1.304406753763622e-7,-2.676537651845837e-7
t4600,-9.340237176129987e-8,-1.227562944526308e-8,-1.4355038798587617e-7,-2.883081837323008e-7
t4601,-1.0863240902726303e-7,-3.078409791814946e-8,-1.5885586649661215e-7,-3.046545872077561e-7
t4602,-1.4797867020424444e-7,-8.730702532813025e-8,-1.9440632320331168e-7,-3.3277733280789293e-7
t4603,-2.67405700317531e-7,-2.4366335150078015e-7,-2.994996851146852e-7,-4.1581124121237256e-7
t4604,-3.633830227876609e-7,-3.6662172306030466e-7,-3.882925801267141e-7,-4.91029573056273e-7
t4605,-3.943950997667056e-7,-4.059846128198934e-7,-4.173283407525595e-7,-5.158737460355926e-7
t4606,-4.2751338760249385e-7,-4.4490254672564073e-7,-4.497357989061076e-7,-5.476183267344372e-7
t4607,-3.7912715432779157e-7,-3.9263529158080675e-7,-4.0248419888068384e-7,-4.991699197437517e-7
t4608,-3.4426932035797134e-7,-3.5505373112419147e-7,-3.696762583477115e-7,-4.6880855009722663e-7
t4609,-3.6124379270403607e-7,-3.7898574934766475e-7,-3.854850253412014e-7,-4.821940589995898e-7
t4610,-3.870931389647282e-7,-4.117131718759313e-7,-4.0993240141850627e-7,-5.046556807133646e-7
t4611,-4.459206495471563e-7,-4.806814982223918e-7,-4.655684398697016e-7,-5.562973377480925e-7
t4612,-4.886993724522575e-7,-5.24778726603526e-7,-5.084538755374768e-7,-6.018309886825128e-7
t4613,-4.5995411341187764e-7,-4.800382442475092e-7,-4.837877662788614e-7,-5.843945745084895e-7
t4614,-4.29181071170165e-7,-4.3372070093447115e-7,-4.575092213591857e-7,-5.694794723843131e-7
t4615,-3.1692168765636116e-7,-2.8650853480516233e-7,-3.5651572142190135e-7,-4.91321085069268e-7
t4616,-1.6745373472571716e-7,-8.153984644453493e-8,-2.2725833162668806e-7,-3.9272575186290125e-7
t4617,-1.265418746996415e-7,-2.4856271668820234e-8,-1.876743352008882e-7,-3.582221205070496e-7
t4618,-1.0028451903792761e-7,-1.0303749550796566e-8,-1.5334451162033813e-7,-2.9908700511402096e-7
t4619,-8.56694969463192e-8,-4.678674232765096e-9,-1.325313578162898e-7,-2.602138473809659e-7
t4620,-8.123038108608895e-8,-2.83985241273826e-9,-1.2582176218615408e-7,-2.470619430061968e-7
t4621,-7.529537337919413e-8,-1.266417715448697e-9,-1.1837537724392659e-7,-2.3435649052585612e-7
t4622,-7.41654728187799e-8,-1.4892069418176929e-9,-1.1708049476010174e-7,-2.3457710352330482e-7
t4623,-8.061696231116814e-8,-3.74309788177122e-9,-1.2778148321676844e-7,-2.6196442300913414e-7
t4624,-9.051168996473583e-8,-1.0343921025202878e-8,-1.3959516804417404e-7,-2.8281926497143114e-7
t4625,-1.0551075375565079e-7,-2.8259736583398857e-8,-1.5504169750072846e-7,-2.980699382407137e-7
t4626,-1.4429415066865765e-7,-8.36404235115155e-8,-1.9051266428485007e-7,-3.2908327924192623e-7
t4627,-2.540227961792198e-7,-2.283953709492296e-7,-2.867596358997433e-7,-4.0409324761795965e-7
t4628,-3.4174688401294523e-7,-3.406483774475469e-7,-3.6728014555148244e-7,-4.7054949092735003e-7
t4629,-3.5939041218472476e-7,-3.613572797206597e-7,-3.8465435911604974e-7,-4.884204913475363e-7
t4630,-3.726729215496779e-7,-3.7450673594363806e-7,-3.9866535425431364e-7,-5.063359939590819e-7
t4631,-3.406323838386438e-7,-3.4206215970689016e-7,-3.6722017881705644e-7,-4.711377973622903e-7
t4632,-3.1270030936796546e-7,-3.101998776031464e-7,-3.4089055803383144e-7,-4.4686569735584726e-7
t4633,-3.0836959646824105e-7,-3.0394676857838607e-7,-3.3725120939197733e-7,-4.4343647809948035e-7
t4634,-3.153131172262483e-7,-3.1114348075032046e-7,-3.4417271855103776e-7,-4.504632719365693e-7
t4635,-3.352106296046328e-7,-3.32765634066309e-7,-3.637350890149893e-7,-4.696487493419031e-7
t4636,-3.4235672936006656e-7,-3.3493893543981647e-7,-3.7241184924836633e-7,-4.834705487277537e-7
t4637,-3.4617697192723984e-7,-3.3172902853730597e-7,-3.7918702205211004e-7,-4.987369575571402e-7
t4638,-3.512455550904673e-7,-3.3297277065950794e-7,-3.863487417965474e-7,-5.107395239293273e-7
t4639,-2.820406780682791e-7,-2.409236725865923e-7,-3.2603160628091145e-7,-4.694574718251046e-7
t4640,-1.675386274646221e-7,-8.17355422870041e-8,-2.2773385934058682e-7,-3.9752853286573534e-7
t4641,-1.30648287875564e-7,-2.903125454052031e-8,-1.926349468349024e-7,-3.658097654717408e-7
t4642,-1.1012638042495532e-7,-1.2984954164721298e-8,-1.6762724920113613e-7,-3.3009263637063615e-7
t4643,-9.317330572987006e-8,-7.000828414755199e-9,-1.4372332342420453e-7,-2.8256601186883256e-7
t4644,-8.604510129516172e-8,-4.50030343581673e-9,-1.3300500461479296e-7,-2.630276846743374e-7
t4645,-8.073529882729096e-8,-3.399848696312556e-9,-1.266035249968965e-7,-2.5173003931417005e-7
t4646,-8.238731753631112e-8,-4.3085408516813786e-9,-1.2965879176192384e-7,-2.6401616763736156e-7
t4647,-8.846508678281456e-8,-7.789924732271103e-9,-1.378027280760221e-7,-2.8335241658094833e-7
t4648,-9.775138755109782e-8,-1.67327389120323e-8,-1.4793742257045912e-7,-2.9604473304832525e-7
t4649,-1.1066988837056915e-7,-3.429223242890288e-8,-1.6061995198925843e-7,-3.0747679944327646e-7
t4650,-1.4565256060477007e-7,-8.587127019635903e-8,-1.915809329152159e-7,-3.3261985192889626e-7
t4651,-2.4367007508321365e-7,-2.135228477520909e-7,-2.78115768022155e-7,-4.0116670825180443e-7
t4652,-3.0738656597959666e-7,-2.9315188714924336e-7,-3.367120254517679e-7,-4.4857380158893584e-7
t4653,-3.095779968003742e-7,-2.936676373511766e-7,-3.3920725095317074e-7,-4.534473833105884e-7
t4654,-3.070595940787524e-7,-2.8732107235860456e-7,-3.381070791244909e-7,-4.5657241014029933e-7
t4655,-2.8865577417329025e-7,-2.7187175873915095e-7,-3.191068718044789e-7,-4.3186863547033647e-7
t4656,-2.8079729774032995e-7,-2.660949936478745e-7,-3.11430007567289e-7,-4.218252069545442e-7
t4657,-2.8581611010875445e-7,-2.713415209152144e-7,-3.167595901694406e-7,-4.2683368021020957e-7
t4658,-2.924439309721076e-7,-2.7875734070103816e-7,-3.236357144104779e-7,-4.3415139149228345e-7
t4659,-3.079571531744717e-7,-2.948411611505486e-7,-3.390764641738823e-7,-4.501349883803989e-7
t4660,-3.2982924934367304e-7,-3.170215265593254e-7,-3.60501690580782e-7,-4.7331218762303624e-7
t4661,-3.3709127501949724e-7,-3.181027219880343e-7,-3.7086111290880964e-7,-4.925859542668952e-7
t4662,-3.261303902418365e-7,-2.991709956850726e-7,-3.6304550603046895e-7,-4.933579264464596e-7
t4663,-2.5649570918926295e-7,-2.0539659665060824e-7,-3.025139071383087e-7,-4.524091724835713e-7
t4664,-1.542180598832181e-7,-5.99302934569594e-8,-2.147735438343676e-7,-3.857045554463699e-7
t4665,-1.1789435023109333e-7,-1.6891127610693437e-8,-1.769068228124234e-7,-3.461935190813272e-7
t4666,-9.329909840885521e-8,-6.212964042291433e-9,-1.41070050179394e-7,-2.729762058547209e-7
t4667,-8.481570081914012e-8,-2.9742306104739302e-9,-1.2984914834933473e-7,-2.5326911069376984e-7
t4668,-8.077550574385908e-8,-1.5882299285203547e-9,-1.2379591270102832e-7,-2.437015803202272e-7
t4669,-7.399435673273758e-8,1.212913056873664e-10,-1.1546196623763103e-7,-2.280476501254303e-7
t4670,-7.184966464276739e-8,9.990003141882903e-11,-1.131591554179997e-7,-2.2447513509411438e-7
t4671,-7.730718986380744e-8,-1.9076542754352486e-9,-1.2267679712053775e-7,-2.486978756136384e-7
t4672,-9.128408032427342e-8,-7.969954941659431e-9,-1.4279200462479722e-7,-2.893113983038242e-7
t4673,-1.0742911547384362e-7,-2.3122318785812138e-8,-1.6123659470449336e-7,-3.107639512561054e-7
t4674,-1.371798995286325e-7,-6.510853154584028e-8,-1.8970706831629087e-7,-3.3660261823155245e-7
t4675,-2.3013942529779505e-7,-1.9022342455206402e-7,-2.7039475786823527e-7,-3.981726357585862e-7
t4676,-3.067018312258476e-7,-2.86105402142916e-7,-3.3967243743774654e-7,-4.5679894076784636e-7
t4677,-3.138196293015534e-7,-2.936400412958243e-7,-3.4707929960418247e-7,-4.649584437034545e-7
t4678,-3.08274557658128e-7,-2.8391795684580085e-7,-3.4314159241129955e-7,-4.671057965082068e-7
t4679,-2.9370522611226627e-7,-2.7336120850242415e-7,-3.271932432273179e-7,-4.440977417018475e-7
t4680,-2.7836557536700065e-7,-2.5976113635995325e-7,-3.1105812104631004e-7,-4.2175631204923046e-7
t4681,-2.7456318091359416e-7,-2.562278193135281e-7,-3.072735180451991e-7,-4.1813911288391855e-7
t4682,-2.613409880257954e-7,-2.4063188124161106e-7,-2.9506886437746855e-7,-4.067318092467424e-7
t4683,-2.6166488967539784e-7,-2.3801534358731423e-7,-2.965734922502183e-7,-4.120367133225985e-7
t4684,-2.687213729636506e-7,-2.41131149190955e-7,-3.054616477475754e-7,-4.256255655966325e-7
t4685,-2.759894488351705e-7,-2.4370534866104777e-7,-3.149293593427438e-7,-4.432109831228556e-7
t4686,-2.9092661068073434e-7,-2.5729824117695194e-7,-3.315531471650574e-7,-4.6211871813404394e-7
t4687,-2.420966133735414e-7,-1.901324250941044e-7,-2.907088284042878e-7,-4.389735772217953e-7
t4688,-1.5087813234690243e-7,-5.802284988008921e-8,-2.131479550455544e-7,-3.820853107935944e-7
t4689,-1.2076819108340418e-7,-2.00331196539781e-8,-1.8322268804795507e-7,-3.5225941816528235e-7
t4690,-9.705226914802274e-8,-8.442995611976158e-9,-1.493519754523005e-7,-2.908644865389097e-7
t4691,-8.759044050709848e-8,-4.9462847499612365e-9,-1.3538472429718984e-7,-2.63646534021864e-7
t4692,-8.324954106868045e-8,-3.865616086591865e-9,-1.2918940592426908e-7,-2.5214309602113394e-7
t4693,-7.783090946028341e-8,-2.9140552280692854e-9,-1.2182123406001437e-7,-2.39126006005571e-7
t4694,-7.830220892560674e-8,-3.539264641826958e-9,-1.2326764632863852e-7,-2.464768595766508e-7
t4695,-8.586422077794253e-8,-6.389811296115801e-9,-1.3465069526158393e-7,-2.7339737166167127e-7
t4696,-9.738861151631027e-8,-1.5886493555748613e-8,-1.4869483913851307e-7,-2.9436746062293694e-7
t4697,-1.1551168681130276e-7,-3.977485112295506e-8,-1.6566674057388926e-7,-3.1154485504136796e-7
t4698,-1.7625134420992273e-7,-1.248837409923589e-7,-2.1988039174275305e-7,-3.573728615789832e-7
t4699,-3.868885641464167e-7,-3.996612195987066e-7,-4.1023547462484974e-7,-5.103346681291137e-7
t4700,-5.486466303666213e-7,-6.133515297547568e-7,-5.611164389489616e-7,-6.409533089124073e-7
t4701,-6.196945975637328e-7,-7.02555102046403e-7,-6.284781012766914e-7,-7.031194515142722e-7
t4702,-6.495843069274329e-7,-7.378181900994399e-7,-6.57760645154553e-7,-7.32981396114962e-7
t4703,-5.375575572425048e-7,-6.011233638029653e-7,-5.504687391494699e-7,-6.31601902193665e-7
t4704,-5.174973807046439e-7,-5.756423194451215e-7,-5.316271591617004e-7,-6.138417915819822e-7
t4705,-5.46205873814564e-7,-6.096282480110138e-7,-5.594479781979665e-7,-6.402382603766421e-7
t4706,-5.351773739539465e-7,-5.92190268156568e-7,-5.499431685693162e-7,-6.332446533340996e-7
t4707,-5.257893371809623e-7,-5.759164167897194e-7,-5.424006818455115e-7,-6.27476812287541e-7
t4708,-5.121200720552842e-7,-5.513498909712375e-7,-5.313136261476843e-7,-6.211866617539766e-7
t4709,-4.970450496951201e-7,-5.246228464676767e-7,-5.191867930845322e-7,-6.1493217601672e-7
t4710,-4.6973753908595906e-7,-4.832633187366366e-7,-4.961591003964621e-7,-6.007991806010431e-7
t4711,-3.4333479380939823e-7,-3.1801552350604125e-7,-3.808846971121473e-7,-5.110602847229078e-7
t4712,-1.7645567946371669e-7,-9.277476223951502e-8,-2.3590587698897997e-7,-4.010165265966429e-7
t4713,-1.333522431060717e-7,-3.040452681928159e-8,-1.9586875598246767e-7,-3.682355262729782e-7
t4714,-1.0524895261991455e-7,-1.281656669158236e-8,-1.5880486343683083e-7,-3.055450701723312e-7
t4715,-9.582070386645281e-8,-7.72722311109857e-9,-1.4580642964552058e-7,-2.7929193210040747e-7
t4716,-8.945072066271964e-8,-5.196813421611553e-9,-1.3825723755656995e-7,-2.6674096143495725e-7
t4717,-8.346260015699974e-8,-3.469659592455614e-9,-1.3075048616382178e-7,-2.535104980591743e-7
t4718,-8.08702867439765e-8,-3.2906542690114027e-9,-1.2718596022902842e-7,-2.4662025313053454e-7
t4719,-8.522697544614005e-8,-5.6926507956641116e-9,-1.3423466032239217e-7,-2.6188229818500855e-7
t4720,-1.0220194423854806e-7,-1.3311010479666634e-8,-1.5881990735365716e-7,-3.1587931152407727e-7
t4721,-1.2224557305223936e-7,-3.316356913177764e-8,-1.8038911126641205e-7,-3.4064290034660085e-7
t4722,-1.658437890032439e-7,-9.431387080206194e-8,-2.203635339677021e-7,-3.7876040263240434e-7
t4723,-3.2936821550137127e-7,-3.0601064284199355e-7,-3.661432376336336e-7,-4.980073676866786e-7
t4724,-4.5714092875453045e-7,-4.697259935905012e-7,-4.832815025991748e-7,-5.938395342984918e-7
t4725,-5.048876970516999e-7,-5.302665696073397e-7,-5.283352154209998e-7,-6.328866660309735e-7
t4726,-5.200706784004057e-7,-5.487195879605498e-7,-5.429658875019067e-7,-6.459277018516294e-7
t4727,-5.341862903524517e-7,-5.801026218252338e-7,-5.521706395908073e-7,-6.411467908392585e-7
t4728,-5.313401024022918e-7,-5.796916604717897e-7,-5.488134881658058e-7,-6.365142823949431e-7
t4729,-5.23686753895937e-7,-5.681401548671137e-7,-5.420537848685344e-7,-6.314254694698417e-7
t4730,-5.06464499320602e-7,-5.441993020781223e-7,-5.267829707078156e-7,-6.186407632937059e-7
t4731,-4.869232200537707e-7,-5.162643489656648e-7,-5.095818924097554e-7,-6.066745358052571e-7
t4732,-4.5576526657748365e-7,-4.725650100334317e-7,-4.816730721931552e-7,-5.85776173065594e-7
t4733,-4.147810966051608e-7,-4.150818512120207e-7,-4.4608454015588565e-7,-5.604864317411572e-7
t4734,-3.8554332576043626e-7,-3.724663166698962e-7,-4.211241834216031e-7,-5.472147393554628e-7
t4735,-2.88178577521907e-7,-2.443546085465111e-7,-3.355494422775504e-7,-4.833142129897408e-7
t4736,-1.640486015854191e-7,-7.156314826856867e-8,-2.2936352204463316e-7,-4.023359972529949e-7
t4737,-1.255017585745114e-7,-2.076856240732585e-8,-1.9150662319978977e-7,-3.691808188000455e-7
t4738,-9.871574133947653e-8,-8.371789177752517e-9,-1.5205375234723914e-7,-2.914851930396255e-7
t4739,-9.43384737315107e-8,-6.15691001919531e-9,-1.4580738106490248e-7,-2.7648626265955433e-7
t4740,-9.11665106669564e-8,-4.9317210386520534e-9,-1.4108961023674459e-7,-2.6891792680535723e-7
t4741,-8.57943099941736e-8,-3.3604962188341785e-9,-1.3465738386210317e-7,-2.5814486509008283e-7
t4742,-8.32774576184737e-8,-2.786570368951175e-9,-1.3105089258019237e-7,-2.5200050767194146e-7
t4743,-8.409418432258095e-8,-3.5563656005972158e-9,-1.3241616152235997e-7,-2.5422766230228833e-7
t4744,-9.757373475446023e-8,-8.078767143948183e-9,-1.532775217657249e-7,-3.026108109352295e-7
t4745,-1.232439166971874e-7,-2.3359583140785976e-8,-1.8579790734323036e-7,-3.5615715677150724e-7
t4746,-1.5593830655419336e-7,-6.723016652307702e-8,-2.179713100250957e-7,-3.850029600679448e-7
t4747,-2.472108799197984e-7,-1.9271393662618313e-7,-2.9704121422137807e-7,-4.4984147126393054e-7
t4748,-3.033012045523822e-7,-2.639483752567315e-7,-3.4722661973421884e-7,-4.909075212095788e-7
t4749,-3.14053602378845e-7,-2.762839478628037e-7,-3.5749297507559605e-7,-5.002227347287645e-7
t4750,-3.160590032581841e-7,-2.8076702921105193e-7,-3.58775025498757e-7,-4.978161896858123e-7
t4751,-3.1220300641543493e-7,-2.8843672103763836e-7,-3.497943562830658e-7,-4.719417672177364e-7
t4752,-3.1855704324566977e-7,-3.016434612623423e-7,-3.5283611229166437e-7,-4.6815034098726707e-7
t4753,-3.302379690123611e-7,-3.188721513990845e-7,-3.623396676470206e-7,-4.729969675787052e-7
t4754,-3.475223901380052e-7,-3.4169482056629886e-7,-3.7805850607593753e-7,-4.848133795919395e-7
t4755,-3.645387575928181e-7,-3.620598361027438e-7,-3.947136374614613e-7,-5.005554004459794e-7
t4756,-3.760180917526966e-7,-3.7211225469592935e-7,-4.078154222838051e-7,-5.178597160664881e-7
t4757,-3.776624593095151e-7,-3.6876308652492315e-7,-4.1171348816742837e-7,-5.293316600031988e-7
t4758,-3.799937215564742e-7,-3.673586842930978e-7,-4.155205704136666e-7,-5.366919819116814e-7
t4759,-3.184818590529998e-7,-2.853609153017517e-7,-3.6068755090504426e-7,-4.981481414865147e-7
t4760,-1.934437739911174e-7,-1.1648702342423627e-7,-2.5295507780333954e-7,-4.188763179615792e-7
t4761,-1.488405291222319e-7,-4.9502242904642106e-8,-2.128469959534509e-7,-3.8428732472415577e-7
t4762,-1.2856837226642298e-7,-2.3421681827840822e-8,-1.9156169088892565e-7,-3.660897926473425e-7
t4763,-1.1233431262120393e-7,-1.5683724681637603e-8,-1.7125277322709456e-7,-3.3501253701620255e-7
t4764,-1.0580168253545117e-7,-1.3876459559603342e-8,-1.607686135010075e-7,-3.182497107186312e-7
t4765,-1.0342844549809351e-7,-1.5482435460419683e-8,-1.5697864316549427e-7,-3.119325893448913e-7
t4766,-1.0565807948828804e-7,-2.0989670285919858e-8,-1.5818503096404884e-7,-3.114543425671514e-7
t4767,-1.1544470801134886e-7,-3.837699383979827e-8,-1.6758359606806158e-7,-3.1939952517599967e-7
t4768,-1.4153636384118953e-7,-7.81761188358302e-8,-1.9079478526755444e-7,-3.374702142836945e-7
t4769,-2.026330024679274e-7,-1.6270601253659343e-7,-2.433138812681652e-7,-3.792107038396781e-7
t4770,-3.8378685244935933e-7,-3.9651945241348605e-7,-4.074690275290913e-7,-5.113800484809917e-7
t4771,-7.134609900132979e-7,-8.529522503400364e-7,-7.142959587971812e-7,-7.760773821893906e-7
t4772,-1.0033625165916072e-6,-1.2314345040744313e-6,-9.833265596084014e-7,-1.0177561657196453e-6
t4773,-1.1490271563106207e-6,-1.4088924650997865e-6,-1.1189876875004416e-6,-1.1401664435586708e-6
t4774,-1.8358363110855338e-6,-2.2108342906859253e-6,-1.7479090895415264e-6,-1.6930758101892916e-6
t4775,-7.152079817935944e-7,-8.54775886012896e-7,-7.106508106790811e-7,-7.717766687374181e-7
t4776,-4.608793474244802e-7,-5.111166356978541e-7,-4.775010713219435e-7,-5.649872133449798e-7
t4777,-4.6737110210226966e-7,-5.193877338767942e-7,-4.834092191789845e-7,-5.693576952090305e-7
t4778,-5.099503751915031e-7,-5.76550355335959e-7,-5.22383374117041e-7,-6.025968920698033e-7
t4779,-8.13692483718804e-7,-9.835932412958078e-7,-8.000669339629859e-7,-8.471364802374307e-7
t4780,-2.0159505827833678e-6,-2.4656288646006466e-6,-1.9109685908788884e-6,-1.8372198576685975e-6
t4781,-1.99902033210194e-6,-2.458430851651484e-6,-1.8992910216732706e-6,-1.8364566169000734e-6
t4782,-1.654733291345921e-6,-2.0299298978516617e-6,-1.5917821914070042e-6,-1.5739050005881195e-6
t4783,-9.543722107328253e-7,-1.1179053185030198e-6,-9.492284958132422e-7,-1.0070385228242918e-6
t4784,-3.631334789742562e-7,-3.4079972704252724e-7,-4.0088934066927146e-7,-5.376899018796659e-7
t4785,-2.009213412162722e-7,-1.261266435744195e-7,-2.572986672908482e-7,-4.245964860614833e-7
t4786,-1.5257445390387664e-7,-5.583175099071623e-8,-2.1247118326303944e-7,-3.854105670894279e-7
t4787,-1.2588476881849093e-7,-3.055575788840777e-8,-1.8369236272232412e-7,-3.497697331306974e-7
t4788,-1.1355990738198814e-7,-2.1158358491443313e-8,-1.6829913815233092e-7,-3.2986958312583775e-7
t4789,-1.0326465362710782e-7,-1.5684470195150036e-8,-1.559602549418852e-7,-3.1138926735363723e-7
t4790,-1.0260402276686174e-7,-1.780801037664085e-8,-1.5412535670793445e-7,-3.0712467158249817e-7
t4791,-1.0796043793207879e-7,-2.7673513108539725e-8,-1.5906001675147149e-7,-3.084404509878996e-7
t4792,-1.2562469057437455e-7,-5.4734729775289425e-8,-1.750244457279729e-7,-3.2079636579828076e-7
t4793,-1.6804642043509593e-7,-1.1633729085976533e-7,-2.1198575569073887e-7,-3.5086572362982523e-7
t4794,-3.1718147631985827e-7,-3.111502170977469e-7,-3.4549946888222647e-7,-4.598551788280089e-7
t4795,-5.578910013060917e-7,-6.495743487395749e-7,-5.676132067479311e-7,-6.486144202189694e-7
t4796,-7.342779887087381e-7,-8.850627385385142e-7,-7.304027087141962e-7,-7.930550457509374e-7
t4797,-9.63267768789598e-7,-1.1901170906648148e-6,-9.46305911729034e-7,-9.905523512801336e-7
t4798,-1.8614771973370588e-6,-2.2518716019032575e-6,-1.789000569533366e-6,-1.7404307166161956e-6
t4799,-6.317887138609537e-7,-7.456437600012842e-7,-6.345212082156097e-7,-7.081201253013721e-7
t4800,-4.311931811603474e-7,-4.737397697583019e-7,-4.4988678273214774e-7,-5.435872378977332e-7
t4801,-4.4190273075534365e-7,-4.876926066920731e-7,-4.5982231400241576e-7,-5.507163504440557e-7
t4802,-4.950318373066635e-7,-5.593031973124576e-7,-5.085833449886597e-7,-5.932101804483055e-7
t4803,-7.195177733790623e-7,-8.633439852299618e-7,-7.147399766132967e-7,-7.761359401075495e-7
t4804,-1.368527107155256e-6,-1.6717154382697642e-6,-1.3182891128108158e-6,-1.3185200809850622e-6
t4805,-1.4017818715302617e-6,-1.7141412555159005e-6,-1.3543215591523965e-6,-1.363175407222112e-6
t4806,-1.1141704213676244e-6,-1.3353966070107269e-6,-1.0946294095726476e-6,-1.1375986293550185e-6
t4807,-6.652470952972913e-7,-7.369773973190557e-7,-6.792883347039435e-7,-7.720890611869934e-7
t4808,-2.572177513439931e-7,-2.0500951997632036e-7,-3.0535158271831564e-7,-4.617544554370449e-7
t4809,-1.5919289974545183e-7,-6.740908473359684e-8,-2.1862536871134428e-7,-3.9085273302383794e-7
t4810,-1.3355478237049196e-7,-3.122788601051888e-8,-1.9343726633475533e-7,-3.6750721646718563e-7
t4811,-1.1252255734790918e-7,-1.7847693142284922e-8,-1.6842422576913344e-7,-3.310573063683856e-7
t4812,-9.91713343405861e-8,-1.1801516181684918e-8,-1.5061074170488648e-7,-2.947435243680675e-7
t4813,-9.237908073274071e-8,-9.236023478429029e-9,-1.4207355034952504e-7,-2.844283869845231e-7
t4814,-9.151450499489369e-8,-8.989793108165401e-9,-1.410760029566308e-7,-2.8655631252200624e-7
t4815,-9.484567924212637e-8,-1.2345553924114742e-8,-1.4527547908272817e-7,-2.9305445463041566e-7
t4816,-1.0407387918955995e-7,-2.4242235403489973e-8,-1.5431932056933745e-7,-3.0391521061724395e-7
t4817,-1.2235325432485863e-7,-5.054879088794342e-8,-1.7163274313873532e-7,-3.181671092526236e-7
t4818,-1.7606347324299395e-7,-1.2694206082325708e-7,-2.1825422633444796e-7,-3.546247129141553e-7
t4819,-3.320498555594375e-7,-3.279473322282544e-7,-3.5919566081437895e-7,-4.653810046509907e-7
t4820,-4.2866544362093495e-7,-4.521406333295163e-7,-4.489514017851815e-7,-5.428034406748734e-7
t4821,-4.505035010131629e-7,-4.77082451549929e-7,-4.7031197415212944e-7,-5.631054063455745e-7
t4822,-4.5108474990408857e-7,-4.7361028438153576e-7,-4.7217673882098293e-7,-5.687186240427243e-7
t4823,-4.040348262798764e-7,-4.221568854142666e-7,-4.2644887640581164e-7,-5.209235586704726e-7
t4824,-3.5920613292553373e-7,-3.6953315432026253e-7,-3.841446089375693e-7,-4.820095388080822e-7
t4825,-3.7401856457508147e-7,-3.87354180803761e-7,-3.981238750790843e-7,-4.945805885387032e-7
t4826,-3.8710372240340206e-7,-4.034703001525602e-7,-4.105249700294695e-7,-5.059580710954949e-7
t4827,-4.1618843692285093e-7,-4.3623606136327835e-7,-4.3905588146175885e-7,-5.347884715038252e-7
t4828,-4.4515985761082887e-7,-4.658262431127277e-7,-4.681916062656322e-7,-5.658643097843603e-7
t4829,-4.6828191274070496e-7,-4.852238158837369e-7,-4.930240056683907e-7,-5.971738025493708e-7
t4830,-4.533839813137151e-7,-4.611230023880668e-7,-4.812732418976201e-7,-5.921311799851701e-7
t4831,-3.4933752515903885e-7,-3.2369993612594517e-7,-3.871119705946391e-7,-5.214973094065528e-7
t4832,-1.880383764449296e-7,-1.09089959594891e-7,-2.462097945926897e-7,-4.1461060127798736e-7
t4833,-1.3903509382347227e-7,-3.636672831521269e-8,-2.016011513676446e-7,-3.7576816908701867e-7
t4834,-1.1471812964934893e-7,-1.5958181460874178e-8,-1.7287561766700198e-7,-3.38116711193464e-7
t4835,-9.507482875281688e-8,-8.281633674757202e-9,-1.449401710396826e-7,-2.825167431295061e-7
t4836,-8.794638528547486e-8,-5.496468395120218e-9,-1.3510505282500884e-7,-2.6413393789436966e-7
t4837,-8.214968340635641e-8,-4.191782670070725e-9,-1.2778652053044696e-7,-2.530483610605445e-7
t4838,-8.372491413276e-8,-5.258678166386601e-9,-1.314051213908886e-7,-2.6274210751444403e-7
t4839,-9.208162697943292e-8,-9.466501508301525e-9,-1.4296802626697523e-7,-2.900587153694564e-7
t4840,-1.0537023910121951e-7,-2.099952810071432e-8,-1.5729523722403968e-7,-3.085549218501985e-7
t4841,-1.2489587336314822e-7,-4.8391548584388533e-8,-1.7646401092588964e-7,-3.27485622383998e-7
t4842,-1.8537425509381697e-7,-1.3321728226924704e-7,-2.2945171715846008e-7,-3.707055009517912e-7
t4843,-3.4165818028961636e-7,-3.3456721110493293e-7,-3.7000666368394753e-7,-4.811790010215906e-7
t4844,-4.454168936831584e-7,-4.6737374575069477e-7,-4.6670060642478124e-7,-5.636850603826115e-7
t4845,-4.89331728961012e-7,-5.226509712405909e-7,-5.087337353744758e-7,-6.018349358333583e-7
t4846,-5.272912252986337e-7,-5.687669235696053e-7,-5.452169149535185e-7,-6.373299086610096e-7
t4847,-5.071446056622943e-7,-5.547218936606473e-7,-5.23679782021637e-7,-6.105825806863266e-7
t4848,-4.1489100176208085e-7,-4.4702459706789275e-7,-4.3583327483458026e-7,-5.279772734851197e-7
t4849,-4.0809182354393893e-7,-4.39739288848313e-7,-4.2965923356146063e-7,-5.229876547476313e-7
t4850,-3.9258186143997227e-7,-4.1971019580764974e-7,-4.1518749728243173e-7,-5.095679332732949e-7
t4851,-4.1766504316437773e-7,-4.439709443611049e-7,-4.3965395397384933e-7,-5.335575812886547e-7
t4852,-4.4087344816705604e-7,-4.6490290385039285e-7,-4.6345225201302615e-7,-5.599078438835725e-7
t4853,-4.202275554588248e-7,-4.2887793863294807e-7,-4.470644764807609e-7,-5.532553536269535e-7
t4854,-3.889677941124375e-7,-3.830321729715973e-7,-4.201938537560086e-7,-5.371920188007535e-7
t4855,-3.009914947547978e-7,-2.659611867514371e-7,-3.427721431493436e-7,-4.81563489739059e-7
t4856,-1.6101419939554355e-7,-7.342180133220772e-8,-2.224240793061485e-7,-3.9113354367356766e-7
t4857,-1.2652358949223543e-7,-2.3845281525935317e-8,-1.8938335476377965e-7,-3.63329964766602e-7
t4858,-1.0605492175866516e-7,-1.0346714605419543e-8,-1.6366940222645763e-7,-3.221755764908411e-7
t4859,-9.291463339339056e-8,-5.908929120802341e-9,-1.4565199168604336e-7,-2.881175362224854e-7
t4860,-9.121162251919235e-8,-5.443018996763319e-9,-1.4335568842217637e-7,-2.850107675386262e-7
t4861,-9.311577840705833e-8,-7.139466922171909e-9,-1.4724936507076642e-7,-2.9558402303806623e-7
t4862,-9.682923533733673e-8,-1.108174970386682e-8,-1.5050433254705866e-7,-3.008477318080026e-7
t4863,-1.0276615515366152e-7,-1.9826631753837807e-8,-1.566888946056007e-7,-3.0638100157059803e-7
t4864,-1.1367897220617972e-7,-3.585431034504612e-8,-1.6722555511378648e-7,-3.148988768991845e-7
t4865,-1.3731939910759418e-7,-7.008401493361362e-8,-1.8940628022880168e-7,-3.3356515376567404e-7
t4866,-2.042917739292006e-7,-1.5929321553235992e-7,-2.478816570964414e-7,-3.809677876115733e-7
t4867,-3.533136048331533e-7,-3.50746405203337e-7,-3.815552939613188e-7,-4.878070802757296e-7
t4868,-4.6014101033621506e-7,-4.880064220116564e-7,-4.808720627840014e-7,-5.732350829124187e-7
t4869,-5.275553181982077e-7,-5.730177406890756e-7,-5.446214592584845e-7,-6.318067964708913e-7
t4870,-5.495149116671382e-7,-5.980319272044667e-7,-5.665521077841499e-7,-6.568607319496289e-7
t4871,-5.038503093241267e-7,-5.498166835636148e-7,-5.214645794664061e-7,-6.106375841092618e-7
t4872,-5.049766915508532e-7,-5.532659562917177e-7,-5.224010154759077e-7,-6.106779149651819e-7
t4873,-5.402787474094759e-7,-5.979714314529957e-7,-5.555057320781758e-7,-6.411362327621958e-7
t4874,-5.399925964922048e-7,-5.957427687638251e-7,-5.556230572642817e-7,-6.415733620253861e-7
t4875,-5.164828577301446e-7,-5.615571152219214e-7,-5.346590235616853e-7,-6.249173299824281e-7
t4876,-4.74312912397749e-7,-5.011925479789975e-7,-4.971663882089387e-7,-5.958746576622117e-7
t4877,-4.3351746113452263e-7,-4.430093250737195e-7,-4.612392547706295e-7,-5.722549770200737e-7
t4878,-3.9639749082394847e-7,-3.901792657434697e-7,-4.2956173796474484e-7,-5.522441432033626e-7
t4879,-2.99793920464225e-7,-2.6392848155124534e-7,-3.4327662484657817e-7,-4.880817872827215e-7
t4880,-1.7009377968458686e-7,-8.498694497105947e-8,-2.332445024721594e-7,-4.0530137883747967e-7
t4881,-1.300554951040541e-7,-2.6546336552372892e-8,-1.956171632734223e-7,-3.7191444250759447e-7
t4882,-1.0249949617070386e-7,-1.0336889579839838e-8,-1.5754712220023615e-7,-3.038529906741629e-7
t4883,-9.398309062908054e-8,-6.3847325371844566e-9,-1.452813706185914e-7,-2.7821742498442845e-7
t4884,-8.843439863140573e-8,-4.34803768386167e-9,-1.3811611817039401e-7,-2.658564257988858e-7
t4885,-8.257836773743777e-8,-2.813706867178327e-9,-1.312862709907221e-7,-2.545381330823644e-7
t4886,-7.984292290303905e-8,-2.4789494443934424e-9,-1.2748024541410016e-7,-2.472843584854481e-7
t4887,-8.386510542383198e-8,-4.664125215537902e-9,-1.3342834440025925e-7,-2.6078680654023047e-7
t4888,-1.0087482762863779e-7,-1.181022520983639e-8,-1.5893926572395035e-7,-3.1581519990203374e-7
t4889,-1.212082544653631e-7,-3.112476746658779e-8,-1.8159049671929617e-7,-3.4269784386252685e-7
t4890,-1.6560697243599093e-7,-9.319934909276115e-8,-2.22265491325508e-7,-3.815682998870546e-7
t4891,-3.1228109063895605e-7,-2.8345704446700806e-7,-3.5184786706262094e-7,-4.865130723527516e-7
t4892,-4.0390495513480575e-7,-4.011214147218195e-7,-4.345733467355814e-7,-5.540243796176945e-7
t4893,-4.255855162384973e-7,-4.2837417155394653e-7,-4.548799450787153e-7,-5.726016194812828e-7
t4894,-4.2452281317531034e-7,-4.261758280449305e-7,-4.5426120327396583e-7,-5.73180977869057e-7
t4895,-3.9432007572857106e-7,-3.9794437605027915e-7,-4.227861382705774e-7,-5.322676870541708e-7
t4896,-3.8437370690571204e-7,-3.8687112236145486e-7,-4.1308303289348644e-7,-5.209521861338052e-7
t4897,-3.836154894855486e-7,-3.8438727805088957e-7,-4.1246862748265873e-7,-5.205544397359774e-7
t4898,-3.76355722817083e-7,-3.7407535748742486e-7,-4.0677336183788817e-7,-5.159762782864524e-7
t4899,-3.594764798045479e-7,-3.503019735664362e-7,-3.919234065584924e-7,-5.050407937894858e-7
t4900,-3.5584297406660133e-7,-3.432833247196153e-7,-3.89975992081947e-7,-5.065880919828563e-7
t4901,-3.431129045259071e-7,-3.227565288705673e-7,-3.801543970853279e-7,-5.066325751105202e-7
t4902,-3.21134142455597e-7,-2.901013541696138e-7,-3.6282640529700793e-7,-4.986804979360164e-7
t4903,-2.512125079548116e-7,-1.9652992666819117e-7,-3.028515763357538e-7,-4.5932157432685985e-7
t4904,-1.5099910107671306e-7,-5.2447107482347264e-8,-2.1730047402622305e-7,-3.9178343496295173e-7
t4905,-1.1050044720616984e-7,-1.2069716521281255e-8,-1.7381698021383657e-7,-3.410038011320151e-7
t4906,-9.41227445222256e-8,-6.171047954860471e-9,-1.45649451767022e-7,-2.7713549468716746e-7
t4907,-9.26148403848737e-8,-5.291794288760988e-9,-1.4352114313457042e-7,-2.7259083432147403e-7
t4908,-8.992002889116e-8,-4.437781255149213e-9,-1.4013237938284735e-7,-2.681800174757594e-7
t4909,-8.526707470064492e-8,-3.1098957278623097e-9,-1.3415267057270695e-7,-2.582251972270712e-7
t4910,-8.327868112224333e-8,-2.7372627456572395e-9,-1.3126367273367342e-7,-2.532811183138292e-7
t4911,-8.803410764074465e-8,-4.7332903557943034e-9,-1.39442866550819e-7,-2.710091105806598e-7
t4912,-1.1219470930995639e-7,-1.4267433176503834e-8,-1.745773776898006e-7,-3.437497301834586e-7
t4913,-1.3459059921061608e-7,-3.7308535403131435e-8,-1.991609182319624e-7,-3.709630128239462e-7
t4914,-1.7602911293162213e-7,-9.71332650712841e-8,-2.367716722488827e-7,-4.033706856944523e-7
t4915,-3.068953732138762e-7,-2.68449093059062e-7,-3.5142660442916616e-7,-4.941447055031299e-7
t4916,-4.316677872272077e-7,-4.261955047396843e-7,-4.651315463209887e-7,-5.879675138469918e-7
t4917,-4.913635037233111e-7,-5.016147060747565e-7,-5.203124486144825e-7,-6.340449729284654e-7
t4918,-5.197835129166421e-7,-5.405809479345131e-7,-5.465406949567464e-7,-6.558249516796643e-7
t4919,-5.340238518424263e-7,-5.740642254783188e-7,-5.542697982353674e-7,-6.47720956503426e-7
t4920,-5.460411050622499e-7,-5.983867363491725e-7,-5.630459899188221e-7,-6.505794356195029e-7
t4921,-5.322830788250758e-7,-5.841217332583401e-7,-5.494711943400689e-7,-6.362874548859955e-7
t4922,-5.026219229714832e-7,-5.459974287024621e-7,-5.217697405322654e-7,-6.115955632400792e-7
t4923,-4.6090653621290125e-7,-4.889455490769398e-7,-4.833936337771442e-7,-5.807963504595807e-7
t4924,-4.205691820301048e-7,-4.3039149789471006e-7,-4.4828096466844557e-7,-5.547446582685299e-7
t4925,-3.7191273406324754e-7,-3.621484480020443e-7,-4.0555954599169975e-7,-5.249119528189272e-7
t4926,-3.3611237581016133e-7,-3.1155956716382785e-7,-3.750876929627387e-7,-5.049591680855202e-7
t4927,-2.542290126851228e-7,-2.0262030508512582e-7,-3.0409578704314145e-7,-4.5502598167798746e-7
t4928,-1.6128522726204453e-7,-6.924787136160842e-8,-2.2566018821608087e-7,-3.978577717985245e-7
t4929,-1.276262280111477e-7,-2.3200484777873142e-8,-1.929792267310209e-7,-3.6829575009465733e-7
t4930,-1.0258879919150114e-7,-9.208646368125963e-9,-1.5931202912535377e-7,-3.126495652328681e-7
t4931,-8.793153751046345e-8,-4.28164297424495e-9,-1.3822303936329838e-7,-2.7025833759246444e-7
t4932,-8.216840855501749e-8,-2.4258036190533927e-9,-1.288174276648724e-7,-2.5380050598782516e-7
t4933,-7.673436800807708e-8,-1.2270461004807733e-9,-1.2165884249209618e-7,-2.420234026053884e-7
t4934,-7.896750060508071e-8,-2.514152061750731e-9,-1.2530260942739954e-7,-2.523353714269684e-7
t4935,-8.819090511403094e-8,-6.890713317886566e-9,-1.3998492569940623e-7,-2.837928027912046e-7
t4936,-1.015173885283269e-7,-1.877355906275976e-8,-1.544381609813747e-7,-3.00862571021617e-7
t4937,-1.2431176854001938e-7,-5.018625931898517e-8,-1.7701761753576577e-7,-3.212812633520299e-7
t4938,-1.911449622392588e-7,-1.4254549342119258e-7,-2.3451240370360698e-7,-3.6647502889007546e-7
t4939,-3.400100497505492e-7,-3.348138354776575e-7,-3.6793827087943674e-7,-4.7435027994982057e-7
t4940,-4.591580496568337e-7,-4.898754032977031e-7,-4.784024247344548e-7,-5.694791619799829e-7
t4941,-5.19707455288399e-7,-5.690088786516082e-7,-5.353418194808499e-7,-6.187392341410821e-7
t4942,-5.335590143593769e-7,-5.829628118760224e-7,-5.4930095932288e-7,-6.354721827560261e-7
t4943,-4.50131955873309e-7,-4.848384308878112e-7,-4.6933906484345734e-7,-5.579885680020304e-7
t4944,-3.8684237359286305e-7,-4.0992261651741624e-7,-4.0988859393159024e-7,-5.038417383731375e-7
t4945,-3.880567476272019e-7,-4.0933560914340124e-7,-4.113458989797886e-7,-5.056895864029307e-7
t4946,-3.825465861637671e-7,-3.9887824724968274e-7,-4.0661466554697713e-7,-5.027034746417776e-7
t4947,-4.0959412958941433e-7,-4.284453690526863e-7,-4.330920184441593e-7,-5.279679296217052e-7
t4948,-4.4016405861808777e-7,-4.580165940321925e-7,-4.6381611721235235e-7,-5.626014502509295e-7
t4949,-4.6104938995925716e-7,-4.786664265522808e-7,-4.853021140706882e-7,-5.866228725893071e-7
t4950,-4.4770012055924443e-7,-4.5578844564722196e-7,-4.755860903467123e-7,-5.84828427557964e-7
t4951,-4.119965543157147e-7,-4.0548684716325783e-7,-4.445509987488702e-7,-5.642500740216672e-7
t4952,-2.9590037925847993e-7,-2.5313611344759427e-7,-3.4125853981333366e-7,-4.865662250464184e-7
t4953,-2.0079028285810468e-7,-1.250086952397084e-7,-2.585412200963691e-7,-4.2471054268462693e-7
t4954,-1.6394701407208163e-7,-7.029890231769469e-8,-2.2527494941864139e-7,-3.9690250019517574e-7
t4955,-1.4246894198498494e-7,-4.856316979757808e-8,-2.0298724055960104e-7,-3.68101986640168e-7
t4956,-1.310013652081936e-7,-3.5300704480388136e-8,-1.897348187734516e-7,-3.5519168005170236e-7
t4957,-1.198261056519599e-7,-3.09370913113592e-8,-1.759074825307407e-7,-3.327592437485505e-7
t4958,-1.1358970412742173e-7,-3.0173295096746144e-8,-1.6752510871422234e-7,-3.186262316076587e-7
t4959,-1.1371310780148796e-7,-3.505784244282193e-8,-1.6643660505180715e-7,-3.1416066097904257e-7
t4960,-1.1959124494990932e-7,-4.677773909470812e-8,-1.7040150450622087e-7,-3.1425206454225373e-7
t4961,-1.426916497857043e-7,-7.936563287392191e-8,-1.912261288081787e-7,-3.3072684929247164e-7
t4962,-1.9656310469899418e-7,-1.5174796771823068e-7,-2.3748108947161525e-7,-3.6621817794095234e-7
t4963,-3.2595481436060863e-7,-3.183639301421968e-7,-3.5358301833274494e-7,-4.5664887048460696e-7
t4964,-4.272219121851906e-7,-4.5043558092303373e-7,-4.4741927923853665e-7,-5.368959104118902e-7
t4965,-5.047216390632196e-7,-5.509429284157082e-7,-5.203232623117149e-7,-6.015233633775213e-7
t4966,-5.781183699064054e-7,-6.466574705347781e-7,-5.899464870366143e-7,-6.688248147075105e-7
t4967,-4.7591822710329987e-7,-5.21393446874008e-7,-4.928950718486605e-7,-5.775496887605094e-7
t4968,-4.1107363351486896e-7,-4.4768267989287937e-7,-4.31773876135897e-7,-5.233875803580296e-7
t4969,-4.2270100972201946e-7,-4.632937450856611e-7,-4.426389212071235e-7,-5.326432896352943e-7
t4970,-4.4699389487640863e-7,-4.919177484228462e-7,-4.6594681400623855e-7,-5.54420639950785e-7
t4971,-4.914562136181132e-7,-5.399826951586914e-7,-5.08417782579283e-7,-5.939242982630553e-7
t4972,-5.433914940349942e-7,-5.999519634222503e-7,-5.587712253070348e-7,-6.437940506552506e-7
t4973,-5.435370380048288e-7,-5.871142468396794e-7,-5.623490187307545e-7,-6.546119320768915e-7
t4974,-5.092225205849337e-7,-5.356134526417847e-7,-5.325065178991652e-7,-6.346674722579734e-7
t4975,-3.982360581536011e-7,-3.882815676120244e-7,-4.313599606534818e-7,-5.55558547514255e-7
t4976,-2.1199053301035477e-7,-1.438370179552882e-7,-2.673442217260425e-7,-4.3041021944400917e-7
t4977,-1.486042899845691e-7,-5.1319425636702706e-8,-2.1060545395836135e-7,-3.849938096775258e-7
t4978,-1.2592979378749522e-7,-2.2492004015787687e-8,-1.8735296831411173e-7,-3.6249505367664097e-7
t4979,-1.0390840579695737e-7,-1.15141045879926e-8,-1.5913114955886835e-7,-3.154684932096264e-7
t4980,-9.205385505660117e-8,-7.352307898431272e-9,-1.4232283969095693e-7,-2.796638815756273e-7
t4981,-8.687084671875042e-8,-6.153002783796011e-9,-1.3543655200310452e-7,-2.7058041368357464e-7
t4982,-8.893169175335602e-8,-7.689770940569233e-9,-1.3944904368732032e-7,-2.841506336306225e-7
t4983,-9.407778181803201e-8,-1.1719314424598297e-8,-1.463205213245903e-7,-2.9470543383387024e-7
t4984,-1.0384985764752452e-7,-2.3512911569038324e-8,-1.5610927580474028e-7,-3.061080066509048e-7
t4985,-1.2467616708303347e-7,-5.331302815422313e-8,-1.7536107857678346e-7,-3.232206795418476e-7
t4986,-1.8870289041009054e-7,-1.4383724213023685e-7,-2.312218165935269e-7,-3.673132715756984e-7
t4987,-3.969897477284312e-7,-4.130706194715365e-7,-4.2049989949281747e-7,-5.203503096668311e-7
t4988,-5.31447776450112e-7,-5.89535811807162e-7,-5.45390405808765e-7,-6.302597711667796e-7
t4989,-5.57523716496094e-7,-6.204074893340958e-7,-5.707478019302117e-7,-6.547533320530403e-7
t4990,-5.556974560665809e-7,-6.127955733208131e-7,-5.703643763526054e-7,-6.573681089236661e-7
t4991,-4.621005113511358e-7,-5.003705945728223e-7,-4.807145740742034e-7,-5.706016269192722e-7
t4992,-4.089601682897659e-7,-4.3798992549627164e-7,-4.3046453022547363e-7,-5.229979972102787e-7
t4993,-4.2587379544698e-7,-4.565838772483367e-7,-4.467837723875484e-7,-5.362331040894854e-7
t4994,-4.254583293043896e-7,-4.53269193219537e-7,-4.4680280096936457e-7,-5.375461701039994e-7
t4995,-4.1963052224573246e-7,-4.3933327277174544e-7,-4.426958547009292e-7,-5.372363361398166e-7
t4996,-3.945519717289576e-7,-3.9913326523684766e-7,-4.2157818616716855e-7,-5.241891666828713e-7
t4997,-3.641867745414788e-7,-3.5083021685785566e-7,-3.96665926988414e-7,-5.125551171176511e-7
t4998,-3.294513620564718e-7,-3.021751967354396e-7,-3.671294092028888e-7,-4.960129029779028e-7
t4999,-2.663774148824732e-7,-2.1776194559259733e-7,-3.1275017517930686e-7,-4.601976775689931e-7
t5000,-1.7824940248560224e-7,-9.46683860069105e-8,-2.3815768387206986e-7,-4.049764438867644e-7
t5001,-1.4376611751680725e-7,-4.080587564537531e-8,-2.0741989034478573e-7,-3.787452650705765e-7
t5002,-1.2672533908950232e-7,-1.9621133281580774e-8,-1.8930468423983005e-7,-3.6254879936295776e-7
t5003,-1.0814415289533871e-7,-1.0839844476725493e-8,-1.6571282500676048e-7,-3.2672046655550353e-7
t5004,-9.726418372243729e-8,-7.094709009209469e-9,-1.4982845721974907e-7,-2.9671316726764e-7
t5005,-9.446176391797867e-8,-6.995330725180334e-9,-1.4658701395953675e-7,-2.944004905724393e-7
t5006,-9.915385827782891e-8,-1.1131590125742686e-8,-1.5271505628253021e-7,-3.0112578605030614e-7
t5007,-1.033700039929811e-7,-1.7537397747376402e-8,-1.562585400148861e-7,-3.028461889158584e-7
t5008,-1.1836334657345226e-7,-3.7224686960175185e-8,-1.713899666537279e-7,-3.1770784559661403e-7
t5009,-1.4798846368435696e-7,-8.057376811982924e-8,-1.98013219388716e-7,-3.395272773254295e-7
t5010,-2.3475045639702305e-7,-1.9752824500338814e-7,-2.731514369189748e-7,-4.012019694413093e-7
t5011,-4.58947336282963e-7,-4.901052284187161e-7,-4.785706630430817e-7,-5.746057800409214e-7
t5012,-6.542023143999069e-7,-7.486636074616008e-7,-6.611636777044144e-7,-7.392669936563691e-7
t5013,-7.592761481469242e-7,-8.873395942423844e-7,-7.596846659997599e-7,-8.29929954668197e-7
t5014,-8.979775597346111e-7,-1.066458017886438e-6,-8.897617066602943e-7,-9.505099335941535e-7
t5015,-8.257495077576306e-7,-9.81647367477057e-7,-8.177969478375956e-7,-8.768271541007392e-7
t5016,-5.011449413670265e-7,-5.72327619455524e-7,-5.135155459132896e-7,-5.983325475820364e-7
t5017,-4.83106300831156e-7,-5.460954459499873e-7,-4.972426791690873e-7,-5.823211322305188e-7
t5018,-4.775864080151588e-7,-5.377626378635107e-7,-4.922763535838783e-7,-5.76086672678215e-7
t5019,-6.419051040529258e-7,-7.606877092557592e-7,-6.436042867870217e-7,-7.092917222551909e-7
t5020,-9.676182582729174e-7,-1.1639596584285533e-6,-9.489725871069799e-7,-9.879146111259397e-7
t5021,-9.553159547482942e-7,-1.1385435397426434e-6,-9.427665039627121e-7,-9.922646152710913e-7
t5022,-7.838446610749241e-7,-9.006562523212037e-7,-7.874774097490963e-7,-8.58540395987409e-7
t5023,-5.435295231347858e-7,-5.778917548181813e-7,-5.659298786960155e-7,-6.675086748481909e-7
t5024,-2.90572898282065e-7,-2.4879029412360927e-7,-3.353016200035182e-7,-4.806976678340161e-7
t5025,-1.8494182240005573e-7,-1.0483549913903826e-7,-2.4361377349490676e-7,-4.095111093864501e-7
t5026,-1.5473395793001146e-7,-5.600964563445913e-8,-2.1665385304152637e-7,-3.907548465706247e-7
t5027,-1.376035842618822e-7,-3.875653915095833e-8,-1.9785919061000414e-7,-3.652056296929337e-7
t5028,-1.2948730697650791e-7,-3.3465281754036845e-8,-1.8747413787056307e-7,-3.505194126879071e-7
t5029,-1.2119751678669544e-7,-3.3772612053722035e-8,-1.7552774887932475e-7,-3.292747054123267e-7
t5030,-1.1979725477121454e-7,-3.889029104730511e-8,-1.726097240903043e-7,-3.207731952867353e-7
t5031,-1.253996689193343e-7,-5.126066479556803e-8,-1.7703271989593542e-7,-3.2171453666243554e-7
t5032,-1.4720146999556367e-7,-8.400124592122974e-8,-1.9593155831478788e-7,-3.35990083378409e-7
t5033,-1.8949579024904248e-7,-1.428143757493659e-7,-2.3221398865702916e-7,-3.6393555457743446e-7
t5034,-2.9536695987185716e-7,-2.7813870855628915e-7,-3.272887549859786e-7,-4.415834735854747e-7
t5035,-4.6395752329358193e-7,-5.013180463754173e-7,-4.825751666345516e-7,-5.708890495995715e-7
t5036,-5.314744542910122e-7,-5.897261817159207e-7,-5.450175225914834e-7,-6.280793756664857e-7
t5037,-5.985628109075767e-7,-6.744673966799264e-7,-6.088245210487605e-7,-6.875577195086418e-7
t5038,-6.933572897315928e-7,-7.96143776327831e-7,-6.986470097801394e-7,-7.717565779225142e-7
t5039,-6.365245723531055e-7,-7.331673979329161e-7,-6.427944599410173e-7,-7.13809855977222e-7
t5040,-6.696734466211443e-7,-7.852047260642885e-7,-6.730138546312439e-7,-7.394236174700465e-7
t5041,-8.200331156687776e-7,-9.812860541334266e-7,-8.129475898434026e-7,-8.654829090387486e-7
t5042,-9.418301379773156e-7,-1.1410702589714139e-6,-9.256440822317616e-7,-9.656306344521408e-7
t5043,-1.0381335559028396e-6,-1.2623040955595408e-6,-1.0153196514538812e-6,-1.0472336439799736e-6
t5044,-1.0134773960293737e-6,-1.2230271756781485e-6,-9.955105380048316e-7,-1.0356017816481876e-6
t5045,-8.869679160264571e-7,-1.045080024884152e-6,-8.815338684546832e-7,-9.385590275955863e-7
t5046,-7.390965472802804e-7,-8.388104860666528e-7,-7.468232113448015e-7,-8.250537253330012e-7
t5047,-5.451507274235425e-7,-5.79737901799449e-7,-5.679447581650358e-7,-6.707753675389029e-7
t5048,-3.1557992683660043e-7,-2.792364442373409e-7,-3.5835791097672246e-7,-5.005867132694824e-7
t5049,-2.0231534386572728e-7,-1.2612836583730732e-7,-2.6060162363664654e-7,-4.264543475711786e-7
t5050,-1.6682339931749114e-7,-6.42519475172131e-8,-2.3060658589034613e-7,-4.0992130665108276e-7
t5051,-1.47991403017323e-7,-3.869594974493169e-8,-2.132723674591663e-7,-3.9629790585061674e-7
t5052,-1.3681239502888724e-7,-3.0978675123597196e-8,-2.0017405615705933e-7,-3.769850195427455e-7
t5053,-1.311489684186099e-7,-3.129792953202204e-8,-1.928961472249712e-7,-3.638773700571115e-7
t5054,-1.310079129526326e-7,-3.7235143461849735e-8,-1.9076434158141717e-7,-3.55602429375146e-7
t5055,-1.3937288085574394e-7,-5.1837275408558766e-8,-1.9837762148883823e-7,-3.6095023148307475e-7
t5056,-1.5582299550231228e-7,-7.936288331298037e-8,-2.1261663089056024e-7,-3.6973001125024096e-7
t5057,-2.0462346601336754e-7,-1.4844614497245073e-7,-2.5492864329454784e-7,-4.049532413439657e-7
t5058,-3.1236355011093176e-7,-2.8594449726550283e-7,-3.506443891152253e-7,-4.834026295132023e-7
t5059,-4.442756840151839e-7,-4.53002907643315e-7,-4.7240682492659957e-7,-5.871960838160336e-7
t5060,-4.2544204613001277e-7,-4.2936771509867337e-7,-4.5416662209453335e-7,-5.704710593399753e-7
t5061,-3.9178128107938464e-7,-3.8495268947441074e-7,-4.23326525736312e-7,-5.433451713882981e-7
t5062,-3.6739179411584515e-7,-3.518472255066429e-7,-4.020467571094144e-7,-5.269945048342849e-7
t5063,-3.514352657574979e-7,-3.408549338320784e-7,-3.8344452452712485e-7,-4.956255112086876e-7
t5064,-3.513665664949941e-7,-3.4280855426010495e-7,-3.8284687796234237e-7,-4.90730415038844e-7
t5065,-3.383462225889852e-7,-3.249736893077913e-7,-3.71318369133446e-7,-4.833885747163884e-7
t5066,-3.161827265838638e-7,-2.9605504318094385e-7,-3.515466810860441e-7,-4.681932993270665e-7
t5067,-2.943797770919332e-7,-2.680340608949518e-7,-3.3282899937543705e-7,-4.5412176163766e-7
t5068,-2.8168330166899925e-7,-2.497670192363802e-7,-3.2220330203987696e-7,-4.4975491257308893e-7
t5069,-2.802697057879592e-7,-2.434340671964225e-7,-3.236566107086761e-7,-4.5838166897653213e-7
t5070,-2.853794932131423e-7,-2.443683579181565e-7,-3.3027378704693333e-7,-4.6960881455218366e-7
t5071,-2.720815477203925e-7,-2.2242680378128287e-7,-3.207821490172633e-7,-4.6902560177664386e-7
t5072,-2.028135264333817e-7,-1.2749311429670636e-7,-2.6206131925998265e-7,-4.261061267381122e-7
t5073,-1.5695281379786348e-7,-5.6685109893908835e-8,-2.2301906986310032e-7,-3.989298906808388e-7
t5074,-1.383387803713351e-7,-2.5662764848562335e-8,-2.0674536034752904e-7,-3.9437372204671917e-7
t5075,-1.1372218528690991e-7,-1.3111595217629191e-8,-1.7469975580669926e-7,-3.392554213875073e-7
t5076,-1.0221372252846011e-7,-9.064563705801137e-9,-1.5839199551917893e-7,-3.057185490583716e-7
t5077,-9.66613749669384e-8,-7.55343602674614e-9,-1.5181134921551565e-7,-2.927123486455205e-7
t5078,-9.629889233789862e-8,-8.028953426136623e-9,-1.513032934418836e-7,-2.9303758456123795e-7
t5079,-1.0435449943322116e-7,-1.1539292168573047e-8,-1.6401027677657243e-7,-3.190695571696504e-7
t5080,-1.2092712452720957e-7,-2.1151970066854488e-8,-1.8524820505283087e-7,-3.573371705881889e-7
t5081,-1.4178754734578452e-7,-4.6521071896702367e-8,-2.0554717826962773e-7,-3.7693590522201984e-7
t5082,-1.9720591422073796e-7,-1.261573067629692e-7,-2.5557430358071827e-7,-4.184198685082304e-7
t5083,-3.9421384394410874e-7,-3.7947374366984733e-7,-4.3067135906444283e-7,-5.585199612491859e-7
t5084,-4.817118211263849e-7,-4.915581778639055e-7,-5.112298210270347e-7,-6.285082070663e-7
t5085,-4.5425354865182106e-7,-4.5577754670647197e-7,-4.858448597473655e-7,-6.077164376689861e-7
t5086,-4.2012118778193936e-7,-4.145791141664586e-7,-4.5375656497577283e-7,-5.81045388005614e-7
t5087,-3.8461101270710905e-7,-3.824220946647526e-7,-4.154405985040664e-7,-5.306568571101379e-7
t5088,-3.675255102114188e-7,-3.662525278511605e-7,-3.9761609450228165e-7,-5.094160592634001e-7
t5089,-3.623367101855413e-7,-3.621657137750449e-7,-3.9180924652194417e-7,-5.015906053909243e-7
t5090,-3.6822336719412294e-7,-3.704111215541769e-7,-3.9754793371387897e-7,-5.06182373280499e-7
t5091,-3.8564231788956003e-7,-3.911304970689507e-7,-4.138598875625744e-7,-5.201722256101989e-7
t5092,-4.2113820120853846e-7,-4.313380819943098e-7,-4.4857804175893633e-7,-5.528606162602508e-7
t5093,-4.5746770258410345e-7,-4.6552073322718325e-7,-4.857217444207989e-7,-5.963011818453163e-7
t5094,-4.5966904343538103e-7,-4.627373606145144e-7,-4.901860913185418e-7,-6.070330003786426e-7
t5095,-3.8094040053527134e-7,-3.5718553291574815e-7,-4.192084333964578e-7,-5.533745228816121e-7
t5096,-2.255241938284836e-7,-1.5108043645825826e-7,-2.8356284700356636e-7,-4.527819806197344e-7
t5097,-1.6211382336712635e-7,-5.729486184754269e-8,-2.2708597434030376e-7,-4.078190029898151e-7
t5098,-1.3829539973616713e-7,-2.6390190380705977e-8,-2.0258771911387384e-7,-3.863933919575796e-7
t5099,-1.1706846520097284e-7,-1.58388039648062e-8,-1.7643882586318588e-7,-3.45279998542526e-7
t5100,-1.0861935467213295e-7,-1.2406559742064899e-8,-1.631479111366394e-7,-3.234744771941338e-7
t5101,-1.066767608732393e-7,-1.2888991698983327e-8,-1.6047053428471547e-7,-3.174858720176999e-7
t5102,-1.0718224143247825e-7,-1.54806707967056e-8,-1.606974190839345e-7,-3.158888987073759e-7
t5103,-1.114885923299873e-7,-2.285148709582606e-8,-1.6423510633782025e-7,-3.1644469602455557e-7
t5104,-1.223579488117783e-7,-3.9012920188491924e-8,-1.7438055209517127e-7,-3.2256605881708605e-7
t5105,-1.433448761775968e-7,-6.952333144931755e-8,-1.935668066955289e-7,-3.3887063911463697e-7
t5106,-1.9540153584390867e-7,-1.414575143236392e-7,-2.3870319341046875e-7,-3.7528470212683426e-7
t5107,-3.2275009749384756e-7,-3.0512909498561275e-7,-3.526885596873311e-7,-4.668269648997623e-7
t5108,-4.002740490228699e-7,-4.031610383878965e-7,-4.245697387233863e-7,-5.283711546966791e-7
t5109,-4.1768403271076174e-7,-4.2475862906385734e-7,-4.412284168273782e-7,-5.437688189482165e-7
t5110,-4.436092780793291e-7,-4.543050637356648e-7,-4.6691424278341704e-7,-5.693758146934659e-7
t5111,-4.426800506055354e-7,-4.6320042119755324e-7,-4.6409023928824964e-7,-5.594349828420795e-7
t5112,-4.335473687534695e-7,-4.563771257332184e-7,-4.545919557304145e-7,-5.470683655832842e-7
t5113,-4.5891582270724437e-7,-4.898259057608244e-7,-4.781596543701057e-7,-5.668625661717824e-7
t5114,-4.917423984621989e-7,-5.325706999716984e-7,-5.091031010816574e-7,-5.948267631199745e-7
t5115,-5.176317578088729e-7,-5.61482333450381e-7,-5.347721782327078e-7,-6.226460278787401e-7
t5116,-5.10063050744716e-7,-5.419933677603302e-7,-5.304688652388302e-7,-6.270554593948734e-7
t5117,-4.634483472375273e-7,-4.772135285471494e-7,-4.888370696847172e-7,-5.968631763485208e-7
t5118,-4.1220370396084504e-7,-4.0608747624926545e-7,-4.4325441135311757e-7,-5.661313488376882e-7
t5119,-3.241677442461407e-7,-2.8946209069002757e-7,-3.647538020777257e-7,-5.089271153358e-7
t5120,-2.0454374037797648e-7,-1.2648903511005995e-7,-2.6146781945387466e-7,-4.3321108651448074e-7
t5121,-1.5236106380062442e-7,-4.6157932427556424e-8,-2.150422145841746e-7,-3.9669272256901796e-7
t5122,-1.2622959319604267e-7,-1.8727020295940592e-8,-1.865948536199567e-7,-3.659482733125786e-7
t5123,-1.0095083697247693e-7,-8.481069960338586e-9,-1.5373573577255362e-7,-3.037634958848575e-7
t5124,-8.912220270647882e-8,-4.376198480310579e-9,-1.3506783469188614e-7,-2.682273609450378e-7
t5125,-8.213797996956473e-8,-2.5192396517044987e-9,-1.2602014864340363e-7,-2.5181579652446293e-7
t5126,-8.119263235616548e-8,-2.688092490425775e-9,-1.2490086997218785e-7,-2.512491426239542e-7
t5127,-8.977270298022303e-8,-6.340142870605978e-9,-1.3719732644752708e-7,-2.8031967138622673e-7
t5128,-1.0059890723651176e-7,-1.5121334948287687e-8,-1.5039724086396902e-7,-2.9978882747283485e-7
t5129,-1.1913189923515864e-7,-3.896644112573093e-8,-1.6854378526325235e-7,-3.185599923076616e-7
t5130,-1.6552443445770694e-7,-1.0567787048370152e-7,-2.1045557637922182e-7,-3.5302051824804433e-7
t5131,-2.8187675518173655e-7,-2.5702646165115747e-7,-3.1384831650373335e-7,-4.353360734583949e-7
t5132,-3.4279688633982343e-7,-3.3408577031061323e-7,-3.7038605316552617e-7,-4.819831583478413e-7
t5133,-3.64322062528543e-7,-3.602225762558497e-7,-3.903925603323401e-7,-5.00955933263998e-7
t5134,-4.051824049896469e-7,-4.0826112815220673e-7,-4.300025950562752e-7,-5.384934873509338e-7
t5135,-4.103698551950694e-7,-4.248187367140644e-7,-4.326991966991308e-7,-5.336408512376205e-7
t5136,-3.929840061101365e-7,-4.069950199513379e-7,-4.162076042707466e-7,-5.160725500294266e-7
t5137,-3.859400575239134e-7,-3.9657341896641056e-7,-4.0998453907357394e-7,-5.108545118732459e-7
t5138,-3.877460252456273e-7,-3.9718278391186797e-7,-4.122176445765002e-7,-5.128879764893843e-7
t5139,-3.7999791716235036e-7,-3.8292917541050613e-7,-4.0635085405119177e-7,-5.112325668129882e-7
t5140,-3.73973837507294e-7,-3.6790864580508234e-7,-4.033613923124507e-7,-5.148151907705062e-7
t5141,-3.6069191147552666e-7,-3.429423133320073e-7,-3.9402564959777474e-7,-5.168595702827324e-7
t5142,-3.572394368852841e-7,-3.3307272628806796e-7,-3.930891066445109e-7,-5.232444351865266e-7
t5143,-2.8906102133145693e-7,-2.4161574778152103e-7,-3.3271276396573486e-7,-4.806000620538312e-7
t5144,-1.7096346983390042e-7,-7.479643914045434e-8,-2.3077756886839877e-7,-4.0581394591287787e-7
t5145,-1.2593819705418197e-7,-1.9218832792646303e-8,-1.8591063508103456e-7,-3.605826697913066e-7
t5146,-9.46311200017979e-8,-6.249972596774691e-9,-1.417426269303776e-7,-2.7329920482675907e-7
t5147,-8.581448231369605e-8,-2.986022684718265e-9,-1.2943350854087237e-7,-2.507456560111485e-7
t5148,-8.208189094565738e-8,-1.6191572653223913e-9,-1.236629766994226e-7,-2.4231486676853303e-7
t5149,-7.474382307690952e-8,5.117598154873802e-10,-1.1414986242049737e-7,-2.2623293951574e-7
t5150,-7.070102161646371e-8,1.4313287998712165e-9,-1.0939255456944403e-7,-2.1631741039566073e-7
t5151,-7.142577564514238e-8,7.501449348288479e-10,-1.1121578854031253e-7,-2.2228312473300916e-7
t5152,-8.477460270900252e-8,-3.520755655783339e-9,-1.3086678159864276e-7,-2.6817269015534453e-7
t5153,-1.0365346789066799e-7,-1.598523405080782e-8,-1.5317093677979647e-7,-3.0334177378036207e-7
t5154,-1.3080166713528952e-7,-5.3377540711948254e-8,-1.7994039584639363e-7,-3.2595609574742543e-7
t5155,-2.071874007724253e-7,-1.5745910736656783e-7,-2.466384377344081e-7,-3.7950271329976885e-7
t5156,-2.645266182389952e-7,-2.2967859146548463e-7,-2.98329468514351e-7,-4.225109371983737e-7
t5157,-2.836980939765713e-7,-2.5236048640135865e-7,-3.168701292202797e-7,-4.410295368870269e-7
t5158,-2.8783904463393956e-7,-2.549896941959193e-7,-3.221781534088051e-7,-4.503443578591705e-7
t5159,-2.90887901031624e-7,-2.665359556834959e-7,-3.229735210193386e-7,-4.4025451339049177e-7
t5160,-2.953283727363939e-7,-2.7594051076306394e-7,-3.259963444259776e-7,-4.389995895317071e-7
t5161,-3.159471559463291e-7,-3.0191723814760315e-7,-3.457998221995858e-7,-4.575769571348828e-7
t5162,-3.328418575244421e-7,-3.2345323836310227e-7,-3.6145971918704075e-7,-4.708207682412719e-7
t5163,-3.417419758024511e-7,-3.321163880303751e-7,-3.714242081842759e-7,-4.849634650747057e-7
t5164,-3.3591456116613484e-7,-3.190812836962395e-7,-3.681646570100581e-7,-4.879249728148227e-7
t5165,-3.3157981116838037e-7,-3.0499221298356413e-7,-3.6727066681915213e-7,-4.971497249410469e-7
t5166,-3.1958142390168217e-7,-2.847218779097655e-7,-3.589093738093342e-7,-4.984001751247651e-7
t5167,-2.597167250810208e-7,-2.0253726436817053e-7,-3.083350736992707e-7,-4.647776519341329e-7
t5168,-1.5841466633700388e-7,-5.584520972625898e-8,-2.2005208846794533e-7,-3.9853345902898945e-7
t5169,-1.1741746593287385e-7,-1.4201741865941567e-8,-1.7615805255946443e-7,-3.457300667983195e-7
t5170,-9.443717182258613e-8,-5.942160229137394e-9,-1.4038393495844697e-7,-2.7000143877574643e-7
t5171,-8.664809661461633e-8,-3.0950057428999402e-9,-1.2999925342764956e-7,-2.5093770460098833e-7
t5172,-8.31059824206102e-8,-1.892881000954139e-9,-1.2450011083946112e-7,-2.4306168420272106e-7
t5173,-7.604312639073174e-8,8.752970117478531e-11,-1.160848842493652e-7,-2.2703674205065608e-7
t5174,-7.275673888455705e-8,7.544269832338787e-10,-1.1176302177161601e-7,-2.2000441849664135e-7
t5175,-7.43179628782463e-8,-2.9589776248403634e-10,-1.1430583089564444e-7,-2.270256785895379e-7
t5176,-9.020834325567372e-8,-5.673703254802378e-9,-1.3753389431743987e-7,-2.7921521068311605e-7
t5177,-1.0954234067194636e-7,-1.906162720475341e-8,-1.5985972093160463e-7,-3.129666133178893e-7
t5178,-1.3717327332127927e-7,-5.663373066651023e-8,-1.8639813682349341e-7,-3.370451101355958e-7
t5179,-2.0997301621866685e-7,-1.5775485380038228e-7,-2.507344180793889e-7,-3.8720257350416787e-7
t5180,-2.613449036203823e-7,-2.226588781358553e-7,-2.9678197164971037e-7,-4.260203657821209e-7
t5181,-2.833270284428478e-7,-2.495303541935735e-7,-3.178228146266736e-7,-4.467895806459763e-7
t5182,-2.9138529543803006e-7,-2.564746161409244e-7,-3.2724248450146957e-7,-4.5842447665081065e-7
t5183,-2.975990678768711e-7,-2.7249376580947304e-7,-3.302521466644098e-7,-4.5029242640664056e-7
t5184,-2.9199295694342523e-7,-2.7183170610156546e-7,-3.2297501432279374e-7,-4.3637594426137605e-7
t5185,-2.869844519220699e-7,-2.664687958820986e-7,-3.1891662849988787e-7,-4.3362918271667844e-7
t5186,-2.748881501531509e-7,-2.51589106330401e-7,-3.0787664917752905e-7,-4.2348079353814014e-7
t5187,-2.691738241540551e-7,-2.418836792576467e-7,-3.040112512584052e-7,-4.245928289117652e-7
t5188,-2.7478010496359737e-7,-2.435732751658548e-7,-3.1158001873328113e-7,-4.377009706897444e-7
t5189,-2.8692702914677457e-7,-2.522066188056245e-7,-3.255997530196253e-7,-4.574571350395032e-7
t5190,-2.894405116354611e-7,-2.5000758466688627e-7,-3.2954868762991896e-7,-4.663506392922882e-7
t5191,-2.4135433150711573e-7,-1.8237472593194236e-7,-2.8900574937818047e-7,-4.4354757769935087e-7
t5192,-1.546980209178647e-7,-5.4291636286058694e-8,-2.1471412757685428e-7,-3.867674480519762e-7
t5193,-1.1892595680196434e-7,-1.5426478981263415e-8,-1.7737907144919143e-7,-3.477992211318296e-7
t5194,-9.53107233458578e-8,-5.902738747807596e-9,-1.421246464024513e-7,-2.7543224224827664e-7
t5195,-8.750076162412607e-8,-3.2371332877912077e-9,-1.3188820306754915e-7,-2.5936140957289184e-7
t5196,-8.401078662323951e-8,-2.1659605629285617e-9,-1.2661552140225794e-7,-2.490251963558852e-7
t5197,-7.842204275344465e-8,-1.0659739946024629e-9,-1.1983512109600126e-7,-2.3654499906136592e-7
t5198,-7.905929490594879e-8,-2.3673378550216935e-9,-1.2193992495399985e-7,-2.420006270858383e-7
t5199,-9.32929318416883e-8,-8.459077833474512e-9,-1.4220471314139453e-7,-2.875347466397965e-7
t5200,-1.0943277910389307e-7,-2.3566342298658716e-8,-1.6072671546030055e-7,-3.1235678533640566e-7
t5201,-1.397625484059688e-7,-6.747078929536338e-8,-1.891715779595716e-7,-3.398405420974541e-7
t5202,-2.606971602551428e-7,-2.288004177923029e-7,-2.967038313774906e-7,-4.286403769241486e-7
t5203,-5.421836824912561e-7,-5.941301761043244e-7,-5.579213474715174e-7,-6.456266606528025e-7
t5204,-6.758542724934744e-7,-7.711303626471886e-7,-6.827922009397203e-7,-7.577047075421974e-7
t5205,-7.289667325023296e-7,-8.365849213467808e-7,-7.341952941168991e-7,-8.088319431016067e-7
t5206,-7.582737321595935e-7,-8.701332995936407e-7,-7.630463027384834e-7,-8.390664527838652e-7
t5207,-7.520980282735471e-7,-8.755149423723598e-7,-7.540732912693898e-7,-8.230011953950442e-7
t5208,-7.647737141773897e-7,-8.942029130434013e-7,-7.656641536516251e-7,-8.32631439852014e-7
t5209,-7.775428226610078e-7,-9.08516151062108e-7,-7.78173408240647e-7,-8.455760474960619e-7
t5210,-7.882840633483376e-7,-9.212314477833668e-7,-7.885350742647977e-7,-8.551759494613112e-7
t5211,-8.081798317714614e-7,-9.441727299957816e-7,-8.080787435640776e-7,-8.731735080487445e-7
t5212,-7.804395425735412e-7,-9.004653986439656e-7,-7.840173569259144e-7,-8.542160574144436e-7
t5213,-7.372675091425466e-7,-8.358239691077223e-7,-7.457595036532563e-7,-8.233963512136551e-7
t5214,-7.570946530603626e-7,-8.547999909693139e-7,-7.66574409111278e-7,-8.459327893937719e-7
t5215,-6.53766761066752e-7,-7.135143069696164e-7,-6.716212954766969e-7,-7.654785525611067e-7
t5216,-3.411887413732472e-7,-3.0463247063821546e-7,-3.8233829941783123e-7,-5.29163816504052e-7
t5217,-2.1207466535833975e-7,-1.2955412160847852e-7,-2.6941680877483557e-7,-4.4124361307218195e-7
t5218,-1.7489973744477537e-7,-6.443479747615651e-8,-2.390266670911691e-7,-4.26580491201997e-7
t5219,-1.5527681654519388e-7,-4.089650888265345e-8,-2.1990955583119633e-7,-4.1099885677175215e-7
t5220,-1.4368645366079672e-7,-3.449735014872299e-8,-2.0753034956267862e-7,-3.926278636580271e-7
t5221,-1.375873716370349e-7,-3.3992949129233536e-8,-1.992795614063435e-7,-3.790490155009715e-7
t5222,-1.3976995175195987e-7,-4.1485745591610724e-8,-2.0004228005412228e-7,-3.757241229283312e-7
t5223,-1.512684237055604e-7,-6.036757741225679e-8,-2.1054310693574966e-7,-3.817319570047569e-7
t5224,-1.8581819520678287e-7,-1.1325943941135966e-7,-2.4064165271822033e-7,-4.0610322896475764e-7
t5225,-2.803773219987675e-7,-2.402377570901175e-7,-3.233667712419133e-7,-4.7200007021743127e-7
t5226,-5.577792549420675e-7,-5.940231441501024e-7,-5.789196751911513e-7,-6.860646972642242e-7
t5227,-1.3790689134574866e-6,-1.6741185551732634e-6,-1.34486478952186e-6,-1.3658020211189166e-6
t5228,-1.6442797709475213e-6,-2.0134809476353377e-6,-1.5889718629058667e-6,-1.5831667235469008e-6
t5229,-1.6803254627777834e-6,-2.0568360441300346e-6,-1.6226569086362485e-6,-1.6143190003077407e-6
t5230,-1.7093559193925718e-6,-2.091875557830775e-6,-1.6503966115198233e-6,-1.640318944343939e-6
t5231,-1.7432398744440493e-6,-2.143096145249089e-6,-1.6713665163424655e-6,-1.645762134062985e-6
t5232,-1.8425289258726813e-6,-2.2687684720200007e-6,-1.759565864975984e-6,-1.7203632088550971e-6
t5233,-2.0004436157973992e-6,-2.462588617957214e-6,-1.9043688617171e-6,-1.8484360446351397e-6
t5234,-2.15969971266724e-6,-2.6549089225136473e-6,-2.048659188840464e-6,-1.9758115419776387e-6
t5235,-2.3081291538795626e-6,-2.8324025956775e-6,-2.184583065892454e-6,-2.0973657061228366e-6
t5236,-2.319060617320835e-6,-2.8445759211236355e-6,-2.1968927986955775e-6,-2.112053210465865e-6
t5237,-2.1138180907054456e-6,-2.5954052817394053e-6,-2.0131364019617433e-6,-1.9558256142712487e-6
t5238,-1.7912093617639423e-6,-2.1943560315636945e-6,-1.7236949462858986e-6,-1.7061727141959282e-6
t5239,-1.0370581996945379e-6,-1.2143192544768107e-6,-1.03242455154003e-6,-1.0964036668014958e-6
t5240,-3.541559712121626e-7,-3.187619945973786e-7,-4.004318629710043e-7,-5.571730931415547e-7
t5241,-1.9939049141784434e-7,-1.0852559091181373e-7,-2.652075763775747e-7,-4.5046962293058543e-7
t5242,-1.6333401888012995e-7,-4.6542606412117483e-8,-2.333029492768446e-7,-4.3183316080621946e-7
t5243,-1.3767113981443035e-7,-2.636625594170318e-8,-2.034387925236899e-7,-3.882954292063078e-7
t5244,-1.2383919953592763e-7,-1.949803494834265e-8,-1.8556825691786223e-7,-3.57022157014358e-7
t5245,-1.1881374284245527e-7,-1.7539675355878748e-8,-1.79009373071465e-7,-3.4725641591964116e-7
t5246,-1.1962951173395285e-7,-1.828127596604293e-8,-1.8114245327339852e-7,-3.5256554297329476e-7
t5247,-1.307613063885913e-7,-2.492888794726994e-8,-1.9578726584729234e-7,-3.781183116304057e-7
t5248,-1.4551849244029414e-7,-4.019495547246606e-8,-2.1087272532893034e-7,-3.9352885458337613e-7
t5249,-1.7863661689854237e-7,-9.035634938790951e-8,-2.406040475680541e-7,-4.183446353560656e-7
t5250,-3.02864411981151e-7,-2.590157250327431e-7,-3.5014367634908227e-7,-5.095181537114065e-7
t5251,-7.618562423424046e-7,-8.535752710460916e-7,-7.753304256054182e-7,-8.693177868732161e-7
t5252,-1.0906416296164482e-6,-1.2869599826399372e-6,-1.0819127937649227e-6,-1.1446816464072106e-6
t5253,-1.2707720417196253e-6,-1.5215756208737738e-6,-1.249357057797223e-6,-1.2956178228731497e-6
t5254,-1.4256212934081024e-6,-1.7241868373697813e-6,-1.3914578277099544e-6,-1.4200590527605287e-6
t5255,-1.5798536969732341e-6,-1.935611722382761e-6,-1.5234482825713647e-6,-1.5232557195284898e-6
t5256,-1.694796620316312e-6,-2.087583042587415e-6,-1.6223338046707753e-6,-1.6023026747030255e-6
t5257,-1.7390934178059643e-6,-2.1455742079572484e-6,-1.6602295299581428e-6,-1.632738354047197e-6
t5258,-1.6458589095230182e-6,-2.0296788873281177e-6,-1.5747535839672502e-6,-1.5563907922723157e-6
t5259,-1.4551443369789773e-6,-1.786056339181764e-6,-1.4024582762615578e-6,-1.4051435049853987e-6
t5260,-1.2901786056077186e-6,-1.5667473591516982e-6,-1.2552420450913218e-6,-1.2790862216789696e-6
t5261,-1.1134690779684744e-6,-1.3282949365714566e-6,-1.0962045147469093e-6,-1.1414497973020374e-6
t5262,-1.0073446793385096e-6,-1.181999180114042e-6,-1.0008484281284262e-6,-1.0597581339924135e-6
t5263,-7.749414857249176e-7,-8.694255075327706e-7,-7.870860481762438e-7,-8.719252109419697e-7
t5264,-3.8992344909126225e-7,-3.635675409744704e-7,-4.3098515107123643e-7,-5.729136536497448e-7
t5265,-2.3563968250649788e-7,-1.6172759051885e-7,-2.9398038657532136e-7,-4.625418238729218e-7
t5266,-1.7955404582515101e-7,-7.710928552640856e-8,-2.4405857175181467e-7,-4.243450688946698e-7
t5267,-1.4798672865028033e-7,-4.306918311118559e-8,-2.1012540481537183e-7,-3.8703097903074623e-7
t5268,-1.3303011347492818e-7,-3.063868836223319e-8,-1.9226802216620127e-7,-3.6341354547781154e-7
t5269,-1.1935333003970864e-7,-2.401980108928171e-8,-1.7506156168194917e-7,-3.3704571274399173e-7
t5270,-1.1607355501786481e-7,-2.439427906072288e-8,-1.7007078410781025e-7,-3.267085584292293e-7
t5271,-1.2024073974338095e-7,-3.3555227780618366e-8,-1.730993810333156e-7,-3.265064417915638e-7
t5272,-1.3422154042313067e-7,-5.572697476391266e-8,-1.8588764425259656e-7,-3.3702953203706107e-7
t5273,-1.756234305678052e-7,-1.1508851984190998e-7,-2.2209485706533024e-7,-3.6669000877209095e-7
t5274,-3.0580346143976204e-7,-2.863997310467535e-7,-3.3771958428819794e-7,-4.5932960838522596e-7
t5275,-7.18034754118161e-7,-8.304227644222491e-7,-7.221921806889277e-7,-7.893572166944098e-7
t5276,-1.0062530584838155e-6,-1.2139266888776582e-6,-9.905129390872337e-7,-1.030551321908656e-6
t5277,-1.1486694154592765e-6,-1.4001530013096569e-6,-1.1226235249508149e-6,-1.1498306007263886e-6
t5278,-1.2173721993939974e-6,-1.4820053745958675e-6,-1.1879310721576597e-6,-1.212594675086234e-6
t5279,-1.0774957625550185e-6,-1.3140100982951093e-6,-1.0524519715513825e-6,-1.0825027466940586e-6
t5280,-8.388532496621683e-7,-1.011621015438751e-6,-8.29708948339163e-7,-8.802642760462345e-7
t5281,-7.809851279851143e-7,-9.310257934370239e-7,-7.764797324295583e-7,-8.329219267466028e-7
t5282,-7.433193608434151e-7,-8.754840291532801e-7,-7.422844139952662e-7,-8.030819678679458e-7
t5283,-7.289541963721177e-7,-8.469574867802494e-7,-7.312124534895672e-7,-7.969665331495571e-7
t5284,-6.76985906371689e-7,-7.641129438968927e-7,-6.86150478440256e-7,-7.653884377373473e-7
t5285,-6.109823205184704e-7,-6.690132684297011e-7,-6.268785985183433e-7,-7.174896639504559e-7
t5286,-5.561453277349944e-7,-5.90900872855808e-7,-5.780594589059022e-7,-6.800293785482763e-7
t5287,-4.4597625542299565e-7,-4.444166979056339e-7,-4.770614336176805e-7,-6.005484900712801e-7
t5288,-2.4105514419174664e-7,-1.7704375682364274e-7,-2.940406466485132e-7,-4.602449743304637e-7
t5289,-1.64417768361516e-7,-6.429463058326925e-8,-2.2709653862098942e-7,-4.0778367715224217e-7
t5290,-1.385651219380612e-7,-3.0001272124209546e-8,-2.0066533418608662e-7,-3.8240231255783727e-7
t5291,-1.1633699231422535e-7,-1.6964931394472066e-8,-1.7367865093165684e-7,-3.4214508004140813e-7
t5292,-1.0217842106716216e-7,-1.0675436853403794e-8,-1.5356735227267777e-7,-3.0480250368826086e-7
t5293,-9.424985066536243e-8,-8.353873781713857e-9,-1.4274134773969324e-7,-2.854483335958561e-7
t5294,-9.326627975008878e-8,-8.739516531557771e-9,-1.4171283414871244e-7,-2.880490095928271e-7
t5295,-9.781300641921467e-8,-1.2066622955822095e-8,-1.473023790223299e-7,-3.0020495500034625e-7
t5296,-1.0716505223377826e-7,-2.2703678957076794e-8,-1.5730807138408184e-7,-3.1130172068193456e-7
t5297,-1.2785750539643734e-7,-5.204747663281296e-8,-1.7720749962873187e-7,-3.2875371081282556e-7
t5298,-1.9559355692367403e-7,-1.4630780942609512e-7,-2.3675064234905531e-7,-3.7715878009581763e-7
t5299,-3.9389323914747594e-7,-4.0186444077703646e-7,-4.176204968081069e-7,-5.211251762248483e-7
t5300,-4.581403626224844e-7,-4.833291339602576e-7,-4.779170774545277e-7,-5.742919292957403e-7
t5301,-4.4296428351637465e-7,-4.6082051569684753e-7,-4.646223207984262e-7,-5.64039771566927e-7
t5302,-4.297457537745538e-7,-4.38850129055975e-7,-4.540405269879178e-7,-5.609747003441058e-7
t5303,-4.061444304010319e-7,-4.172468038974812e-7,-4.3020560096600673e-7,-5.30462061821035e-7
t5304,-3.9632963096264287e-7,-4.0886011736703433e-7,-4.2003760437993227e-7,-5.175222514523648e-7
t5305,-4.0649667205738023e-7,-4.2172801647428404e-7,-4.2971731210339403e-7,-5.265806248542891e-7
t5306,-4.1123043579782097e-7,-4.268574995378262e-7,-4.34638057505231e-7,-5.314696636751712e-7
t5307,-4.160402066733784e-7,-4.2930035315830805e-7,-4.4047374684676334e-7,-5.402277675256725e-7
t5308,-4.0816016654588424e-7,-4.1188882604820713e-7,-4.354907969814781e-7,-5.427860693856232e-7
t5309,-3.9498529750028567e-7,-3.8671012896957986e-7,-4.2670210926500824e-7,-5.446701231060623e-7
t5310,-3.917002506212399e-7,-3.7626780266891975e-7,-4.2575716744577456e-7,-5.507295342049362e-7
t5311,-3.309099627158153e-7,-2.9442173635499004e-7,-3.719494506331833e-7,-5.124488598445541e-7
t5312,-1.8557690683617822e-7,-9.556081935118216e-8,-2.451571695485595e-7,-4.196705723005876e-7
t5313,-1.4048852892483945e-7,-3.249601470631318e-8,-2.024963435731453e-7,-3.8013944674769845e-7
t5314,-1.1150671870717168e-7,-1.4302444484298804e-8,-1.6536023098238382e-7,-3.2023424134955015e-7
t5315,-9.654478707252202e-8,-8.531969953910597e-9,-1.4485475273717368e-7,-2.787013534139985e-7
t5316,-9.137332256755638e-8,-6.5007896564864755e-9,-1.368527325229301e-7,-2.635866379897439e-7
t5317,-8.474944563537626e-8,-5.144468746480028e-9,-1.2855712172855677e-7,-2.5021897940757725e-7
t5318,-8.405059092324571e-8,-5.845984730631983e-9,-1.280727395275444e-7,-2.5270672487827694e-7
t5319,-9.222351325278882e-8,-8.941709128175095e-9,-1.403411056248819e-7,-2.8158044464649846e-7
t5320,-1.0480103250858468e-7,-1.8156534838854926e-8,-1.553693142316087e-7,-3.0629094222791476e-7
t5321,-1.2737029136377625e-7,-4.758511695313555e-8,-1.7721658208118555e-7,-3.2915487020273394e-7
t5322,-1.9908501731979083e-7,-1.4908156334842392e-7,-2.407918959055222e-7,-3.8036594832561045e-7
t5323,-4.5851348892341297e-7,-4.851027775067093e-7,-4.78570261806905e-7,-5.753817340556241e-7
t5324,-5.539610248262512e-7,-6.087638294273358e-7,-5.681955943838041e-7,-6.561652250198614e-7
t5325,-5.391589893471496e-7,-5.852071524027216e-7,-5.553704079650828e-7,-6.467756727515085e-7
t5326,-5.412996372742535e-7,-5.838928132359099e-7,-5.583550357611494e-7,-6.527470175180685e-7
t5327,-5.219710399395595e-7,-5.685970469401938e-7,-5.379390614007947e-7,-6.250442735703884e-7
t5328,-5.199514981384024e-7,-5.723174799500024e-7,-5.35140889260667e-7,-6.178934629234512e-7
t5329,-5.516716563199639e-7,-6.129342535555928e-7,-5.65143799304976e-7,-6.442688661385111e-7
t5330,-5.823199326682367e-7,-6.524629757611722e-7,-5.941532003453957e-7,-6.702685100799581e-7
t5331,-6.193378210511022e-7,-6.957428410138465e-7,-6.298983653182248e-7,-7.05433664560335e-7
t5332,-6.47534264362429e-7,-7.245587788489286e-7,-6.586389379913004e-7,-7.35957339738732e-7
t5333,-6.524024285217789e-7,-7.20244056228038e-7,-6.664431506593142e-7,-7.532207225892965e-7
t5334,-6.503017315534355e-7,-7.115026636295378e-7,-6.663366156094029e-7,-7.586154327426735e-7
t5335,-4.933859803954681e-7,-5.021355723652304e-7,-5.217874487116912e-7,-6.404246676768639e-7
t5336,-2.1999659899069207e-7,-1.451152838415288e-7,-2.753873559685896e-7,-4.4703065555261244e-7
t5337,-1.527923545649447e-7,-4.573065530165732e-8,-2.1382255116230086e-7,-3.9542234537649303e-7
t5338,-1.228381891047687e-7,-1.9316659588733745e-8,-1.7995688126895204e-7,-3.502458713041391e-7
t5339,-1.015681185689097e-7,-1.064018396446647e-8,-1.5131316845693984e-7,-2.945757572153319e-7
t5340,-9.488912501345336e-8,-7.921764906883214e-9,-1.4124211818817982e-7,-2.7508223824826167e-7
t5341,-8.893626273537059e-8,-6.667467535276801e-9,-1.3361671747688278e-7,-2.632246897580086e-7
t5342,-9.23297787126255e-8,-8.605992610044628e-9,-1.3882861847052177e-7,-2.7551349948363373e-7
t5343,-1.0203757689628245e-7,-1.3998637077252729e-8,-1.5156871256581932e-7,-3.0360225270305377e-7
t5344,-1.1748777665690071e-7,-2.881066333995929e-8,-1.6799067676028674e-7,-3.2533491866628995e-7
t5345,-1.4621972183440934e-7,-7.017504695411529e-8,-1.9497476048198365e-7,-3.492450107227755e-7
t5346,-2.534345306371259e-7,-2.154748054053405e-7,-2.9018026702285643e-7,-4.281964941714983e-7
t5347,-5.798676650334218e-7,-6.416535837413595e-7,-5.932517690790939e-7,-6.802408019836486e-7
t5348,-6.776570747443435e-7,-7.698370773325788e-7,-6.851029757984103e-7,-7.634282102658592e-7
t5349,-6.71607682516916e-7,-7.58662153037373e-7,-6.80020858855702e-7,-7.60210459454963e-7
t5350,-6.43508089692514e-7,-7.158708810936443e-7,-6.55011765232405e-7,-7.414349473599412e-7
t5351,-6.154232296803625e-7,-6.911295827850706e-7,-6.257857982914852e-7,-7.064045033982702e-7
t5352,-5.494763001227459e-7,-6.155979438425584e-7,-5.617086371060153e-7,-6.425827676398775e-7
t5353,-5.230326251555225e-7,-5.812899668795925e-7,-5.369362898849973e-7,-6.192782823074717e-7
t5354,-4.873618612967555e-7,-5.334731987643231e-7,-5.038424456500883e-7,-5.90130575776376e-7
t5355,-4.8795489133929e-7,-5.288347772548524e-7,-5.055935126424931e-7,-5.940778798958684e-7
t5356,-4.829038845532873e-7,-5.134073663121675e-7,-5.030071766253045e-7,-5.982506086722463e-7
t5357,-4.765564900450948e-7,-4.964690585276634e-7,-4.994730663622399e-7,-6.032630108831158e-7
t5358,-4.729149285121879e-7,-4.861896814799964e-7,-4.980244928133229e-7,-6.080183961617145e-7
t5359,-3.8744947831281584e-7,-3.710303385204778e-7,-4.2111848036066805e-7,-5.494587096890792e-7
t5360,-1.959803183155672e-7,-1.1626159436913437e-7,-2.522125727484426e-7,-4.210021242435043e-7
t5361,-1.440375905380973e-7,-3.8182704526512845e-8,-2.054414485923445e-7,-3.8243685387095463e-7
t5362,-1.1800472701908448e-7,-1.599582342738387e-8,-1.7431046532969156e-7,-3.424895553773538e-7
t5363,-9.799152503346531e-8,-8.304506231188688e-9,-1.4652399044756796e-7,-2.879761855639823e-7
t5364,-9.050977846090145e-8,-5.494249358118608e-9,-1.362568762472418e-7,-2.6796071124141764e-7
t5365,-8.511585370890513e-8,-4.355364209850195e-9,-1.2940300021454237e-7,-2.579426988741398e-7
t5366,-8.687879036393447e-8,-5.490125734875236e-9,-1.3212252385530998e-7,-2.662813344012322e-7
t5367,-9.52288809136421e-8,-9.918860262876529e-9,-1.437204632295306e-7,-2.9252201758082445e-7
t5368,-1.0662124133408335e-7,-2.0520031787408105e-8,-1.5630310930713512e-7,-3.0985342035601176e-7
t5369,-1.275420804280188e-7,-4.898800336855191e-8,-1.7640279834732118e-7,-3.2988671643389315e-7
t5370,-1.9158894664261822e-7,-1.38580502933556e-7,-2.337401997615152e-7,-3.7830434278668753e-7
t5371,-4.0556651939528224e-7,-4.138521480206664e-7,-4.2906967892581777e-7,-5.341115976218393e-7
t5372,-5.22704352566916e-7,-5.629382658297135e-7,-5.395731400547543e-7,-6.289629846179438e-7
t5373,-5.477304438328188e-7,-5.90524812021671e-7,-5.642920483292274e-7,-6.519899280965014e-7
t5374,-5.693684010349133e-7,-6.145338752068396e-7,-5.858279149961064e-7,-6.737698769640579e-7
t5375,-5.17457652355849e-7,-5.572004238001101e-7,-5.347051652543112e-7,-6.222670584606605e-7
t5376,-4.959635894827262e-7,-5.311201248571824e-7,-5.140502265572711e-7,-6.028451525719387e-7
t5377,-5.01705963117667e-7,-5.365735426209245e-7,-5.202755428069728e-7,-6.096749434820268e-7
t5378,-4.970187425723649e-7,-5.296167846314844e-7,-5.164276707904716e-7,-6.074815981194912e-7
t5379,-4.955933131879446e-7,-5.257279232341233e-7,-5.15990847057947e-7,-6.105738952444408e-7
t5380,-4.959978225312475e-7,-5.221927595442492e-7,-5.177283198768705e-7,-6.159462396267838e-7
t5381,-4.891209350356671e-7,-5.080501981194883e-7,-5.133671010278175e-7,-6.168533025977833e-7
t5382,-4.94720042124811e-7,-5.097066890755753e-7,-5.201915468607453e-7,-6.301107079277911e-7
t5383,-3.9771475770372665e-7,-3.814170278730606e-7,-4.318074177076037e-7,-5.619436574301215e-7
t5384,-2.0042092814216272e-7,-1.1943107446145382e-7,-2.575943661003262e-7,-4.30033903991625e-7
t5385,-1.4854230742034355e-7,-4.041547385498517e-8,-2.1080992085724652e-7,-3.906809804595345e-7
t5386,-1.2139335907557894e-7,-1.758879621694238e-8,-1.780598527519726e-7,-3.4374087151519897e-7
t5387,-1.054719494245747e-7,-1.0475893327960332e-8,-1.5622670887857022e-7,-3.0079280512612066e-7
t5388,-9.829510097782399e-8,-7.867882421579614e-9,-1.4786204767412365e-7,-2.8392666974582735e-7
t5389,-9.305209079718882e-8,-6.602565421354268e-9,-1.4201846118801987e-7,-2.7512571401663696e-7
t5390,-9.61723071221964e-8,-8.63574073959245e-9,-1.468243919374069e-7,-2.8728756849698503e-7
t5391,-1.108928047505027e-7,-1.495479323161463e-8,-1.6753680021653989e-7,-3.305294189024523e-7
t5392,-1.2594378105836537e-7,-2.868156318190458e-8,-1.847210956415168e-7,-3.4992343427099487e-7
t5393,-1.5064643234356929e-7,-6.43389469214652e-8,-2.086954630881902e-7,-3.734070738952315e-7
t5394,-2.2253530724917343e-7,-1.6392315685545326e-7,-2.715345110881585e-7,-4.2681999097694877e-7
t5395,-3.942160054870443e-7,-3.8153731370252887e-7,-4.2734313715536433e-7,-5.549652217485452e-7
t5396,-4.519983305553966e-7,-4.554684364013842e-7,-4.80428618493394e-7,-5.989405026510821e-7
t5397,-4.502342474782266e-7,-4.523536851507424e-7,-4.788664138795729e-7,-5.971465951368954e-7
t5398,-4.1920924869031335e-7,-4.1130397392634726e-7,-4.5066817337558943e-7,-5.74337143259945e-7
t5399,-4.057254819835262e-7,-4.047011225030872e-7,-4.343394503285722e-7,-5.463302117860803e-7
t5400,-4.259530414147839e-7,-4.3354571352626954e-7,-4.5259853183245623e-7,-5.57819805004616e-7
t5401,-4.460348951353246e-7,-4.5896295731482214e-7,-4.715090587734696e-7,-5.771236085643526e-7
t5402,-4.4404483583966695e-7,-4.55802175894278e-7,-4.7020091006534264e-7,-5.7718247054243e-7
t5403,-4.126407552839291e-7,-4.1452736342077506e-7,-4.4148497886228066e-7,-5.544725254925429e-7
t5404,-3.7377230103501303e-7,-3.6212945035992234e-7,-4.070218568585926e-7,-5.31192933941729e-7
t5405,-3.436810144785035e-7,-3.194078015780489e-7,-3.8208893878951514e-7,-5.169594586793256e-7
t5406,-3.2424493151372367e-7,-2.8957206365820917e-7,-3.660846265896702e-7,-5.111485984917089e-7
t5407,-2.8676817594567154e-7,-2.3726177404109674e-7,-3.347672898684313e-7,-4.915487305463198e-7
t5408,-2.0886929967739002e-7,-1.2902329799718748e-7,-2.6882610436273843e-7,-4.4095467015257e-7
t5409,-1.6101674052417292e-7,-5.428720279574768e-8,-2.2797851055351502e-7,-4.116559299766529e-7
t5410,-1.4539427593895072e-7,-2.5573502352911326e-8,-2.1378351689659295e-7,-4.070783062883202e-7
t5411,-1.2178161281485072e-7,-1.3827420690463923e-8,-1.827503538162545e-7,-3.568492338185758e-7
t5412,-1.0937845735862857e-7,-9.830635301026313e-9,-1.6501952032538822e-7,-3.2067539637738464e-7
t5413,-1.0399456855600118e-7,-8.592121745735967e-9,-1.5915891520786928e-7,-3.0917036752998567e-7
t5414,-1.1056684168647251e-7,-1.1217780201409118e-8,-1.6894843426425702e-7,-3.3120183964031615e-7
t5415,-1.2681322276965156e-7,-1.9301539867038137e-8,-1.9008583185186918e-7,-3.698370660206387e-7
t5416,-1.438168693831531e-7,-3.760199668770182e-8,-2.0709848471173833e-7,-3.8518488977175825e-7
t5417,-1.7510671262163713e-7,-8.542292372006175e-8,-2.3600648960855718e-7,-4.107714528000669e-7
t5418,-2.8873481379786486e-7,-2.397378587579157e-7,-3.3587348427675556e-7,-4.904959806268534e-7
t5419,-5.899058652663776e-7,-6.249324003659253e-7,-6.135033174972519e-7,-7.200626802310582e-7
t5420,-6.854828612448384e-7,-7.494933843108423e-7,-7.024940799917035e-7,-7.983163446863502e-7
t5421,-6.451021435661307e-7,-6.952586435570018e-7,-6.648036717567378e-7,-7.671586481547582e-7
t5422,-5.994913398745345e-7,-6.379305180286322e-7,-6.213320975218085e-7,-7.27255515117956e-7
t5423,-5.538689506031274e-7,-5.944144657371914e-7,-5.740154545995223e-7,-6.715014208728831e-7
t5424,-5.340244322834458e-7,-5.751579282500461e-7,-5.533723771589508e-7,-6.461915699946664e-7
t5425,-5.262459749302558e-7,-5.675668147438628e-7,-5.454447421981261e-7,-6.375048334109785e-7
t5426,-5.199797581631493e-7,-5.597974723252321e-7,-5.392508374673463e-7,-6.30275411067771e-7
t5427,-5.175989546883251e-7,-5.542217022508168e-7,-5.376491238230551e-7,-6.302026559148929e-7
t5428,-5.307963591429549e-7,-5.65926455335453e-7,-5.517844611439847e-7,-6.462749812874814e-7
t5429,-5.454087191424161e-7,-5.782222466464374e-7,-5.674314175749375e-7,-6.649457202694461e-7
t5430,-5.324118207616558e-7,-5.555283570726081e-7,-5.571887090837379e-7,-6.609704208418345e-7
t5431,-4.478532241500235e-7,-4.424286071158394e-7,-4.801480596566512e-7,-6.01174209413605e-7
t5432,-2.678664731265718e-7,-2.0866477687443754e-7,-3.1983702743972953e-7,-4.825241645193026e-7
t5433,-1.8415498092851043e-7,-9.197487507288822e-8,-2.4570716413587364e-7,-4.238337343915546e-7
t5434,-1.5458658315533886e-7,-4.488658879170139e-8,-2.176744765332961e-7,-4.0256069776112227e-7
t5435,-1.328263651322728e-7,-2.695346914190581e-8,-1.9341737498895133e-7,-3.698641427973452e-7
t5436,-1.1973867818154532e-7,-1.9413307362207787e-8,-1.7654200565691144e-7,-3.445878176693899e-7
t5437,-1.0987169502589127e-7,-1.6654304210343284e-8,-1.6315653051271897e-7,-3.215719484967268e-7
t5438,-1.0870067854425382e-7,-1.794765002838833e-8,-1.6025303657503703e-7,-3.170758579932974e-7
t5439,-1.122334943265531e-7,-2.4706195662485097e-8,-1.6357152368401597e-7,-3.1790629406707984e-7
t5440,-1.2317608346125182e-7,-4.1711424860641344e-8,-1.7342037873486627e-7,-3.2496256286809643e-7
t5441,-1.5114440475324547e-7,-8.275346519316256e-8,-1.9818084257729748e-7,-3.470484873310497e-7
t5442,-2.3369021255971034e-7,-1.9396439792121502e-7,-2.7048905316013697e-7,-4.025650558800365e-7
t5443,-4.2927705545143225e-7,-4.4596297370438994e-7,-4.503120314792284e-7,-5.485158821871058e-7
t5444,-4.5756031615081825e-7,-4.801544933077857e-7,-4.772752964134432e-7,-5.714937110029155e-7
t5445,-4.19056680566573e-7,-4.2765301457898495e-7,-4.421744542641586e-7,-5.406615668665732e-7
t5446,-4.107439081137209e-7,-4.1252467314550057e-7,-4.360822956220524e-7,-5.40389118715159e-7
t5447,-4.323597554554224e-7,-4.49966037902063e-7,-4.5418260553582895e-7,-5.456578110552581e-7
t5448,-4.512636079583331e-7,-4.799655728022946e-7,-4.7127003513151005e-7,-5.566587482635004e-7
t5449,-4.886559333605316e-7,-5.294257815788976e-7,-5.062479793347668e-7,-5.864427525206757e-7
t5450,-5.260372490993455e-7,-5.773784750957874e-7,-5.414384961420615e-7,-6.19007484353395e-7
t5451,-5.863973485213572e-7,-6.518206035881871e-7,-5.990647187948005e-7,-6.717832454589644e-7
t5452,-6.229834583650057e-7,-6.894398999295176e-7,-6.357120630134959e-7,-7.114273622542437e-7
t5453,-5.97236241329721e-7,-6.489173388858409e-7,-6.137169213449585e-7,-6.984473048439264e-7
t5454,-5.439518948496135e-7,-5.735998204874382e-7,-5.656793863004403e-7,-6.639766299797004e-7
t5455,-4.256501499660743e-7,-4.176542968613512e-7,-4.5667243696972474e-7,-5.785855976890099e-7
t5456,-2.3237788893185677e-7,-1.6467348164097318e-7,-2.842514395543829e-7,-4.4850893506405315e-7
t5457,-1.6264694671532126e-7,-6.165565745901523e-8,-2.2296311098531268e-7,-4.0098623665235534e-7
t5458,-1.3362914779068976e-7,-2.6852493407214252e-8,-1.9175969975142425e-7,-3.7044486685887023e-7
t5459,-1.0859982653620514e-7,-1.4506368216646443e-8,-1.6157736005399187e-7,-3.1749027197087027e-7
t5460,-9.885028614183933e-8,-1.0924705154223548e-8,-1.463871734082305e-7,-2.873973899570642e-7
t5461,-9.549476349949772e-8,-1.0225565631478703e-8,-1.4275525393608637e-7,-2.831405590493443e-7
t5462,-9.992404823951436e-8,-1.235737448087887e-8,-1.488613852601335e-7,-2.981795247615498e-7
t5463,-1.0795059019738609e-7,-2.0571790430678895e-8,-1.5846787693718014e-7,-3.1198921092258196e-7
t5464,-1.2487278823781232e-7,-4.4744192546319894e-8,-1.7456471404516305e-7,-3.2506265537171323e-7
t5465,-1.6877421314924255e-7,-1.0619499847516464e-7,-2.1366481134722737e-7,-3.559680683436523e-7
t5466,-2.9646506030203674e-7,-2.7499615890901315e-7,-3.2779496102641456e-7,-4.463330465730674e-7
t5467,-6.913862538219848e-7,-8.015565331996532e-7,-6.956282235076569e-7,-7.620286687793159e-7
t5468,-7.8502209453422e-7,-9.26225146206024e-7,-7.828263013015861e-7,-8.423348335385592e-7
t5469,-7.394155830160833e-7,-8.606461057430954e-7,-7.410585403263906e-7,-8.074699936539626e-7
t5470,-6.851310013804011e-7,-7.81058775424389e-7,-6.916695434856768e-7,-7.688310404692318e-7
t5471,-6.106571174666602e-7,-6.943244629518582e-7,-6.193213508561561e-7,-6.974945208470715e-7
t5472,-5.249507020795174e-7,-5.868793805086718e-7,-5.382841269607217e-7,-6.228402668343204e-7
t5473,-5.076819944750094e-7,-5.628907212143112e-7,-5.222314203694225e-7,-6.085751172998549e-7
t5474,-5.037422821799284e-7,-5.541971012229914e-7,-5.192457516856582e-7,-6.067993523773305e-7
t5475,-5.118824678156827e-7,-5.583953476601941e-7,-5.285178592802094e-7,-6.169398726126762e-7
t5476,-4.885869855365083e-7,-5.184743159807903e-7,-5.089983683503275e-7,-6.055708763829989e-7
t5477,-4.4231366472428236e-7,-4.4903961799370315e-7,-4.691739004561318e-7,-5.800825945566866e-7
t5478,-4.0221984114122746e-7,-3.9154812467801335e-7,-4.3412928621422595e-7,-5.567534261688905e-7
t5479,-3.3414122003760893e-7,-2.9995010729259837e-7,-3.7310213013134164e-7,-5.136323752488391e-7
t5480,-2.2467928695714713e-7,-1.5309981174240666e-7,-2.7752341240234473e-7,-4.4241252685975994e-7
t5481,-1.6541170134768828e-7,-6.592572898943371e-8,-2.252234025253777e-7,-4.0118152425456926e-7
t5482,-1.4384902817872483e-7,-3.2195466474057945e-8,-2.0511221829706315e-7,-3.8475181385055614e-7
t5483,-1.2701731858953866e-7,-2.0513846166350268e-8,-1.859610399593952e-7,-3.6125444151738313e-7
t5484,-1.1598974793819747e-7,-1.4909061560706844e-8,-1.7131170897675161e-7,-3.3918472844491575e-7
t5485,-1.0962507578764524e-7,-1.4621445478501477e-8,-1.6258111076226093e-7,-3.2392283810934537e-7
t5486,-1.086914731944798e-7,-1.7056456838924017e-8,-1.5949079593817362e-7,-3.152600388415198e-7
t5487,-1.1166727624304551e-7,-2.3329303831817645e-8,-1.6233901032256538e-7,-3.1358566157547464e-7
t5488,-1.2079414753927405e-7,-3.7392763003879063e-8,-1.7031376848816277e-7,-3.204597033969083e-7
t5489,-1.4194742082534084e-7,-6.854827271063758e-8,-1.898437684041007e-7,-3.377012519763553e-7
t5490,-2.05660570757091e-7,-1.5687194327706276e-7,-2.4574793620419557e-7,-3.8083255422534544e-7
t5491,-3.76051892628478e-7,-3.7524674560602584e-7,-4.0097797077602107e-7,-5.053524151861207e-7
t5492,-4.489114279500479e-7,-4.677463548712673e-7,-4.6951816249438665e-7,-5.666494569303383e-7
t5493,-4.6150750494307267e-7,-4.811523344273078e-7,-4.821988131192746e-7,-5.803075509755035e-7
t5494,-4.827944845772838e-7,-5.052714243943254e-7,-5.035565036092027e-7,-6.026175269747165e-7
t5495,-4.997988394496387e-7,-5.380833498348031e-7,-5.177792678365652e-7,-6.068242336916826e-7
t5496,-5.096576729397445e-7,-5.576765096229521e-7,-5.260171315105482e-7,-6.104475722176121e-7
t5497,-5.303419864184402e-7,-5.842806250371236e-7,-5.457124486600045e-7,-6.291924528844881e-7
t5498,-5.443568325760345e-7,-6.017217615768254e-7,-5.589927364570479e-7,-6.420476761066414e-7
t5499,-5.602536873156496e-7,-6.173486463026851e-7,-5.752475940868189e-7,-6.59861628981866e-7
t5500,-5.55739387547848e-7,-6.033334993669211e-7,-5.73198633086577e-7,-6.635877944446785e-7
t5501,-5.524996304301361e-7,-5.891025816919977e-7,-5.733314752577888e-7,-6.721036548791174e-7
t5502,-5.648789241216011e-7,-5.988784582443171e-7,-5.867823199863344e-7,-6.900183290429103e-7
t5503,-5.098396784500912e-7,-5.223240822473968e-7,-5.375110854781329e-7,-6.534780654636718e-7
t5504,-2.9893449642380737e-7,-2.495445636560754e-7,-3.4487797759342913e-7,-5.00232603114688e-7
t5505,-1.998331885898286e-7,-1.1270468483157946e-7,-2.596718462313787e-7,-4.3505259782198133e-7
t5506,-1.6637184147476293e-7,-5.835321468708016e-8,-2.2848866790196797e-7,-4.1155755725771464e-7
t5507,-1.4634404207405318e-7,-3.924806529707545e-8,-2.0672023438684647e-7,-3.8483207535599307e-7
t5508,-1.3707617161340566e-7,-3.205258631587352e-8,-1.9490013156468545e-7,-3.706855560313245e-7
t5509,-1.2997234226104797e-7,-3.3094476515043404e-8,-1.8519157173941899e-7,-3.4850994557214386e-7
t5510,-1.312097891562178e-7,-4.0828419195337105e-8,-1.8470587387179326e-7,-3.4308295246569335e-7
t5511,-1.4124042385527086e-7,-5.984956890601895e-8,-1.9290163153642972e-7,-3.4510243177694014e-7
t5512,-1.679105525814544e-7,-9.833124645569548e-8,-2.1645059107637205e-7,-3.6575520026145214e-7
t5513,-2.3293862475022413e-7,-1.8616096669440963e-7,-2.730884703179847e-7,-4.099895407590172e-7
t5514,-4.0240565113508123e-7,-4.040630119516774e-7,-4.279854628185273e-7,-5.346604487594182e-7
t5515,-7.240029624232705e-7,-8.2983325153277e-7,-7.293211012941587e-7,-7.971065196623971e-7
t5516,-7.25857749514558e-7,-8.293643579816241e-7,-7.313541951110666e-7,-8.016120952009037e-7
t5517,-6.80059817065054e-7,-7.661409249038688e-7,-6.889041705644098e-7,-7.667576098951214e-7
t5518,-6.315226103262838e-7,-6.971347430180472e-7,-6.446305525535591e-7,-7.32392673075241e-7
t5519,-5.613401123520611e-7,-6.173324953188738e-7,-5.759465373417588e-7,-6.63514116150934e-7
t5520,-5.251629529177004e-7,-5.806722891140074e-7,-5.401865118224416e-7,-6.244637959779709e-7
t5521,-5.521069682014751e-7,-6.182507414495607e-7,-5.650971297490461e-7,-6.456529374677793e-7
t5522,-5.729831758292936e-7,-6.478130709486602e-7,-5.84280536090932e-7,-6.622260076643306e-7
t5523,-6.287531073074866e-7,-7.159551826988122e-7,-6.374786894325993e-7,-7.114115514796506e-7
t5524,-6.652085843929011e-7,-7.534264569020837e-7,-6.739314574950415e-7,-7.499073428974533e-7
t5525,-6.742181835387746e-7,-7.54579903234611e-7,-6.853645355030506e-7,-7.678369294929539e-7
t5526,-6.798919164480373e-7,-7.564874337172454e-7,-6.927778005194911e-7,-7.790036600535881e-7
t5527,-6.028123233833704e-7,-6.500508262708868e-7,-6.224991125119374e-7,-7.251328983391764e-7
t5528,-3.357509187352238e-7,-3.0207392724121556e-7,-3.766382287689162e-7,-5.243913138759555e-7
t5529,-2.06467628370103e-7,-1.2856087774694712e-7,-2.6309146371213365e-7,-4.371910363656335e-7
t5530,-1.6664707425433178e-7,-6.460833347935929e-8,-2.2694470369642666e-7,-4.112047578245792e-7
t5531,-1.4248613735921173e-7,-3.949364013622609e-8,-2.0177151386683467e-7,-3.8124528280521624e-7
t5532,-1.2865442022819504e-7,-2.8692302300604376e-8,-1.8503551979627663e-7,-3.5779694482921277e-7
t5533,-1.181989501173978e-7,-2.5010075767809318e-8,-1.7137168953972356e-7,-3.3583159104961597e-7
t5534,-1.1362985168106629e-7,-2.471431787249782e-8,-1.6492370632826682e-7,-3.257342610750809e-7
t5535,-1.1601068261368382e-7,-3.1250232369083225e-8,-1.6692698841951698e-7,-3.2582310525527337e-7
t5536,-1.2733973234347407e-7,-4.9147313964214126e-8,-1.7754420668199943e-7,-3.345245982428237e-7
t5537,-1.5729830852717964e-7,-9.373103213040279e-8,-2.0448436550872616e-7,-3.5619800166762234e-7
t5538,-2.665278427931168e-7,-2.370936654527684e-7,-3.0131846562946427e-7,-4.337051398347382e-7
t5539,-6.051085250346062e-7,-6.796128491871972e-7,-6.164205750049498e-7,-6.975643324089885e-7
t5540,-6.53547619248304e-7,-7.40893571403613e-7,-6.6188260803642e-7,-7.381677675017848e-7
t5541,-6.174310250948281e-7,-6.869603887390773e-7,-6.292644745308063e-7,-7.116667751411899e-7
t5542,-5.841928834546204e-7,-6.367934061767555e-7,-5.995560210755377e-7,-6.895685315413891e-7
t5543,-5.345533417391274e-7,-5.817649305710858e-7,-5.50803395495338e-7,-6.385860225305159e-7
t5544,-5.203905047700952e-7,-5.641757012304846e-7,-5.374981212233612e-7,-6.25688769569355e-7
t5545,-5.037323487811753e-7,-5.403794759693303e-7,-5.222443432307448e-7,-6.134076805509112e-7
t5546,-4.949319138806881e-7,-5.27277275028942e-7,-5.147976927568578e-7,-6.085288025931766e-7
t5547,-4.866569432767687e-7,-5.141460729729385e-7,-5.079437830874017e-7,-6.043438005244658e-7
t5548,-4.555151810489052e-7,-4.697927196825718e-7,-4.802809434641807e-7,-5.847186372812711e-7
t5549,-4.254584232387315e-7,-4.2608014757647757e-7,-4.5445592953362494e-7,-5.694185042130492e-7
t5550,-4.0801289105105943e-7,-3.982783481973862e-7,-4.404722466713708e-7,-5.630888602363999e-7
t5551,-3.320779550110393e-7,-2.9800987576805954e-7,-3.727869060596779e-7,-5.134468443632869e-7
t5552,-1.7768877872204377e-7,-8.571126700861343e-8,-2.386049886437423e-7,-4.151812609702109e-7
t5553,-1.3105868226868218e-7,-2.412308864009709e-8,-1.9389712763725258e-7,-3.7177593708824653e-7
t5554,-1.0379256043581149e-7,-1.0848802695039696e-8,-1.5386671030249044e-7,-2.9219040811599944e-7
t5555,-9.76800400470784e-8,-7.628337780634174e-9,-1.4570097304601895e-7,-2.767885868112246e-7
t5556,-9.215640911083211e-8,-5.6179498488082015e-9,-1.3961446674110393e-7,-2.6521869676986996e-7
t5557,-8.61706927706493e-8,-3.803907164967709e-9,-1.3214379523036071e-7,-2.5319567471193023e-7
t5558,-8.276987893795481e-8,-3.192049067690726e-9,-1.2792925676803088e-7,-2.463059600582686e-7
t5559,-8.45067101681304e-8,-4.619334087983087e-9,-1.308465429698341e-7,-2.5303312568567184e-7
t5560,-9.999266302303842e-8,-1.049265933104035e-8,-1.542007352914862e-7,-3.0712438949593975e-7
t5561,-1.2513844307686277e-7,-2.8915876327554284e-8,-1.8467099070024176e-7,-3.5359667088029395e-7
t5562,-1.7336034299350417e-7,-9.608130550383172e-8,-2.3002097406131524e-7,-3.950388122019043e-7
t5563,-3.747221817030076e-7,-3.5686123011511987e-7,-4.1001986683689905e-7,-5.423838695966636e-7
t5564,-4.860217679947895e-7,-4.993152666972604e-7,-5.12720510348309e-7,-6.259392220030669e-7
t5565,-5.631642431860561e-7,-5.970643838643708e-7,-5.853798108939234e-7,-6.878659366232761e-7
t5566,-6.479142360739439e-7,-7.05256129640193e-7,-6.65289758203828e-7,-7.567967563553008e-7
t5567,-7.305926070275829e-7,-8.278215116919382e-7,-7.384446576502093e-7,-8.087820864272679e-7
t5568,-8.349949730251381e-7,-9.698450503876099e-7,-8.345767501815578e-7,-8.9096506905883e-7
t5569,-9.558075920264755e-7,-1.1285364119661024e-6,-9.470186142326744e-7,-9.93464324816397e-7
t5570,-1.0336129067289214e-6,-1.230102570604324e-6,-1.019463822620022e-6,-1.0593692364627495e-6
t5571,-1.0370190756535372e-6,-1.232768432735309e-6,-1.0233435232769669e-6,-1.0636038758041035e-6
t5572,-9.729064140363934e-7,-1.1441877508684428e-6,-9.653571905869615e-7,-1.0145357747560664e-6
t5573,-8.917368245505639e-7,-1.030792834567224e-6,-8.923973876015526e-7,-9.560681649949486e-7
t5574,-8.5239899158817e-7,-9.733771109366747e-7,-8.580779156011319e-7,-9.318789619738391e-7
t5575,-6.177475737396958e-7,-6.605267744044032e-7,-6.403923591378545e-7,-7.443810778405379e-7
t5576,-2.1889928799862695e-7,-1.411315271106904e-7,-2.7920430945989244e-7,-4.5364974093695905e-7
t5577,-1.496763089358018e-7,-4.034851564201026e-8,-2.1551579381940477e-7,-4.020849439827775e-7
t5578,-1.1285940277219827e-7,-1.5929605862745095e-8,-1.6705827860626004e-7,-3.1637559040445926e-7
t5579,-1.038854382260283e-7,-1.040145809146385e-8,-1.549385319327243e-7,-2.92374757309787e-7
t5580,-9.957643725991873e-8,-8.289866534068943e-9,-1.4975477606048516e-7,-2.832161666001229e-7
t5581,-9.420514817234698e-8,-6.563632756706576e-9,-1.4337834861595259e-7,-2.7154330268672674e-7
t5582,-9.175803476990018e-8,-6.059162506163996e-9,-1.3950237495363846e-7,-2.6707968512723653e-7
t5583,-9.446748531240008e-8,-8.01005506026629e-9,-1.4416062522958312e-7,-2.7434816548459727e-7
t5584,-1.1424440279026471e-7,-1.585969393729033e-8,-1.7350873471541277e-7,-3.401263644262394e-7
t5585,-1.4607049824518284e-7,-4.3251300599294357e-8,-2.0991682508029074e-7,-3.9067980571365007e-7
t5586,-2.1791601329190547e-7,-1.4726082045475975e-7,-2.7499772711576725e-7,-4.471967046555319e-7
t5587,-5.776994500648424e-7,-6.113351685958206e-7,-6.024136652636288e-7,-7.169529839483942e-7
t5588,-7.600360395658325e-7,-8.491653323535112e-7,-7.731426508582795e-7,-8.658471986727245e-7
t5589,-7.953961673724551e-7,-8.938232509551397e-7,-8.06724986394303e-7,-8.96034745148959e-7
t5590,-7.988385632921719e-7,-8.99679268851963e-7,-8.091097231685974e-7,-8.965123434379331e-7
t5591,-7.67879560410001e-7,-8.754482269160768e-7,-7.743570990294145e-7,-8.496532095701316e-7
t5592,-7.489458677303479e-7,-8.5742994878609e-7,-7.543719722249586e-7,-8.253011610371835e-7
t5593,-7.422729469776079e-7,-8.524915764398241e-7,-7.469349579944029e-7,-8.155669934555258e-7
t5594,-7.38273294735159e-7,-8.485118780719592e-7,-7.429082018840216e-7,-8.113177872895393e-7
t5595,-7.142841596971849e-7,-8.150371426409389e-7,-7.210498257472862e-7,-7.946280247447122e-7
t5596,-6.69846156739577e-7,-7.506091526015448e-7,-6.814339665641792e-7,-7.638689995867714e-7
t5597,-6.090029449726905e-7,-6.643328582809535e-7,-6.267735208089346e-7,-7.219926700032838e-7
t5598,-5.221634239298102e-7,-5.452512701259873e-7,-5.477087236227822e-7,-6.584223255471681e-7
t5599,-3.689414159378639e-7,-3.442207111138493e-7,-4.07808999427666e-7,-5.458035522624889e-7
t5600,-1.7795444708484934e-7,-8.460043279839746e-8,-2.414275051560031e-7,-4.2052246663251445e-7
t5601,-1.2475607614566001e-7,-1.98925308034366e-8,-1.871210391277657e-7,-3.6228758458652433e-7
t5602,-9.582598274139551e-8,-7.4354734708518464e-9,-1.4439330814572624e-7,-2.7585012926097134e-7
t5603,-8.683567489165289e-8,-3.827263426546203e-9,-1.3207721580958248e-7,-2.5477771949709367e-7
t5604,-8.221354443380085e-8,-2.051753239243986e-9,-1.2509960165869545e-7,-2.428421749525617e-7
t5605,-7.497591103881947e-8,-9.7731823550112e-11,-1.15373181188139e-7,-2.2590990853737133e-7
t5606,-7.231683421319318e-8,1.5535885871049913e-10,-1.11746343466855e-7,-2.1990338672230349e-7
t5607,-7.683832602513312e-8,-2.074554086033737e-9,-1.187614295693683e-7,-2.3739058654452185e-7
t5608,-9.543301808162886e-8,-1.0107535370543552e-8,-1.4507112093854197e-7,-2.931622822344744e-7
t5609,-1.1826414240632269e-7,-3.4188860315257124e-8,-1.6931778933778624e-7,-3.1923236429219765e-7
t5610,-1.852442476290001e-7,-1.2928883824975943e-7,-2.287755126347727e-7,-3.7014027547292586e-7
t5611,-4.5010673523169465e-7,-4.733195181353036e-7,-4.7057745050299854e-7,-5.669104356423385e-7
t5612,-5.928924935399952e-7,-6.610081258881433e-7,-6.045811965034314e-7,-6.857306316291466e-7
t5613,-6.488177903261578e-7,-7.334678920937093e-7,-6.576372744315989e-7,-7.342231505948258e-7
t5614,-6.907003313698638e-7,-7.834979344581001e-7,-6.981713213492239e-7,-7.739398468873741e-7
t5615,-6.824221710371431e-7,-7.858700983083349e-7,-6.874810284067554e-7,-7.574448395429449e-7
t5616,-6.49504223181706e-7,-7.512746527870198e-7,-6.551420486727544e-7,-7.234792550934319e-7
t5617,-7.015699359332594e-7,-8.205357212484589e-7,-7.037443533833291e-7,-7.668332269661577e-7
t5618,-7.541278838480161e-7,-8.890751028699102e-7,-7.528450811323838e-7,-8.10598170508916e-7
t5619,-8.381560041614207e-7,-9.91809441234979e-7,-8.327967478247052e-7,-8.852564952638019e-7
t5620,-8.548680024687894e-7,-1.0001442976236405e-6,-8.521320511889237e-7,-9.102117754352408e-7
t5621,-8.10161017006001e-7,-9.318989412540322e-7,-8.12941049490908e-7,-8.802616102672932e-7
t5622,-7.436976670224977e-7,-8.370136202471471e-7,-7.531217065905191e-7,-8.323559072919854e-7
t5623,-5.663962138479373e-7,-5.992955236524991e-7,-5.890917994561577e-7,-6.932707766638727e-7
t5624,-2.4575412340961594e-7,-1.8140499456199525e-7,-2.976833665173035e-7,-4.607080024259931e-7
t5625,-1.581998655189675e-7,-5.3592163607969144e-8,-2.2074119337701356e-7,-3.9807701558268614e-7
t5626,-1.2588342265886292e-7,-2.2398460405939684e-8,-1.8456372141733062e-7,-3.567488248160114e-7
t5627,-1.0193156624172521e-7,-1.1846679348668864e-8,-1.527631169982286e-7,-2.9737861289475714e-7
t5628,-9.412979136471658e-8,-8.635164281761196e-9,-1.413803404841579e-7,-2.7443669885452125e-7
t5629,-8.892496813230923e-8,-7.355264095734548e-9,-1.3446511618140553e-7,-2.6510110805649287e-7
t5630,-9.071680616994492e-8,-8.2351844491353e-9,-1.3770274790542667e-7,-2.7458799683315236e-7
t5631,-9.930821387416463e-8,-1.3001320850230304e-8,-1.4909565925218517e-7,-2.99156523069623e-7
t5632,-1.1153920345987392e-7,-2.7325523712532846e-8,-1.6230164038513072e-7,-3.129367122418594e-7
t5633,-1.3814233126012035e-7,-6.532872981871239e-8,-1.8716136423804219e-7,-3.340072873023167e-7
t5634,-2.3966134113418125e-7,-2.0322174592327914e-7,-2.761514167413367e-7,-4.057593008617961e-7
t5635,-5.296038256006973e-7,-5.832749637564762e-7,-5.441598344446952e-7,-6.287802619742868e-7
t5636,-6.585755277798165e-7,-7.540427452980608e-7,-6.650462383945321e-7,-7.361947071991213e-7
t5637,-7.243669599290544e-7,-8.382009136719382e-7,-7.271965122999866e-7,-7.93574064066709e-7
t5638,-7.534996161716447e-7,-8.703905442298485e-7,-7.560574772011524e-7,-8.237691225754065e-7
t5639,-7.034265071685653e-7,-8.17658963594573e-7,-7.061125409070171e-7,-7.728571042251453e-7
t5640,-6.147680434857508e-7,-7.078048773660747e-7,-6.22244814449585e-7,-6.947272971387417e-7
t5641,-6.21990958489458e-7,-7.149594139667242e-7,-6.29385713565413e-7,-7.011188266879168e-7
t5642,-6.488863137174073e-7,-7.482206273451966e-7,-6.5491830147405e-7,-7.235820683104692e-7
t5643,-7.076474403422093e-7,-8.197063652737249e-7,-7.110884487309502e-7,-7.76517063220283e-7
t5644,-7.256289291292257e-7,-8.322769267710217e-7,-7.305930126522719e-7,-7.988672545240258e-7
t5645,-6.981003740203328e-7,-7.82740529236884e-7,-7.082489354570792e-7,-7.880908365594897e-7
t5646,-6.321837903406653e-7,-6.902897843947841e-7,-6.484758029901624e-7,-7.419390165402733e-7
t5647,-4.913818564126521e-7,-5.023810512684241e-7,-5.184080128476666e-7,-6.343190465852329e-7
t5648,-2.515545832309987e-7,-1.8975391792321367e-7,-3.019881563252974e-7,-4.6451980170703e-7
t5649,-1.63373579034925e-7,-6.231158556862399e-8,-2.2356927729079507e-7,-4.012176873056249e-7
t5650,-1.3534701088683967e-7,-2.6107595890464205e-8,-1.9479577432208824e-7,-3.751729230339534e-7
t5651,-1.0945275426960436e-7,-1.3269186879034644e-8,-1.6235164901080827e-7,-3.183630853792595e-7
t5652,-9.679564806152265e-8,-8.752766652546186e-9,-1.4375790975574362e-7,-2.8247283102371815e-7
t5653,-9.003555377531371e-8,-7.276105294277998e-9,-1.354307277820355e-7,-2.6906946939653524e-7
t5654,-9.232937374197722e-8,-8.80082370984437e-9,-1.390680612965171e-7,-2.8100106193879105e-7
t5655,-1.0047629901189904e-7,-1.4102960214639612e-8,-1.4973338088161845e-7,-3.029506384760181e-7
t5656,-1.1400118803248056e-7,-3.0227273151828195e-8,-1.6373363444415806e-7,-3.172341507140175e-7
t5657,-1.4198955890601172e-7,-7.147569425335395e-8,-1.8993310933105564e-7,-3.41631774473853e-7
t5658,-2.544377508247906e-7,-2.2307550685441382e-7,-2.8917056443902615e-7,-4.1963330202896743e-7
t5659,-6.074057418237663e-7,-6.835538656799211e-7,-6.182620426303893e-7,-6.971585671882674e-7
t5660,-6.722188354572931e-7,-7.6635172645343e-7,-6.793533728146629e-7,-7.536775652474645e-7
t5661,-6.582813431024914e-7,-7.439028086874634e-7,-6.670135610335933e-7,-7.448332495242581e-7
t5662,-6.54574542106713e-7,-7.342048896177526e-7,-6.645011505734853e-7,-7.457311146350352e-7
t5663,-6.198679591882115e-7,-7.009847519109453e-7,-6.291834004501465e-7,-7.048870631592654e-7
t5664,-5.672683160685457e-7,-6.381715688083119e-7,-5.787450799938329e-7,-6.560750663421897e-7
t5665,-5.646822131606084e-7,-6.322049375982076e-7,-5.768021993799482e-7,-6.545830433507251e-7
t5666,-5.617556067025104e-7,-6.261598182146591e-7,-5.745344754324461e-7,-6.529249033831991e-7
t5667,-5.732359952582745e-7,-6.350576660433613e-7,-5.866815540249714e-7,-6.669929373938536e-7
t5668,-5.672458294054806e-7,-6.189027252721338e-7,-5.831590290384914e-7,-6.703639126328619e-7
t5669,-5.288062103417483e-7,-5.584300143498648e-7,-5.505502198621582e-7,-6.51120478464058e-7
t5670,-4.7430172455639113e-7,-4.81984882227796e-7,-5.012383370432476e-7,-6.164523718841891e-7
t5671,-3.676986749251091e-7,-3.4099600718344215e-7,-4.0430462352061994e-7,-5.410285229741106e-7
t5672,-1.9261974973899186e-7,-1.0682411604871115e-7,-2.5022325720639253e-7,-4.236158006500154e-7
t5673,-1.4067243868686138e-7,-3.2097863883098856e-8,-2.015307513557918e-7,-3.822560764014023e-7
t5674,-1.067300520487059e-7,-1.2269401658321123e-8,-1.5687019049493512e-7,-3.039983970310576e-7
t5675,-9.465391291272405e-8,-6.9197190184900806e-9,-1.4099110822206013e-7,-2.7231399768190877e-7
t5676,-9.019235797189421e-8,-5.289986838100938e-9,-1.3404181371681713e-7,-2.610571277864672e-7
t5677,-8.382906147342271e-8,-4.140005846203266e-9,-1.2566160658671254e-7,-2.4637075321627587e-7
t5678,-8.355141448015324e-8,-5.67501308851639e-9,-1.2556040204684632e-7,-2.4551337617566796e-7
t5679,-9.552692467248458e-8,-1.0498453855975542e-8,-1.433403050363044e-7,-2.8906274373950023e-7
t5680,-1.1313825163195919e-7,-2.39917306003397e-8,-1.6338376999192284e-7,-3.191590348884211e-7
t5681,-1.4266977704017197e-7,-6.568526404276544e-8,-1.9215439619598224e-7,-3.4516443490095045e-7
t5682,-2.6824893655424403e-7,-2.353205540330356e-7,-3.031560692908956e-7,-4.360316545829073e-7
t5683,-7.338429131107628e-7,-8.489411290779885e-7,-7.381489346469026e-7,-8.09195628372031e-7
t5684,-7.768332992155289e-7,-9.044846524723973e-7,-7.78209448448685e-7,-8.479593751696913e-7
t5685,-7.339957352480565e-7,-8.43371614330638e-7,-7.38792966273429e-7,-8.141975126188645e-7
t5686,-6.732253848675565e-7,-7.570447818861711e-7,-6.829682393276077e-7,-7.680852443736642e-7
t5687,-6.116152378894407e-7,-6.869906279447152e-7,-6.223721124076255e-7,-7.051172814885524e-7
t5688,-5.455503201967207e-7,-6.100794789763056e-7,-5.585021046383869e-7,-6.407200620396681e-7
t5689,-5.486334665570704e-7,-6.148905533853478e-7,-5.613690347357358e-7,-6.421982076305634e-7
t5690,-5.81946162498808e-7,-6.602444982893641e-7,-5.926068851728833e-7,-6.687729425709218e-7
t5691,-6.488267977588311e-7,-7.430766990884504e-7,-6.561854396001024e-7,-7.283688163772129e-7
t5692,-6.875268307007371e-7,-7.828548680222221e-7,-6.948399805071874e-7,-7.685092382989949e-7
t5693,-7.0149175288475e-7,-7.903126288473821e-7,-7.10771346913221e-7,-7.887590853425765e-7
t5694,-7.028236506471522e-7,-7.861010615058772e-7,-7.141998190103484e-7,-7.971667968008432e-7
t5695,-5.880573539151776e-7,-6.295350242485371e-7,-6.089439804496018e-7,-7.104311447175615e-7
t5696,-2.477712360462715e-7,-1.8602201993211726e-7,-2.985886700160559e-7,-4.6109392004680533e-7
t5697,-1.6109317379109573e-7,-6.058012432547088e-8,-2.2105883381189092e-7,-3.975755048884124e-7
t5698,-1.294448366097874e-7,-2.5079740275219775e-8,-1.8680172184921123e-7,-3.620271362254601e-7
t5699,-1.0598500641084515e-7,-1.4141901561820882e-8,-1.5632527266024098e-7,-3.029765553446758e-7
t5700,-9.55055057144008e-8,-9.754985103839219e-9,-1.4193981678486124e-7,-2.7431067943848693e-7
t5701,-8.844120446208383e-8,-7.544628333280278e-9,-1.3298577746475378e-7,-2.606499070295125e-7
t5702,-8.802863158276126e-8,-7.350402157619904e-9,-1.3356333842035733e-7,-2.6569078212586536e-7
t5703,-9.394848929615153e-8,-1.0014620118698186e-8,-1.4296307835949473e-7,-2.877717866389363e-7
t5704,-1.0459533156641973e-7,-1.8120482019591033e-8,-1.5506585526736176e-7,-3.066178839913094e-7
t5705,-1.2446249761667328e-7,-4.373889431312991e-8,-1.7472056990481004e-7,-3.2627649165569166e-7
t5706,-1.877518850459604e-7,-1.3185694348147123e-7,-2.3114529459492005e-7,-3.7328409434881494e-7
t5707,-4.1026034626283047e-7,-4.1907883377778045e-7,-4.3321720195059265e-7,-5.348992430902769e-7
t5708,-4.964810990667318e-7,-5.299768961814737e-7,-5.142584264762178e-7,-6.064327814417023e-7
t5709,-5.392059095136269e-7,-5.829361048253108e-7,-5.553246420045967e-7,-6.465070339631001e-7
t5710,-5.531295322093845e-7,-5.967215769995719e-7,-5.698435113540051e-7,-6.631927396206036e-7
t5711,-5.578340656753382e-7,-6.141321817024298e-7,-5.721583851921827e-7,-6.575762205654866e-7
t5712,-5.872894910602465e-7,-6.543595354782212e-7,-5.996181519116903e-7,-6.801301054622189e-7
t5713,-5.85619132727013e-7,-6.497325881337175e-7,-5.987131237688299e-7,-6.814780732982141e-7
t5714,-5.646873796027306e-7,-6.204493087150033e-7,-5.796261244941077e-7,-6.671730022064746e-7
t5715,-5.478949562743666e-7,-5.950393523231399e-7,-5.647324071909141e-7,-6.553972411143872e-7
t5716,-5.297906538695915e-7,-5.668417742137707e-7,-5.492078686913118e-7,-6.452092170597772e-7
t5717,-5.00480729661038e-7,-5.236219221360805e-7,-5.234425973526005e-7,-6.278746289014173e-7
t5718,-4.873218949970609e-7,-5.011848717899281e-7,-5.13625236139979e-7,-6.26356194118909e-7
t5719,-4.194048566178107e-7,-4.1060880901382116e-7,-4.524319398340921e-7,-5.802911543778458e-7
t5720,-2.134898665467567e-7,-1.3874438902097637e-7,-2.6934037679792287e-7,-4.401434699462877e-7
t5721,-1.554669833510886e-7,-4.983632769294738e-8,-2.1652786406039927e-7,-3.9607350562511273e-7
t5722,-1.3288324552944385e-7,-2.1799616644300422e-8,-1.9379768136325734e-7,-3.792061524219105e-7
t5723,-1.160054155179218e-7,-1.4375566099659772e-8,-1.7146666526375652e-7,-3.346642104614291e-7
t5724,-1.14271896540606e-7,-1.4624554168400872e-8,-1.698056139865722e-7,-3.318153918511079e-7
t5725,-1.2656208751931915e-7,-2.299425878687712e-8,-1.861320237407434e-7,-3.5806439949687724e-7
t5726,-1.396390301182401e-7,-4.0075404147731304e-8,-1.994262854421641e-7,-3.6614038525795546e-7
t5727,-1.6505062031937466e-7,-7.86087275867494e-8,-2.2367513839542385e-7,-3.8397743095085115e-7
t5728,-2.3287161039053636e-7,-1.7390155107136994e-7,-2.827273496416225e-7,-4.2460512163536124e-7
t5729,-3.5616475451814336e-7,-3.313366021807153e-7,-3.923915233247023e-7,-5.120472980978531e-7
t5730,-6.807280912777159e-7,-7.526211139919045e-7,-6.945507417864585e-7,-7.714720506020313e-7
t5731,-1.157001570933009e-6,-1.3848911453643138e-6,-1.13812438532643e-6,-1.1738763224035254e-6
t5732,-1.0517049019812145e-6,-1.2482617503427327e-6,-1.0390312237723058e-6,-1.0913632282562716e-6
t5733,-9.962505968764631e-7,-1.1755599591757766e-6,-9.875059048408467e-7,-1.0508287372768065e-6
t5734,-9.319560151766714e-7,-1.0910643826391708e-6,-9.280573499994299e-7,-1.002081276280704e-6
t5735,-8.432665076097072e-7,-9.902464634239683e-7,-8.405195102946555e-7,-9.141953689800669e-7
t5736,-7.398536443102488e-7,-8.566430864341445e-7,-7.434380185416133e-7,-8.265071906722551e-7
t5737,-6.79431182492362e-7,-7.741844736206063e-7,-6.877173992760604e-7,-7.774205048655262e-7
t5738,-6.066419271975879e-7,-6.765589693162248e-7,-6.20252254190537e-7,-7.188856722202314e-7
t5739,-5.789669564292773e-7,-6.381116796354144e-7,-5.95176341523326e-7,-6.978063261030793e-7
t5740,-5.634333049272523e-7,-6.137320760908422e-7,-5.81999895582256e-7,-6.877518597749238e-7
t5741,-5.226580943208809e-7,-5.546012797218375e-7,-5.451322702598016e-7,-6.60392927591966e-7
t5742,-5.172288829843362e-7,-5.413671366613143e-7,-5.419570171671369e-7,-6.620242017350804e-7
t5743,-4.882290484169231e-7,-4.988118185174671e-7,-5.165807422226586e-7,-6.438171627000471e-7
t5744,-3.245617796387704e-7,-2.851253550899538e-7,-3.676489360388725e-7,-5.216925039182237e-7
t5745,-2.192034725074114e-7,-1.4043051820759686e-7,-2.766307297768629e-7,-4.5206707315692267e-7
t5746,-1.831416064731246e-7,-7.336405940809905e-8,-2.473695419628507e-7,-4.3785565532622663e-7
t5747,-1.6318789574179946e-7,-4.343622693324974e-8,-2.287493792018655e-7,-4.216474411234732e-7
t5748,-1.523018666928619e-7,-3.4137954234474724e-8,-2.1673170361041095e-7,-4.099993326447315e-7
t5749,-1.471610039485418e-7,-3.52945153909557e-8,-2.1016249187886466e-7,-3.9504207761309805e-7
t5750,-1.5529158733765367e-7,-5.0368648648793965e-8,-2.1713503056283287e-7,-3.986397715238027e-7
t5751,-1.7703666043220352e-7,-8.472965321697399e-8,-2.369742612540767e-7,-4.128177086451296e-7
t5752,-2.1834827224403816e-7,-1.4548179691169934e-7,-2.7327504199953766e-7,-4.4131276218081023e-7
t5753,-3.1146501319417546e-7,-2.6950118377637767e-7,-3.5414686603282697e-7,-5.02336847533097e-7
t5754,-5.606259626133244e-7,-5.881444727100278e-7,-5.846773871542528e-7,-6.911764493499485e-7
t5755,-9.535816962891494e-7,-1.106609137587691e-6,-9.533195477508835e-7,-1.015988803252227e-6
t5756,-9.482569054916611e-7,-1.0970086891786394e-6,-9.484796848484662e-7,-1.0138804761033523e-6
t5757,-9.569411865038309e-7,-1.1060739379418495e-6,-9.569553344465474e-7,-1.0208013094539406e-6
t5758,-9.844553219923096e-7,-1.1438425983195164e-6,-9.81789140564562e-7,-1.0420354130173353e-6
t5759,-1.051405540439872e-6,-1.2501633565184377e-6,-1.037408293054311e-6,-1.0779845135742876e-6
t5760,-1.1435659521097383e-6,-1.3822552054348505e-6,-1.1187588264538624e-6,-1.1450186607271517e-6
t5761,-1.3233086391473105e-6,-1.6226486693079816e-6,-1.282279399688464e-6,-1.2885880003838058e-6
t5762,-1.546653581241891e-6,-1.9101035392771407e-6,-1.4856461181039282e-6,-1.4684408839756674e-6
t5763,-1.8062771174881234e-6,-2.231601422937701e-6,-1.722979085377168e-6,-1.6803962437675909e-6
t5764,-1.983846517465852e-6,-2.4453393397484313e-6,-1.889717618908657e-6,-1.8327506073055954e-6
t5765,-2.038479591282354e-6,-2.506546853853578e-6,-1.9448024245658696e-6,-1.8904602366471759e-6
t5766,-1.9582746758557973e-6,-2.4049343415928794e-6,-1.8751976279518825e-6,-1.8326498307044626e-6
t5767,-1.5153628303150405e-6,-1.842814139480309e-6,-1.4720522886028797e-6,-1.4806190733410306e-6
t5768,-4.7305005605365187e-7,-4.6873834163130574e-7,-5.076208433006668e-7,-6.381005695618527e-7
t5769,-2.2848592817164e-7,-1.5013277467191877e-7,-2.8835072404830993e-7,-4.6251601587955275e-7
t5770,-1.6899737911523903e-7,-6.214425381225214e-8,-2.3521811025778562e-7,-4.198239328282285e-7
t5771,-1.3933134869907883e-7,-3.4274223102498426e-8,-2.0317217213063445e-7,-3.8017437254677065e-7
t5772,-1.2202747804194396e-7,-2.288681307965882e-8,-1.8180738568372981e-7,-3.5144958728085593e-7
t5773,-1.1059094617763229e-7,-1.837081108224893e-8,-1.6782113241085318e-7,-3.2720147786340903e-7
t5774,-1.0930519863059339e-7,-1.8542655754444403e-8,-1.66021196910235e-7,-3.239646206127881e-7
t5775,-1.1470239265058998e-7,-2.4830595254938483e-8,-1.7130512971897102e-7,-3.281827679049815e-7
t5776,-1.2985894845222922e-7,-4.57677668969804e-8,-1.8597682701389574e-7,-3.4295437928546756e-7
t5777,-1.735483860044873e-7,-1.087312734990919e-7,-2.2450847977875175e-7,-3.749424714585765e-7
t5778,-3.6613376077176437e-7,-3.578938042360761e-7,-3.971822081311535e-7,-5.149418427876364e-7
t5779,-9.768054996124703e-7,-1.1676518544484969e-6,-9.648613030043425e-7,-1.0121683875954758e-6
t5780,-1.0380696446303912e-6,-1.247580357358029e-6,-1.0217885072684531e-6,-1.0667007777323064e-6
t5781,-1.0279807895270786e-6,-1.2332565632205214e-6,-1.0126911721204307e-6,-1.0600999266059718e-6
t5782,-1.0275976673510268e-6,-1.2350117849310133e-6,-1.0110212893497426e-6,-1.0571326069186199e-6
t5783,-1.0683548979739841e-6,-1.2959796598207812e-6,-1.0461023508806588e-6,-1.0852968307727653e-6
t5784,-1.0239828247493413e-6,-1.2454705860360917e-6,-1.0020566502635602e-6,-1.039630243708344e-6
t5785,-1.0842780537071428e-6,-1.3234529437624565e-6,-1.0572218682717802e-6,-1.0882792914357097e-6
t5786,-1.2148363029765633e-6,-1.4923392038354795e-6,-1.1768054800595014e-6,-1.1935345486740318e-6
t5787,-1.4590449397353773e-6,-1.7980612905274779e-6,-1.4031390404612293e-6,-1.4000112514256154e-6
t5788,-1.59999415940296e-6,-1.9645643040567566e-6,-1.538380501650793e-6,-1.5293869931706118e-6
t5789,-1.6284706954374187e-6,-1.9945731800718526e-6,-1.5686780799420913e-6,-1.562190598670027e-6
t5790,-1.5861207173789863e-6,-1.936274385319659e-6,-1.5332714768670658e-6,-1.5353656516783554e-6
t5791,-1.2399220378218148e-6,-1.4857083047769178e-6,-1.218110391363646e-6,-1.2586846546022452e-6
t5792,-4.310106244264506e-7,-4.161936701656251e-7,-4.693479694771543e-7,-6.080035150386597e-7
t5793,-2.3541161189666337e-7,-1.5917260319131757e-7,-2.9579915497855825e-7,-4.703941885335124e-7
t5794,-1.807206871006867e-7,-8.028787473730558e-8,-2.4603284533954733e-7,-4.283932138659541e-7
t5795,-1.512867690130583e-7,-4.9990811388516626e-8,-2.1463946242176584e-7,-3.9071796429492244e-7
t5796,-1.395645617983095e-7,-3.8263895619833234e-8,-1.9981309439133183e-7,-3.7343146660586615e-7
t5797,-1.2915779155772152e-7,-3.397081808429863e-8,-1.8690025084288015e-7,-3.5245093881374834e-7
t5798,-1.2858032617821274e-7,-3.874561258755838e-8,-1.839752811147597e-7,-3.420753931134446e-7
t5799,-1.358564957098291e-7,-5.470742934474667e-8,-1.8937469747781433e-7,-3.4385999861509897e-7
t5800,-1.715882063681339e-7,-1.0717104946570502e-7,-2.2075465191737363e-7,-3.668594724614698e-7
t5801,-2.569877694008914e-7,-2.229145039004261e-7,-2.946774046535283e-7,-4.2519626875976826e-7
t5802,-5.445724472171715e-7,-5.97824522483436e-7,-5.605304663106347e-7,-6.478447065381267e-7
t5803,-1.0317530269458432e-6,-1.2545484260956693e-6,-1.0125164729863407e-6,-1.049227072051823e-6
t5804,-9.784739597766863e-7,-1.1817463044492776e-6,-9.636414398772697e-7,-1.0077575447238257e-6
t5805,-9.037559355893786e-7,-1.0782268943148784e-6,-8.953912710143547e-7,-9.50069509093277e-7
t5806,-8.305225881305164e-7,-9.806800911120797e-7,-8.266578227048276e-7,-8.869060942565587e-7
t5807,-7.595906073774385e-7,-8.888336286343904e-7,-7.59334279486857e-7,-8.226419503911548e-7
t5808,-6.958179265955346e-7,-8.103135010017702e-7,-6.987833953755089e-7,-7.645132179256867e-7
t5809,-7.37955385960723e-7,-8.661482884442664e-7,-7.377984594300868e-7,-7.974313579384298e-7
t5810,-8.273239556146043e-7,-9.834443061292295e-7,-8.210171711239765e-7,-8.714477834780983e-7
t5811,-1.0181902615052024e-6,-1.2285289975831655e-6,-9.990037320928163e-7,-1.0333471586606771e-6
t5812,-1.2803579373616776e-6,-1.560530899573605e-6,-1.2444925881380519e-6,-1.2594449100771478e-6
t5813,-1.6099670472995977e-6,-1.974647441730747e-6,-1.553374249388402e-6,-1.544509202665282e-6
t5814,-1.7895068156819261e-6,-2.1966459818213552e-6,-1.7213638348056694e-6,-1.6979003357225957e-6
t5815,-1.6361993662056794e-6,-2.0006243143060888e-6,-1.583859264263822e-6,-1.5807754965417365e-6
t5816,-6.65008246549987e-7,-7.208183128278989e-7,-6.840762830538537e-7,-7.89123493631896e-7
t5817,-3.009292301168485e-7,-2.5104806543363273e-7,-3.4873907051892727e-7,-5.125418990985408e-7
t5818,-1.9557227459622608e-7,-1.029193108263554e-7,-2.5561066400653737e-7,-4.3951412786163493e-7
t5819,-1.5430607436722212e-7,-5.220313862413422e-8,-2.147481244727272e-7,-3.958768145406291e-7
t5820,-1.3573889990135605e-7,-3.4950933290511246e-8,-1.934585755223595e-7,-3.685858057440681e-7
t5821,-1.2025946139668588e-7,-2.6160655127296232e-8,-1.7545578842267993e-7,-3.4006070522937224e-7
t5822,-1.1487271544764397e-7,-2.428145043900979e-8,-1.691380473027025e-7,-3.3030724125863203e-7
t5823,-1.227496548928609e-7,-3.584658107421153e-8,-1.7749243788732158e-7,-3.372372308439953e-7
t5824,-1.4206154369271503e-7,-6.564691496637465e-8,-1.9556227222518098e-7,-3.502202450784811e-7
t5825,-2.250307838896353e-7,-1.7873974672922695e-7,-2.6768420295467995e-7,-4.0961888771380946e-7
t5826,-5.583425134039373e-7,-6.127379342303435e-7,-5.741807578348653e-7,-6.620327143560239e-7
t5827,-1.8460487171769306e-6,-2.285368104805625e-6,-1.762193833605502e-6,-1.7141718674634909e-6
t5828,-1.992665274180276e-6,-2.4696363453628275e-6,-1.8984139553139532e-6,-1.8398281302659888e-6
t5829,-2.0129851888744168e-6,-2.4872338224814266e-6,-1.9185425772154866e-6,-1.8608343139823938e-6
t5830,-2.108143011926216e-6,-2.6059119261794958e-6,-2.001466502181108e-6,-1.930181901042399e-6
t5831,-2.1395770475450455e-6,-2.6383127573925695e-6,-2.025154477341955e-6,-1.944062175007318e-6
t5832,-1.8734831110617103e-6,-2.317922867391288e-6,-1.775433147153591e-6,-1.715898058756198e-6
t5833,-1.9652993438731803e-6,-2.4281087289210344e-6,-1.8605170363232453e-6,-1.7930955218519254e-6
t5834,-1.952269140048533e-6,-2.411994197665259e-6,-1.849055365042924e-6,-1.784343844369998e-6
t5835,-2.0884500448124956e-6,-2.5737255829130273e-6,-1.977140221261835e-6,-1.903646159754593e-6
t5836,-2.063374787707875e-6,-2.5398125711758713e-6,-1.9610527894295244e-6,-1.8965457238146597e-6
t5837,-1.9238762659416814e-6,-2.3655033202516846e-6,-1.8394365611787488e-6,-1.7997155012558818e-6
t5838,-1.679679521017695e-6,-2.0554596503125103e-6,-1.6201443531478306e-6,-1.6089043446860364e-6
t5839,-1.2084102849507549e-6,-1.4433265933381885e-6,-1.1893670285863361e-6,-1.2304800365582416e-6
t5840,-3.7561083474004773e-7,-3.476953211601978e-7,-4.1727557495005886e-7,-5.631078289723656e-7
t5841,-1.9733672179282324e-7,-1.0878908988357845e-7,-2.5931468067661515e-7,-4.363615809515355e-7
t5842,-1.534911900883679e-7,-4.689893068142265e-8,-2.1822640634722536e-7,-4.0054573512736274e-7
t5843,-1.250903586719714e-7,-2.596947991340294e-8,-1.8416340893043023e-7,-3.535767003613585e-7
t5844,-1.0802530581356939e-7,-1.7683769538833015e-8,-1.617421488683076e-7,-3.121136297461893e-7
t5845,-9.977010305665338e-8,-1.379699456245798e-8,-1.5269497059074598e-7,-2.974233447473081e-7
t5846,-9.962649194989119e-8,-1.3331845940353244e-8,-1.5296355519374626e-7,-3.0306882079257125e-7
t5847,-1.0722219018614149e-7,-2.1176823323667397e-8,-1.617376889331504e-7,-3.1345574341623354e-7
t5848,-1.2485210580451448e-7,-4.350903632727991e-8,-1.7862881776779251e-7,-3.316164691249672e-7
t5849,-1.7447367909682572e-7,-1.1422105256758748e-7,-2.2258208244431723e-7,-3.6804745358816225e-7
t5850,-3.9718465850541013e-7,-4.0534366565818135e-7,-4.229211858882834e-7,-5.305654938361045e-7
t5851,-1.4283400672821618e-6,-1.766266114989281e-6,-1.3757870018305882e-6,-1.3685584099322444e-6
t5852,-1.7278783866348497e-6,-2.1446386806465435e-6,-1.651199870105875e-6,-1.6163487476704814e-6
t5853,-1.7167313366959491e-6,-2.1195376923716024e-6,-1.6422461825368937e-6,-1.6137497734136292e-6
t5854,-1.5725760985588036e-6,-1.935287080506652e-6,-1.5093031243227202e-6,-1.4974429400554326e-6
t5855,-1.314470933408691e-6,-1.6158550381941213e-6,-1.269115871807921e-6,-1.2800255404822755e-6
t5856,-8.095856869294082e-7,-9.851229635916005e-7,-8.001768798379924e-7,-8.555197990713247e-7
t5857,-8.456701766284299e-7,-1.0309418740569429e-6,-8.338094961425843e-7,-8.856178036281121e-7
t5858,-8.316962639908963e-7,-1.0135425754562415e-6,-8.200929993042234e-7,-8.713593896404102e-7
t5859,-1.0567605753986154e-6,-1.2923801760352457e-6,-1.0301036508633049e-6,-1.06239974556871e-6
t5860,-1.2542049582189478e-6,-1.5330682304546923e-6,-1.2154447202797187e-6,-1.2353960093631155e-6
t5861,-1.1441000966652981e-6,-1.3785576485231923e-6,-1.1201917637527937e-6,-1.1569049752203307e-6
t5862,-1.0036143794152657e-6,-1.183774030112177e-6,-9.940717629359238e-7,-1.0485969771608837e-6
t5863,-7.453328508483289e-7,-8.372083559331409e-7,-7.568176614649048e-7,-8.416871566442594e-7
t5864,-2.933077418513264e-7,-2.469009907282178e-7,-3.421043260966099e-7,-4.972949264048756e-7
t5865,-1.7481905367306898e-7,-8.21110920837677e-8,-2.3835251671117787e-7,-4.1296593779237916e-7
t5866,-1.4490464717421975e-7,-3.9531187884873544e-8,-2.1035001304692483e-7,-3.896617019821672e-7
t5867,-1.2341264466816675e-7,-2.36433015870538e-8,-1.8533970739614832e-7,-3.5632068161565556e-7
t5868,-1.1243646299076714e-7,-1.8001965515971285e-8,-1.7039074781917082e-7,-3.323903333300024e-7
t5869,-1.0819215404675596e-7,-1.907836839379861e-8,-1.6401397829486572e-7,-3.234313110955081e-7
t5870,-1.0462684986868457e-7,-2.06793291698254e-8,-1.5858151214130133e-7,-3.14520626952794e-7
t5871,-1.058625939134575e-7,-2.563894535167947e-8,-1.5803913571974522e-7,-3.1251206349886323e-7
t5872,-1.1164701418786755e-7,-3.6269190305773375e-8,-1.6342309091439335e-7,-3.172999384107072e-7
t5873,-1.2906952681272616e-7,-6.22145408253498e-8,-1.7884467019723848e-7,-3.294688024840221e-7
t5874,-1.9870041212645348e-7,-1.5578889431989378e-7,-2.3993590641435824e-7,-3.7834899310588346e-7
t5875,-3.5329869983411115e-7,-3.5316698437832425e-7,-3.7983427960551155e-7,-4.884428573259737e-7
t5876,-4.1602074461736493e-7,-4.3155643597260115e-7,-4.387062998460579e-7,-5.37381744990686e-7
t5877,-4.375322906316533e-7,-4.5471995883840464e-7,-4.598669438543884e-7,-5.573447957523727e-7
t5878,-4.18767230499121e-7,-4.300148180845112e-7,-4.4264272808022624e-7,-5.428110817655514e-7
t5879,-3.938000460527873e-7,-4.0005459189181337e-7,-4.191043742538756e-7,-5.188195226103857e-7
t5880,-3.7324717819396003e-7,-3.740425744492126e-7,-4.003257130107921e-7,-5.030073188134279e-7
t5881,-3.5002013988813017e-7,-3.423526886407682e-7,-3.80166964513104e-7,-4.896876811366674e-7
t5882,-3.248803090559979e-7,-3.093872931355755e-7,-3.580550378011924e-7,-4.7271129829837895e-7
t5883,-3.080158956329657e-7,-2.85722394261547e-7,-3.439374275551573e-7,-4.6421125059702136e-7
t5884,-2.920961704069169e-7,-2.622921242487345e-7,-3.311737729898783e-7,-4.5809923176001415e-7
t5885,-2.8300897596251353e-7,-2.460368113181759e-7,-3.251664910155438e-7,-4.606910217449779e-7
t5886,-2.82794510346012e-7,-2.4043677152482795e-7,-3.2764123868628767e-7,-4.680878446832166e-7
t5887,-2.5324772152290463e-7,-1.9835224109400719e-7,-3.037338148210186e-7,-4.542657020831343e-7
t5888,-1.6039194715800676e-7,-6.365582722895178e-8,-2.257421842740305e-7,-3.9964420879935125e-7
t5889,-1.2202677075388553e-7,-1.8215895204755844e-8,-1.8583728586919773e-7,-3.5832114817282715e-7
t5890,-9.86066935995102e-8,-8.51166808364465e-9,-1.5030429960055638e-7,-2.8595314958891493e-7
t5891,-9.46666030911088e-8,-6.6617994467818655e-9,-1.4502468498095604e-7,-2.7650288621463016e-7
t5892,-9.01988147680592e-8,-5.291944614969882e-9,-1.400373548973487e-7,-2.6649357551106336e-7
t5893,-8.485412925623083e-8,-4.176551180401138e-9,-1.3327347489164763e-7,-2.56331769614608e-7
t5894,-8.276876378118961e-8,-4.749418715427577e-9,-1.3137148349675896e-7,-2.516177684490256e-7
t5895,-9.101567573010988e-8,-8.98561009949748e-9,-1.4372840048687898e-7,-2.79356221485234e-7
t5896,-1.1196317462364027e-7,-2.0686416654995908e-8,-1.7166167868898956e-7,-3.3527041462999783e-7
t5897,-1.3778890549187504e-7,-5.203942751589945e-8,-1.9856713851131925e-7,-3.616693013368037e-7
t5898,-2.3030774507131658e-7,-1.801001574364826e-7,-2.806592147542135e-7,-4.334383813364278e-7
t5899,-5.968321342302446e-7,-6.496185421466018e-7,-6.170797583291823e-7,-7.15587626189099e-7
t5900,-6.518823464599303e-7,-7.212779939532239e-7,-6.674014280404151e-7,-7.583891770843058e-7
t5901,-6.191379566763474e-7,-6.759740153173748e-7,-6.373164525339444e-7,-7.315440980466985e-7
t5902,-5.757573599954977e-7,-6.223198852041813e-7,-5.955952130087872e-7,-6.90751846670435e-7
t5903,-5.439117861034514e-7,-5.863742503099766e-7,-5.639707978345253e-7,-6.559519086573813e-7
t5904,-5.391701426525318e-7,-5.828748248944248e-7,-5.584809567300489e-7,-6.477831141550086e-7
t5905,-5.439820063446058e-7,-5.879419659909919e-7,-5.633551166875678e-7,-6.545118825978108e-7
t5906,-5.417886084860899e-7,-5.842562697489726e-7,-5.617210075047281e-7,-6.545377159026329e-7
t5907,-5.344009442614177e-7,-5.733949025359235e-7,-5.555441998428533e-7,-6.515757837102662e-7
t5908,-4.959167383540158e-7,-5.206325963186674e-7,-5.208042939617842e-7,-6.251064133297402e-7
t5909,-4.5797982305188296e-7,-4.6601445559727955e-7,-4.880360849122406e-7,-6.015528662757908e-7
t5910,-4.258981732432885e-7,-4.191842400939317e-7,-4.604215764195036e-7,-5.837129732215841e-7
t5911,-3.502381330371658e-7,-3.18612344587211e-7,-3.938684303390201e-7,-5.362935807335925e-7
t5912,-1.8263942462443528e-7,-9.253041569808464e-8,-2.485922236755582e-7,-4.23749597229088e-7
t5913,-1.3255260437552444e-7,-2.5275158108658734e-8,-2.0037480466480164e-7,-3.8178834976917995e-7
t5914,-1.0309962607145482e-7,-1.1068422469834861e-8,-1.5742329971855517e-7,-2.9581273116272097e-7
t5915,-9.895280851494511e-8,-8.500168840201543e-9,-1.5113906965264053e-7,-2.8563599231203797e-7
t5916,-9.612017088625291e-8,-7.413162237299241e-9,-1.4866366449282845e-7,-2.8016875554036407e-7
t5917,-9.13588844565933e-8,-6.207720503190731e-9,-1.4251650817023482e-7,-2.698403452825951e-7
t5918,-8.962571361717676e-8,-6.500653007136093e-9,-1.4047835443881874e-7,-2.6467319934500145e-7
t5919,-9.460322845555033e-8,-9.57391304806376e-9,-1.475946336902008e-7,-2.7775514275927634e-7
t5920,-1.1830887685901636e-7,-2.0241837333570433e-8,-1.8181678685378778e-7,-3.49689068267348e-7
t5921,-1.4857771296917603e-7,-5.2070362333191976e-8,-2.1403495632517414e-7,-3.8705759726118493e-7
t5922,-2.539673120336337e-7,-1.9954157357908303e-7,-3.067577879139642e-7,-4.644749316518368e-7
t5923,-6.694154046138619e-7,-7.340884099002427e-7,-6.877518991869842e-7,-7.819061120513033e-7
t5924,-8.076982402186802e-7,-9.141214826788097e-7,-8.167700329692563e-7,-8.962772378555302e-7
t5925,-9.00152106735475e-7,-1.0338083197720438e-6,-9.033648612204057e-7,-9.748369311875596e-7
t5926,-1.0498331480315103e-6,-1.2395166253227365e-6,-1.0388579517438874e-6,-1.0894763598673122e-6
t5927,-1.3198737765431116e-6,-1.6027132578446276e-6,-1.2824751647520131e-6,-1.299455001649815e-6
t5928,-1.6624742835918195e-6,-2.0467110690200866e-6,-1.5890322322179454e-6,-1.5655302462761295e-6
t5929,-1.9953880946056326e-6,-2.461318528562639e-6,-1.8881686728822001e-6,-1.8268415173266269e-6
t5930,-2.2618701926358394e-6,-2.7793530046328046e-6,-2.1283816178798546e-6,-2.0368298299913405e-6
t5931,-2.544596474176379e-6,-3.11242759436039e-6,-2.3861511766464827e-6,-2.2656835803293784e-6
t5932,-2.700394401144563e-6,-3.293852661402463e-6,-2.5350997978283246e-6,-2.4013750316588736e-6
t5933,-2.674043101257645e-6,-3.2660625304240943e-6,-2.5181061282171194e-6,-2.3963931893851186e-6
t5934,-2.5308122387294835e-6,-3.095404494703418e-6,-2.3917693063904775e-6,-2.289337599178097e-6
t5935,-1.9055461581065345e-6,-2.3362031238851894e-6,-1.8253109261934851e-6,-1.795893573431659e-6
t5936,-4.5618197131532665e-7,-4.4997451011636295e-7,-4.92894037196793e-7,-6.24211074198622e-7
t5937,-2.128635279960321e-7,-1.321038421177294e-7,-2.745790410833947e-7,-4.497512488584094e-7
t5938,-1.6139050085134025e-7,-5.8895275165373764e-8,-2.2639480842255247e-7,-4.1058868933154054e-7
t5939,-1.3020328159773358e-7,-3.299931843771979e-8,-1.914612729491108e-7,-3.6301785289594637e-7
t5940,-1.1608826843591131e-7,-2.392263850600907e-8,-1.726755462013922e-7,-3.309418720642555e-7
t5941,-1.0785391558224373e-7,-1.897351677934717e-8,-1.6358348090573568e-7,-3.2090814936672693e-7
t5942,-1.1096049731670207e-7,-2.3956873735992185e-8,-1.6586291927942905e-7,-3.222396311496401e-7
t5943,-1.1874199098848967e-7,-3.8221250394211e-8,-1.7255736459764982e-7,-3.2513829502875255e-7
t5944,-1.5476192160759068e-7,-9.233995848104515e-8,-2.0369351798576537e-7,-3.500494631262592e-7
t5945,-2.874463719666074e-7,-2.6997388968095234e-7,-3.2034295873283586e-7,-4.4569111640709064e-7
t5946,-8.360066157161284e-7,-1.0078977920173872e-6,-8.328019763954264e-7,-8.925577284395718e-7
t5947,-1.472688179562564e-6,-1.8189147943482135e-6,-1.3991725600677085e-6,-1.3824314791316383e-6
t5948,-2.4319442645241487e-6,-2.969407893880164e-6,-2.2736317323856347e-6,-2.1597361200507068e-6
t5949,-4.311791151298888e-6,-5.124807998313909e-6,-4.015629083030974e-6,-3.733165797105363e-6
t5950,-4.9284651287972275e-6,-5.75223024988198e-6,-4.579297455506817e-6,-4.214455243321058e-6
t5951,-1.806104484841319e-6,-2.1709683325092882e-6,-1.7004387431416297e-6,-1.6294057304881718e-6
t5952,-8.203656258081649e-7,-9.71734652689756e-7,-8.082778148113039e-7,-8.552504870577718e-7
t5953,-9.05090530682254e-7,-1.0791965604992745e-6,-8.852279115305671e-7,-9.222724666182506e-7
t5954,-1.098494062570349e-6,-1.3212446125050068e-6,-1.0601600577458734e-6,-1.0741439381727396e-6
t5955,-4.099139736477505e-6,-4.6844686224156404e-6,-3.817334279395371e-6,-3.4381343868781764e-6
t5956,-1.2350698680871056e-5,-1.3480460302308908e-5,-1.1764900875035213e-5,-1.075472827010501e-5
t5957,-9.66724446895881e-6,-1.0753795645843828e-5,-9.156213795814887e-6,-8.322152153294363e-6
t5958,-7.049749834678372e-6,-8.057459943621215e-6,-6.638551139825365e-6,-6.040142511067917e-6
t5959,-3.879939728003258e-6,-4.659946964714374e-6,-3.6452872420871264e-6,-3.3871842615338407e-6
t5960,-6.958178576091406e-7,-7.629684176892617e-7,-7.128807866812551e-7,-8.146723714690451e-7
t5961,-2.8472707757351136e-7,-2.281100122949308e-7,-3.3544995075751144e-7,-4.986882657002206e-7
t5962,-1.9746394854577062e-7,-1.0970763880339352e-7,-2.5545686368636857e-7,-4.283967096544367e-7
t5963,-1.639986586889752e-7,-7.335011691717326e-8,-2.2234888030071233e-7,-3.91288873898224e-7
t5964,-1.5164607476293897e-7,-5.977217866566239e-8,-2.0823411665770892e-7,-3.772925744782622e-7
t5965,-1.4407832846258997e-7,-6.114413568797958e-8,-1.9784041786514387e-7,-3.578136111405537e-7
t5966,-1.5807004044197276e-7,-8.500081876122096e-8,-2.07320218666173e-7,-3.579969185373583e-7
t5967,-1.688216376881135e-7,-1.1309540157220201e-7,-2.1457828541088685e-7,-3.610521931039958e-7
t5968,-2.341379714471334e-7,-2.0135745935746603e-7,-2.7128276044185806e-7,-4.0542665237092693e-7
t5969,-4.45347755245587e-7,-4.6897068614859583e-7,-4.6632799511978316e-7,-5.706502413907557e-7
t5970,-8.465807228961379e-7,-9.891253076492154e-7,-8.39297518047835e-7,-9.10218607788699e-7
t5971,-9.646276664276574e-7,-1.1240072787252896e-6,-9.494467677372308e-7,-9.972401684233254e-7
t5972,-1.6687720035181536e-6,-1.9403523792944187e-6,-1.606392054157744e-6,-1.5825657853885666e-6
t5973,-5.691179984049024e-6,-6.160442890879837e-6,-5.496763298848829e-6,-5.164278417339956e-6
t5974,-1.0304437592282996e-5,-1.0823024889430834e-5,-1.006473665107032e-5,-9.588732380630843e-6
t5975,-1.6973651129981027e-6,-1.9694527448912795e-6,-1.6313752428144215e-6,-1.6020104816737096e-6
t5976,-7.240650765484867e-7,-8.268925574303796e-7,-7.27018953569653e-7,-7.983528003721439e-7
t5977,-8.069359306206339e-7,-9.292112978204408e-7,-8.037691208762123e-7,-8.663151108607777e-7
t5978,-1.0527096647972808e-6,-1.22644145776121e-6,-1.0310370351068214e-6,-1.0684782431325486e-6
t5979,-2.817814665895857e-6,-3.182073932848352e-6,-2.692059341801277e-6,-2.54602517741495e-6
t5980,-7.365224338096137e-5,-7.528753962936878e-5,-7.279800094967189e-5,-7.166817527741971e-5
t5981,-3.5614727691737185e-5,-3.6900280593000856e-5,-3.490665035865838e-5,-3.3306314356353634e-5
t5982,-2.2367294238802202e-5,-2.3661461972939123e-5,-2.172068460849166e-5,-2.034727465460762e-5
t5983,-1.0433723726948178e-5,-1.159144980958039e-5,-9.942663668565129e-6,-9.048021362273953e-6
t5984,-9.80689932938686e-7,-1.1403885631028493e-6,-9.789977268875932e-7,-1.0484275840177776e-6
t5985,-2.93758093459675e-7,-2.4210051367562285e-7,-3.4172914347380984e-7,-4.992479996964096e-7
t5986,-1.8643026760795676e-7,-9.36129890980248e-8,-2.440394730801715e-7,-4.187953381523936e-7
t5987,-1.5118501899110782e-7,-5.4288144470577064e-8,-2.0831855069443902e-7,-3.7996077141223454e-7
t5988,-1.3498005520582636e-7,-4.010638807058594e-8,-1.898855093974185e-7,-3.56913973198485e-7
t5989,-1.2113219972406847e-7,-3.15494898684833e-8,-1.7489150939210076e-7,-3.346282529330911e-7
t5990,-1.2217365810317208e-7,-3.911400566328905e-8,-1.7440405428956826e-7,-3.277067009175686e-7
t5991,-1.4282828591602316e-7,-6.958902408808986e-8,-1.927385149700628e-7,-3.389642602666822e-7
t5992,-1.8345172192009307e-7,-1.3266277901569986e-7,-2.273260913620568e-7,-3.660396682077321e-7
t5993,-3.590963112927773e-7,-3.6046525746371247e-7,-3.8567763822035414e-7,-4.967602716125479e-7
t5994,-7.98051039060142e-7,-9.425969101460688e-7,-7.896680450825557e-7,-8.502354049098274e-7
t5995,-1.0325761268423439e-6,-1.2200725476479364e-6,-1.010270302351307e-6,-1.0414246871200538e-6
t5996,-2.231650369619277e-6,-2.593870584741846e-6,-2.128398889315043e-6,-2.023972805291123e-6
t5997,-3.0025396660173615e-5,-3.072247839825929e-5,-2.9662688684788272e-5,-2.8675417081256196e-5
t5998,-1.1304911922668091e-5,-1.1902628714513847e-5,-1.1009780160983065e-5,-1.0325929349257842e-5
t5999,-2.0770417306477724e-6,-2.420456595063869e-6,-1.97942630227211e-6,-1.892512328996244e-6
t6000,-8.685921190914335e-7,-1.0162393373228089e-6,-8.58632587088774e-7,-9.102513903162774e-7
t6001,-1.1248983762509609e-6,-1.3283577863594948e-6,-1.0943705328999082e-6,-1.1185471110622091e-6
t6002,-1.4579084918838304e-6,-1.7203273256427659e-6,-1.4005767535119582e-6,-1.3870314877314026e-6
t6003,-9.824280537757288e-6,-1.0403389427758785e-5,-9.522209068272441e-6,-8.874101692699356e-6
t6004,-3.5245761619655335e-5,-3.648899896070159e-5,-3.4607132540091176e-5,-3.301529801784787e-5
t6005,-2.141408701058097e-5,-2.2702057069313566e-5,-2.0765231079785147e-5,-1.9447016518170717e-5
t6006,-1.3704464654125561e-5,-1.4936360719876375e-5,-1.3138255515597406e-5,-1.207932727223276e-5
t6007,-6.638349164922235e-6,-7.654931338935956e-6,-6.266799123635301e-6,-5.703043129002292e-6
t6008,-8.288793761880624e-7,-9.391161299764639e-7,-8.37410365571469e-7,-9.257488620822643e-7
t6009,-2.7065299691863843e-7,-2.1027461555186502e-7,-3.2166718416117607e-7,-4.87955884903846e-7
t6010,-1.8268710038316464e-7,-8.566651152920045e-8,-2.4059782241885553e-7,-4.1813530919735565e-7
t6011,-1.5068059662583131e-7,-5.1780241083683016e-8,-2.0738606233714287e-7,-3.828871659053936e-7
t6012,-1.332764514156536e-7,-3.667758499414529e-8,-1.882586269926725e-7,-3.5721087316056203e-7
t6013,-1.1726236397631838e-7,-2.6523180181164422e-8,-1.7026533355473012e-7,-3.318137469250776e-7
t6014,-1.1865806768992939e-7,-3.251386881353035e-8,-1.7038925067333795e-7,-3.2723913075689957e-7
t6015,-1.2069742731344894e-7,-3.9560984334553286e-8,-1.7152540170130278e-7,-3.2466196801472814e-7
t6016,-1.512171429574755e-7,-8.006467461704659e-8,-1.9992501877441435e-7,-3.488079186509133e-7
t6017,-2.280270166136822e-7,-1.874383150457316e-7,-2.6682207617882694e-7,-4.015664030264382e-7
t6018,-6.27751502173458e-7,-7.060659839657895e-7,-6.365151218258931e-7,-7.132187451128593e-7
t6019,-1.7259482665053647e-6,-2.1471843777533527e-6,-1.6364691489678794e-6,-1.5906938476467417e-6
t6020,-3.3680020934191285e-6,-4.105451276337981e-6,-3.170359200129493e-6,-2.968971142962395e-6
t6021,-5.074767354213775e-6,-5.9550999301369274e-6,-4.831585806159408e-6,-4.48022646203315e-6
t6022,-5.601968638317455e-6,-6.52222039350411e-6,-5.330269475043142e-6,-4.940798432656728e-6
t6023,-3.195494869975265e-6,-3.828397301760491e-6,-2.9726340512525718e-6,-2.758602488909332e-6
t6024,-7.068217778054872e-7,-8.327424173589212e-7,-7.038390985557729e-7,-7.661771498227393e-7
t6025,-6.885421269144582e-7,-8.081353422010411e-7,-6.871655465664085e-7,-7.506644935339137e-7
t6026,-6.796589948453094e-7,-7.964251129343066e-7,-6.78907751773339e-7,-7.421010072153096e-7
t6027,-1.1524275850649378e-6,-1.4013757221175638e-6,-1.1071698676946753e-6,-1.1155761651445347e-6
t6028,-4.698918720850885e-6,-5.525064780769561e-6,-4.42345269696819e-6,-4.073061870946825e-6
t6029,-4.585852724814517e-6,-5.400103059641743e-6,-4.298147759634649e-6,-3.934873844301051e-6
t6030,-3.688443580031226e-6,-4.432552583155091e-6,-3.4681217550356297e-6,-3.2242709421323993e-6
t6031,-2.4426632806928786e-6,-3.0028692036472105e-6,-2.3216781945311583e-6,-2.2272766277670293e-6
t6032,-4.889497958847822e-7,-4.988657690903254e-7,-5.176726434900049e-7,-6.416809322123047e-7
t6033,-2.085207818060773e-7,-1.3020042486515015e-7,-2.6376980946500577e-7,-4.3312283479092185e-7
t6034,-1.5639705174613022e-7,-5.518004004420805e-8,-2.1457670818920707e-7,-3.8989006724935997e-7
t6035,-1.2795475288418583e-7,-3.1489064989328744e-8,-1.839321673974485e-7,-3.5081567956727206e-7
t6036,-1.1071040214028981e-7,-2.0675319696916786e-8,-1.6264783521258367e-7,-3.1155324746871286e-7
t6037,-9.951648184358053e-8,-1.3845466502890737e-8,-1.5012628573421454e-7,-2.959233086695315e-7
t6038,-9.80251693636991e-8,-1.2572785585777998e-8,-1.495293608473226e-7,-2.9781827824112784e-7
t6039,-1.024399960417143e-7,-1.5940897674809527e-8,-1.546133891974922e-7,-3.060821842399143e-7
t6040,-1.255270161706166e-7,-4.852130487434665e-8,-1.7552877297476684e-7,-3.2377254806983366e-7
t6041,-1.6882210436282242e-7,-1.1417872487880555e-7,-2.1356336526453315e-7,-3.54984870848215e-7
t6042,-3.871416931967069e-7,-3.982570811577447e-7,-4.11131805135241e-7,-5.160956602020906e-7
t6043,-8.643091945638409e-7,-1.0613582904669936e-6,-8.5063373338484e-7,-8.968754197080335e-7
t6044,-1.0937979870894518e-6,-1.3535726084087137e-6,-1.066519077771633e-6,-1.0950290898687139e-6
t6045,-1.2637707915010984e-6,-1.5529000000925383e-6,-1.2255883824184321e-6,-1.2402373136503658e-6
t6046,-1.216588388199932e-6,-1.4910590555102705e-6,-1.1812462851024854e-6,-1.2002643401919245e-6
t6047,-1.0521598886150544e-6,-1.2856039910017847e-6,-1.0284199766028708e-6,-1.0612397123506267e-6
t6048,-1.040759376563476e-6,-1.27406921273747e-6,-1.0171864476452539e-6,-1.0499619151521897e-6
t6049,-1.201212299122848e-6,-1.4721722369396945e-6,-1.1655271272684374e-6,-1.183539052107194e-6
t6050,-1.308066359874852e-6,-1.6086296928752102e-6,-1.2644709101645061e-6,-1.2726071037267936e-6
t6051,-1.4529363196069193e-6,-1.7869306479280498e-6,-1.398501609333275e-6,-1.3952596592919071e-6
t6052,-1.5577042124951538e-6,-1.918639135998557e-6,-1.4976942791350685e-6,-1.488562893833089e-6
t6053,-1.601417725535681e-6,-1.965986075222419e-6,-1.542316355963214e-6,-1.5334926900997925e-6
t6054,-1.5708003614840433e-6,-1.920877070299255e-6,-1.5183581152224215e-6,-1.5174906297309444e-6
t6055,-1.2966123272841003e-6,-1.565634638679987e-6,-1.2682541881957259e-6,-1.2974080215092219e-6
t6056,-4.3490460449414397e-7,-4.252199604918289e-7,-4.698034865420489e-7,-6.005838161131977e-7
t6057,-2.1000046419899834e-7,-1.2765485137800106e-7,-2.704267490157099e-7,-4.429234511164835e-7
t6058,-1.608403661560827e-7,-5.122010951711443e-8,-2.268769354307811e-7,-4.114056467792503e-7
t6059,-1.3135528169515035e-7,-2.703467369309027e-8,-1.9407043298674325e-7,-3.684503366919132e-7
t6060,-1.1127901347535367e-7,-1.7427821060480857e-8,-1.6793654973643616e-7,-3.2010664357959794e-7
t6061,-1.0334826129261835e-7,-1.4775453859578513e-8,-1.5782238549208426e-7,-3.038635667186398e-7
t6062,-1.0641180690355957e-7,-1.6864720804777245e-8,-1.6309908805149108e-7,-3.145615001597747e-7
t6063,-1.1811626816311385e-7,-2.5255505582398327e-8,-1.7815838816583262e-7,-3.406666207288607e-7
t6064,-1.384912754265672e-7,-5.1130471544325775e-8,-1.9876876403356423e-7,-3.6142244431171436e-7
t6065,-2.0038852814269844e-7,-1.3925667133284828e-7,-2.536632129530578e-7,-4.066845754259161e-7
t6066,-4.633692466982583e-7,-4.766226513010748e-7,-4.914561341926861e-7,-6.038599841445136e-7
t6067,-1.2771838028712565e-6,-1.5480663732052305e-6,-1.247527288765225e-6,-1.2771753321829078e-6
t6068,-1.2435064985809025e-6,-1.5039701436345403e-6,-1.2163108151234687e-6,-1.2499196505157508e-6
t6069,-1.1644543878401847e-6,-1.3971578340129461e-6,-1.1438634755324313e-6,-1.18579955130189e-6
t6070,-1.1376199333713017e-6,-1.3641667479795163e-6,-1.1173870925954363e-6,-1.157667432441208e-6
t6071,-1.152577310915789e-6,-1.3917820958979078e-6,-1.1271567995646411e-6,-1.1589921887050254e-6
t6072,-1.2270931522515417e-6,-1.4920438236931916e-6,-1.1937544106190685e-6,-1.2149609666188127e-6
t6073,-1.368394865255779e-6,-1.6726329511323566e-6,-1.3236788543269334e-6,-1.331035955648469e-6
t6074,-1.5804274932961143e-6,-1.9412675099292393e-6,-1.5176381831223967e-6,-1.504085478602725e-6
t6075,-1.8433901939899284e-6,-2.268410758412961e-6,-1.7575780098100336e-6,-1.7174670476209144e-6
t6076,-2.0851234829230406e-6,-2.5624720135354934e-6,-1.9804888074262173e-6,-1.9170976174629827e-6
t6077,-2.2384903791700776e-6,-2.7456315576354797e-6,-2.123700624840553e-6,-2.049136509655304e-6
t6078,-2.2848222368895022e-6,-2.8009215752663793e-6,-2.171128085113872e-6,-2.0953341566121663e-6
t6079,-1.992589314549666e-6,-2.441191520250765e-6,-1.9069933534030124e-6,-1.8674064011197986e-6
t6080,-6.194813364548775e-7,-6.598968073137068e-7,-6.444275433253737e-7,-7.528480724355278e-7
t6081,-2.573435954477713e-7,-1.9046705559616174e-7,-3.1734163498506534e-7,-4.903009603571408e-7
t6082,-1.7819365944249977e-7,-6.911839233886162e-8,-2.48668722230216e-7,-4.4281495994738753e-7
t6083,-1.4900143059921413e-7,-3.7183839530701944e-8,-2.191439600461868e-7,-4.1248859553518686e-7
t6084,-1.291560854135737e-7,-2.4921781937670392e-8,-1.9463397134968182e-7,-3.6782590461424844e-7
t6085,-1.233591090732403e-7,-2.2605110336931927e-8,-1.8659433444143872e-7,-3.574226107300989e-7
t6086,-1.2710212225859142e-7,-2.5974061569489686e-8,-1.9275700038750234e-7,-3.6858680524470295e-7
t6087,-1.3906355040292054e-7,-3.662056176862076e-8,-2.0621084734637366e-7,-3.847951489710857e-7
t6088,-1.590973612092225e-7,-6.391791625089533e-8,-2.258682961502303e-7,-4.0372242373046747e-7
t6089,-2.160058088857171e-7,-1.4776866710321408e-7,-2.7493493855379216e-7,-4.432994354171338e-7
t6090,-4.560697239560112e-7,-4.569384769948238e-7,-4.894219025844504e-7,-6.168749977053447e-7
t6091,-9.42694284039591e-7,-1.0967842358495557e-6,-9.424390165318547e-7,-1.0136514006476185e-6
t6092,-8.969668766236581e-7,-1.0332309431543373e-6,-9.001230969263912e-7,-9.764648703210743e-7
t6093,-8.43493427075333e-7,-9.60125205129104e-7,-8.508480737463586e-7,-9.335304499126163e-7
t6094,-7.883242548705832e-7,-8.952484602786599e-7,-7.963439017637075e-7,-8.772046140371233e-7
t6095,-8.033762119246865e-7,-9.247530363177511e-7,-8.066277011923053e-7,-8.778506324829015e-7
t6096,-8.839893021048596e-7,-1.0409620939458485e-6,-8.782007517557019e-7,-9.346678609117201e-7
t6097,-1.102003697768246e-6,-1.333423090714604e-6,-1.0772905581180812e-6,-1.1087393345939192e-6
t6098,-1.4168016367508495e-6,-1.7423451778847809e-6,-1.363599129694924e-6,-1.362267874899274e-6
t6099,-1.8255433571366927e-6,-2.2524425272347057e-6,-1.735891045405013e-6,-1.6925890505926876e-6
t6100,-2.162209669077767e-6,-2.656895359481615e-6,-2.045555139229966e-6,-1.970320934749022e-6
t6101,-2.3080851627048294e-6,-2.83101105842731e-6,-2.185485423516743e-6,-2.1011060674903814e-6
t6102,-2.2160714042844293e-6,-2.7178510097936228e-6,-2.1056658074724544e-6,-2.0350149556080224e-6
t6103,-1.770497518793843e-6,-2.1670488783034553e-6,-1.7025483720263367e-6,-1.6842021684922199e-6
t6104,-5.441975824360192e-7,-5.635292709296023e-7,-5.733085918867375e-7,-6.911011737719678e-7
t6105,-2.4928640056176336e-7,-1.8346547612551688e-7,-3.0614708547049836e-7,-4.7224224742017286e-7
t6106,-1.723605446192421e-7,-7.34688886524192e-8,-2.3741481142177202e-7,-4.165844268451827e-7
t6107,-1.3753187371713862e-7,-3.662514182271407e-8,-2.0054017646710878e-7,-3.7190413396920765e-7
t6108,-1.1705532147969182e-7,-2.2625553832281107e-8,-1.7498963457516428e-7,-3.3851345925593633e-7
t6109,-1.0639696971173525e-7,-1.719376162097893e-8,-1.6201424754541357e-7,-3.166513666422962e-7
t6110,-1.0715227155449333e-7,-1.9849972858576557e-8,-1.6118053507629482e-7,-3.144567422952825e-7
t6111,-1.154480857125514e-7,-3.4426619879882436e-8,-1.6879549018498016e-7,-3.1768622563780977e-7
t6112,-1.458655661005039e-7,-8.020118338200709e-8,-1.960034230571816e-7,-3.379674968527802e-7
t6113,-2.430685607317841e-7,-2.1156094646113624e-7,-2.806413457598628e-7,-4.054191686119513e-7
t6114,-4.847746461040929e-7,-5.267696235242382e-7,-5.026229344502223e-7,-5.904227177877873e-7
t6115,-7.871553447921827e-7,-9.558943507495353e-7,-7.80745299625802e-7,-8.363370437959761e-7
t6116,-9.380714320651915e-7,-1.1399724853655313e-6,-9.228225063044992e-7,-9.672805267673133e-7
t6117,-9.623632620106284e-7,-1.1584809597849965e-6,-9.453188593387753e-7,-9.890105858513432e-7
t6118,-9.147537960345399e-7,-1.0952080586895957e-6,-9.009163663640788e-7,-9.493556743414397e-7
t6119,-7.754100766374654e-7,-9.269139469988559e-7,-7.711741103109509e-7,-8.317991589147232e-7
t6120,-5.696686232076547e-7,-6.639347524750944e-7,-5.779061667499234e-7,-6.55716924520344e-7
t6121,-5.853401830117305e-7,-6.81915649894426e-7,-5.934930999815983e-7,-6.69941314782637e-7
t6122,-5.776523784585915e-7,-6.601181309688681e-7,-5.875811969690518e-7,-6.659810790501856e-7
t6123,-5.752668637165182e-7,-6.47588607177438e-7,-5.867847116967337e-7,-6.683542970018063e-7
t6124,-5.043279422264738e-7,-5.409924726009741e-7,-5.239854062926495e-7,-6.215406093588566e-7
t6125,-4.2385964677345244e-7,-4.2891540140746e-7,-4.516446910325625e-7,-5.634398490424035e-7
t6126,-3.921287995500517e-7,-3.8208181383608923e-7,-4.246403118673153e-7,-5.476711686250637e-7
t6127,-3.6640887510609263e-7,-3.448980285298576e-7,-4.0254167473200194e-7,-5.331563692435045e-7
t6128,-2.317316457486159e-7,-1.669573782909841e-7,-2.851115617769615e-7,-4.4618228077266933e-7
t6129,-1.6003344842247565e-7,-6.13406140595502e-8,-2.2226246646291574e-7,-3.9758516175520237e-7
t6130,-1.3730283876194475e-7,-3.152063955365748e-8,-1.9897630551178076e-7,-3.735254647505046e-7
t6131,-1.2071524587764757e-7,-2.0941389795434566e-8,-1.7960484195443165e-7,-3.4436856048112405e-7
t6132,-1.1171410673663632e-7,-1.6304223479246126e-8,-1.6810061501113918e-7,-3.2542444524229133e-7
t6133,-1.053875100984345e-7,-1.529222869437277e-8,-1.593893427102316e-7,-3.1127940813783517e-7
t6134,-1.0486720685130283e-7,-1.797847271889616e-8,-1.5755337430522892e-7,-3.0555296730821146e-7
t6135,-1.1059105744780118e-7,-2.8270097916806617e-8,-1.6336475397725647e-7,-3.0793119548743715e-7
t6136,-1.3037154545585933e-7,-5.907798229719248e-8,-1.8105210663146173e-7,-3.20093861638074e-7
t6137,-1.7432232293933788e-7,-1.2238066661702064e-7,-2.1883139142101897e-7,-3.5241312673634774e-7
t6138,-3.1549340102901874e-7,-3.0710028079528643e-7,-3.4447286150593047e-7,-4.537397286256011e-7
t6139,-4.84054340177132e-7,-5.390514017062223e-7,-4.995170056456799e-7,-5.849584478390978e-7
t6140,-5.193420991018993e-7,-5.779665682549054e-7,-5.327705063403106e-7,-6.148371131774672e-7
t6141,-5.124868600727962e-7,-5.628536829377102e-7,-5.271113069636253e-7,-6.123812061555441e-7
t6142,-4.816388489560407e-7,-5.205096483646428e-7,-4.989890131940305e-7,-5.873081030769483e-7
t6143,-4.463675626739398e-7,-4.7668223743091723e-7,-4.660397575266412e-7,-5.55475034454108e-7
t6144,-4.056796165489773e-7,-4.2793157508265987e-7,-4.2759410626717674e-7,-5.196195488066e-7
t6145,-4.172157458622503e-7,-4.419189475367951e-7,-4.3867845245546254e-7,-5.294915025251848e-7
t6146,-4.4372094098438847e-7,-4.7515671668155963e-7,-4.6402792897929e-7,-5.531802455437619e-7
t6147,-4.843797466511315e-7,-5.240060430791907e-7,-5.030395631143594e-7,-5.90950934936392e-7
t6148,-5.155626038733198e-7,-5.55598858244689e-7,-5.346190247729793e-7,-6.246071411986684e-7
t6149,-5.036047762140912e-7,-5.294775820977548e-7,-5.264512305941503e-7,-6.273696620708278e-7
t6150,-4.7236916411104975e-7,-4.833759901204429e-7,-4.992671037907801e-7,-6.1057414271225e-7
t6151,-4.281715917897587e-7,-4.2193517987976845e-7,-4.601179701032835e-7,-5.8353935743945e-7
t6152,-2.8316613652781426e-7,-2.336099397057158e-7,-3.2989009195257983e-7,-4.830277942717583e-7
t6153,-1.8611595389467862e-7,-1.0230079114303882e-7,-2.4472226213763357e-7,-4.1577295629554266e-7
t6154,-1.4947942267774688e-7,-4.5827319606883466e-8,-2.107228292779225e-7,-3.8803526920741774e-7
t6155,-1.2821705553683154e-7,-2.6309278335209385e-8,-1.881332391604626e-7,-3.5918986078192766e-7
t6156,-1.1559481796053131e-7,-1.874684585007616e-8,-1.7189314398152164e-7,-3.376110990824211e-7
t6157,-1.0787003065367357e-7,-1.7387053919907962e-8,-1.6246061760643893e-7,-3.1953202655142654e-7
t6158,-1.0708290737463648e-7,-2.112058697600415e-8,-1.607195712588593e-7,-3.1264907173426174e-7
t6159,-1.1490490474942457e-7,-3.512573815219172e-8,-1.6792238858095837e-7,-3.154650280196706e-7
t6160,-1.2688456095362927e-7,-5.5698956530510275e-8,-1.7786673349774454e-7,-3.209776862335912e-7
t6161,-1.6875989085314075e-7,-1.1599758894089494e-7,-2.1364520576432678e-7,-3.513643928456829e-7
t6162,-2.6442136733473156e-7,-2.41104083517487e-7,-2.972265964744059e-7,-4.1557640282912465e-7
t6163,-4.1609800395803686e-7,-4.384072024628039e-7,-4.369276554204123e-7,-5.305022492645379e-7
t6164,-4.2104301880573994e-7,-4.405079795518312e-7,-4.419191284446227e-7,-5.372139018225046e-7
t6165,-4.1488356979662596e-7,-4.2854134694373823e-7,-4.3756687563137604e-7,-5.362648931246116e-7
t6166,-4.141956717175339e-7,-4.2791422133273867e-7,-4.372230699514186e-7,-5.357077317856758e-7
t6167,-4.311757814615305e-7,-4.529526522451301e-7,-4.5303149207651247e-7,-5.463515237472415e-7
t6168,-4.368631327775096e-7,-4.656140764258857e-7,-4.5755207094492106e-7,-5.459190407474654e-7
t6169,-4.937743223496534e-7,-5.395381434432745e-7,-5.109635712059538e-7,-5.936589153630689e-7
t6170,-5.544202774537251e-7,-6.19152985500144e-7,-5.679510954956331e-7,-6.440770694275899e-7
t6171,-6.566362278218498e-7,-7.49109773006964e-7,-6.644222256712561e-7,-7.338224824456188e-7
t6172,-7.231887555679269e-7,-8.276996593071318e-7,-7.287688929821779e-7,-7.96088084426332e-7
t6173,-7.507679901295639e-7,-8.512520375620013e-7,-7.582772170149608e-7,-8.315223872253376e-7
t6174,-7.213666888931479e-7,-8.06804698046464e-7,-7.327756019541908e-7,-8.153143793595523e-7
t6175,-6.151084231700695e-7,-6.620081859074627e-7,-6.354935725917506e-7,-7.35750088400832e-7
t6176,-3.2192882125975693e-7,-2.821102668259258e-7,-3.6549413975714756e-7,-5.140541224775968e-7
t6177,-1.9025443800781894e-7,-1.0345820235122923e-7,-2.5005315264601233e-7,-4.256522310691385e-7
t6178,-1.4963609321928523e-7,-4.2513710232271396e-8,-2.1246999257442155e-7,-3.9083773582976545e-7
t6179,-1.2710722099248312e-7,-2.3714805877580024e-8,-1.8643479958023705e-7,-3.591041083108513e-7
t6180,-1.1677079343534783e-7,-1.8234569220118246e-8,-1.7348162473489757e-7,-3.383855847499556e-7
t6181,-1.1158892673981134e-7,-1.9162791418543795e-8,-1.6594734692836744e-7,-3.243282830616198e-7
t6182,-1.1265171364125808e-7,-2.469291028695298e-8,-1.663975080407246e-7,-3.214219361688922e-7
t6183,-1.1823009624152918e-7,-3.660318260655363e-8,-1.7073666055107025e-7,-3.198587794340177e-7
t6184,-1.3687008105959918e-7,-6.454264705992752e-8,-1.8748207324600043e-7,-3.3629892364487093e-7
t6185,-1.9153998107273347e-7,-1.4075169746127797e-7,-2.345582988991278e-7,-3.740836704247109e-7
t6186,-3.6867265999183677e-7,-3.693278861955176e-7,-3.943598070644628e-7,-5.002786759319413e-7
t6187,-6.580600372145621e-7,-7.566722926718086e-7,-6.641245402457121e-7,-7.326681848056701e-7
t6188,-6.700628942967245e-7,-7.685667331175621e-7,-6.757562667777758e-7,-7.458864369608046e-7
t6189,-6.515832237743806e-7,-7.394052389482264e-7,-6.594147551607151e-7,-7.322956511935811e-7
t6190,-6.095374536070911e-7,-6.836737272945095e-7,-6.198717715537694e-7,-6.972771778705226e-7
t6191,-5.390708264312141e-7,-5.943043163758662e-7,-5.531752582221338e-7,-6.359246278500601e-7
t6192,-4.3472451188353707e-7,-4.6598079321240337e-7,-4.542242715934161e-7,-5.432178318894618e-7
t6193,-4.252109853991744e-7,-4.529400546085305e-7,-4.45750852085156e-7,-5.350604397066671e-7
t6194,-4.245916111902468e-7,-4.5207625753690426e-7,-4.4519583833725165e-7,-5.341169708712672e-7
t6195,-4.7079158050604873e-7,-5.080580053599422e-7,-4.890836568432439e-7,-5.751206373859823e-7
t6196,-5.206672222052409e-7,-5.636252017243225e-7,-5.379864974374086e-7,-6.233350206282284e-7
t6197,-5.244535607039285e-7,-5.596551904006539e-7,-5.442682307860327e-7,-6.365543331496949e-7
t6198,-4.670670031547272e-7,-4.795442931370275e-7,-4.930792172836364e-7,-6.010551940524997e-7
t6199,-3.927713652906465e-7,-3.7924867426402284e-7,-4.267596413505394e-7,-5.508902201506931e-7
t6200,-2.59882470583264e-7,-2.0517659043680974e-7,-3.096539573691248e-7,-4.643787131559933e-7
t6201,-1.8303154097476816e-7,-9.690794528903566e-8,-2.4243826789517846e-7,-4.115877048855457e-7
t6202,-1.4926244347764307e-7,-4.488427888311102e-8,-2.1099082636875165e-7,-3.8637198728038124e-7
t6203,-1.306522657039618e-7,-2.7683994357715817e-8,-1.902426041443216e-7,-3.6176573650698017e-7
t6204,-1.1970255641127873e-7,-2.1301724465750783e-8,-1.7649775556135121e-7,-3.4222468925025495e-7
t6205,-1.1074657829058027e-7,-2.0974748830636944e-8,-1.6402967089089452e-7,-3.2218288282096044e-7
t6206,-1.0886596290995186e-7,-2.459513979638392e-8,-1.5987904382681133e-7,-3.1231342243992487e-7
t6207,-1.1397828367752389e-7,-3.5316571752239316e-8,-1.6383104826629265e-7,-3.1210130195670106e-7
t6208,-1.3027886300406394e-7,-6.094498646949409e-8,-1.7822754114383575e-7,-3.2376937568116696e-7
t6209,-1.76934736905159e-7,-1.2665661344211323e-7,-2.1876522631799077e-7,-3.5769301590870775e-7
t6210,-3.2817899097422363e-7,-3.2113952531568336e-7,-3.553914060091418e-7,-4.66212683798897e-7
t6211,-6.076624488059603e-7,-6.94860433717768e-7,-6.155103420687324e-7,-6.866416268544862e-7
t6212,-7.107365629921452e-7,-8.277255952167426e-7,-7.12578148512653e-7,-7.762387730280338e-7
t6213,-7.918896494105816e-7,-9.304455478400391e-7,-7.896864666720624e-7,-8.497633858125476e-7
t6214,-7.911471122414711e-7,-9.300397757724547e-7,-7.88997549484453e-7,-8.49598008863623e-7
t6215,-7.598039021188618e-7,-8.921738287920339e-7,-7.589065609676101e-7,-8.212506711952915e-7
t6216,-7.467143449806193e-7,-8.770923958365188e-7,-7.464283025444758e-7,-8.08967177361603e-7
t6217,-7.783604830774152e-7,-9.149021263362471e-7,-7.768578020862528e-7,-8.387533229766173e-7
t6218,-7.75463860592473e-7,-9.08709814764379e-7,-7.749230373045646e-7,-8.37923215097925e-7
t6219,-7.534184456989841e-7,-8.745263905849592e-7,-7.557513153660912e-7,-8.234457232274705e-7
t6220,-7.178022119244141e-7,-8.202626025547138e-7,-7.242856819208984e-7,-7.981734618547482e-7
t6221,-6.701929205965603e-7,-7.480639433769312e-7,-6.823316189251833e-7,-7.660260386780662e-7
t6222,-5.967070552062655e-7,-6.451928755661213e-7,-6.161184347589042e-7,-7.130660903172377e-7
t6223,-4.999805662045595e-7,-5.156813608406146e-7,-5.271504778263032e-7,-6.413657593102414e-7
t6224,-2.538371220883698e-7,-1.985591966839808e-7,-3.049537371860971e-7,-4.696653280381363e-7
t6225,-1.646119722819003e-7,-6.951083579817175e-8,-2.2898405642571373e-7,-4.114488283755679e-7
t6226,-1.4072887430877954e-7,-3.0797080954712137e-8,-2.058402378726298e-7,-3.959480913379684e-7
t6227,-1.1931528008129334e-7,-1.692385766472499e-8,-1.798255324687009e-7,-3.518435756899013e-7
t6228,-1.0779365664284981e-7,-1.2580766375597631e-8,-1.65071808216094e-7,-3.230535156206281e-7
t6229,-1.0532212639747717e-7,-1.257439770302012e-8,-1.6226306590615148e-7,-3.1969386821746626e-7
t6230,-1.0969328283348152e-7,-1.6540804146783067e-8,-1.682213469342717e-7,-3.345109847772389e-7
t6231,-1.2008207065507222e-7,-2.7094708461530963e-8,-1.785257249529178e-7,-3.454133677913704e-7
t6232,-1.3914822770681998e-7,-5.596259688752795e-8,-1.9566651330302536e-7,-3.6019881477762775e-7
t6233,-1.967894641390777e-7,-1.3843386020867083e-7,-2.46842139526342e-7,-4.037747614536122e-7
t6234,-4.135845814906074e-7,-4.1463560604881134e-7,-4.428794774777244e-7,-5.631037173696931e-7
t6235,-9.583357607628325e-7,-1.1280422150240892e-6,-9.521877051707667e-7,-1.0092613291766259e-6
t6236,-1.0464531823562062e-6,-1.2441153535698236e-6,-1.0336679102886487e-6,-1.08155185377806e-6
t6237,-1.0691387874706204e-6,-1.2724191101520894e-6,-1.0552545661333143e-6,-1.1038112371291396e-6
t6238,-1.0601394960263136e-6,-1.2644140309913176e-6,-1.045280343061216e-6,-1.0920886238396608e-6
t6239,-1.0361202887286915e-6,-1.2419025867380727e-6,-1.0195297787328014e-6,-1.0641639472230533e-6
t6240,-1.002459251071033e-6,-1.2018984001495826e-6,-9.869970999712046e-7,-1.032460857344464e-6
t6241,-9.684906373652886e-7,-1.1547233312448503e-6,-9.56441569764079e-7,-1.0068502234823342e-6
t6242,-8.510165688229843e-7,-9.96236288287448e-7,-8.485140927209141e-7,-9.108160938460859e-7
t6243,-7.257208584828729e-7,-8.262256485544817e-7,-7.332635733026379e-7,-8.091433977504975e-7
t6244,-6.070360239523853e-7,-6.65473273997851e-7,-6.239637645240417e-7,-7.148636090824649e-7
t6245,-5.367699705388776e-7,-5.682022530226484e-7,-5.608111437230286e-7,-6.644794763020141e-7
t6246,-5.105274378221176e-7,-5.286810633835968e-7,-5.383275502201294e-7,-6.525805910681092e-7
t6247,-4.700259009997483e-7,-4.723633252139216e-7,-5.030232117840503e-7,-6.268199369741547e-7
t6248,-3.011950045671036e-7,-2.5520888992235383e-7,-3.507355711230987e-7,-5.094326257212575e-7
t6249,-2.0439019015520256e-7,-1.221965421477811e-7,-2.684100940069747e-7,-4.461401629471437e-7
t6250,-1.742131665405233e-7,-6.711513702227643e-8,-2.436753044445232e-7,-4.3817706656751644e-7
t6251,-1.6197409402173702e-7,-4.8440093710328926e-8,-2.3280100988707069e-7,-4.288473520320438e-7
t6252,-1.5490372116554908e-7,-4.201893961682959e-8,-2.2544703216790737e-7,-4.209354444639835e-7
t6253,-1.4526842060517427e-7,-3.803188968796207e-8,-2.1244984497260708e-7,-4.0064273268000073e-7
t6254,-1.4490678879340932e-7,-4.189778316850451e-8,-2.11015165717073e-7,-3.939824167135772e-7
t6255,-1.5241057334467895e-7,-5.433208916537559e-8,-2.1718965970884316e-7,-3.978550009479554e-7
t6256,-1.7069986001048985e-7,-8.18976820644505e-8,-2.3342823557591601e-7,-4.1110508846925684e-7
t6257,-2.1889695771554972e-7,-1.528034943883354e-7,-2.7429857070372457e-7,-4.392383554883157e-7
t6258,-3.883234948292908e-7,-3.693090756051907e-7,-4.262161737619546e-7,-5.592846108852538e-7
t6259,-7.767511732874443e-7,-8.740426365124686e-7,-7.874387590894426e-7,-8.709026240523013e-7
t6260,-1.0371010344374264e-6,-1.2174719941938999e-6,-1.0298012126612117e-6,-1.090745408697894e-6
t6261,-1.5286154048450238e-6,-1.857710224607688e-6,-1.4842245408226854e-6,-1.4995995174356386e-6
t6262,-2.1462474130394144e-6,-2.6368424726831124e-6,-2.043725747587682e-6,-1.9877144990948946e-6
t6263,-2.7368116432466973e-6,-3.3422403006308706e-6,-2.573156589228962e-6,-2.4406515998299585e-6
t6264,-3.0868764224132435e-6,-3.7412965824338665e-6,-2.885430762209104e-6,-2.7020633729669953e-6
t6265,-3.2083873547310218e-6,-3.873405703206376e-6,-2.9950818291078192e-6,-2.7915382165385e-6
t6266,-3.2886979768599843e-6,-3.960788004848221e-6,-3.0659863990807814e-6,-2.8530377186484824e-6
t6267,-3.2773559124470126e-6,-3.949924454919666e-6,-3.057960017313248e-6,-2.8492793425723603e-6
t6268,-3.077363710530184e-6,-3.7291262282518223e-6,-2.88127453408401e-6,-2.7025352032891104e-6
t6269,-2.772664166380573e-6,-3.384249029077367e-6,-2.6098503113408148e-6,-2.475067802665255e-6
t6270,-2.5072619625453774e-6,-3.0709141526904384e-6,-2.3734322058345268e-6,-2.2704748711265723e-6
t6271,-1.90345906836293e-6,-2.33576602976592e-6,-1.8251490053606077e-6,-1.7913583568842594e-6
t6272,-3.7745212462004576e-7,-3.504186668716558e-7,-4.2026081485561855e-7,-5.651664353121771e-7
t6273,-1.751176247772333e-7,-7.902125999430069e-8,-2.398541353870641e-7,-4.1927229297711876e-7
t6274,-1.3186255401864962e-7,-3.043685092730952e-8,-1.9418129776227055e-7,-3.671347419214944e-7
t6275,-1.03975432749834e-7,-1.5820500008977864e-8,-1.57305342309816e-7,-3.003255937927285e-7
t6276,-9.459595601288157e-8,-1.1967507216476626e-8,-1.4378863774292193e-7,-2.7534006089957385e-7
t6277,-8.819193850135218e-8,-8.566527543381313e-9,-1.3587802547847023e-7,-2.6545154513656196e-7
t6278,-9.190178276811476e-8,-9.420318039291615e-9,-1.4172845626517163e-7,-2.82281882421265e-7
t6279,-1.056530350143312e-7,-2.2967125329237445e-8,-1.5711909491789714e-7,-3.050816487871664e-7
t6280,-1.146671147847125e-7,-3.4626065033122885e-8,-1.6738695234742083e-7,-3.185393695362182e-7
t6281,-1.6654172800853013e-7,-1.08776103151697e-7,-2.1484387293519889e-7,-3.606948752141345e-7
t6282,-5.553825519535407e-7,-6.069453752275502e-7,-5.699287706359047e-7,-6.563295854725457e-7
t6283,-2.323147462085435e-6,-2.7248416513872873e-6,-2.1879094976498177e-6,-2.044896859150582e-6
t6284,-6.483253178766059e-6,-7.1092490151197816e-6,-6.159745388407186e-6,-5.539511017481928e-6
t6285,-1.6555405622265197e-5,-1.742158985990805e-5,-1.5977130204631727e-5,-1.4661502235746895e-5
t6286,-1.5036463186651927e-5,-1.5827693943610114e-5,-1.4517643169032681e-5,-1.3287764056293369e-5
t6287,-2.784689206654475e-6,-3.219702113557383e-6,-2.6176697054560278e-6,-2.420563382256865e-6
t6288,-1.0671362851157156e-6,-1.2690716129499182e-6,-1.0358322541852732e-6,-1.0591921141235054e-6
t6289,-1.1389602091814942e-6,-1.3565417396498108e-6,-1.1011582074660147e-6,-1.1156913326060134e-6
t6290,-1.4008170938614222e-6,-1.6699548419454113e-6,-1.3391377159794957e-6,-1.3219529594087651e-6
t6291,-8.143093861312197e-6,-8.777911333781557e-6,-7.768329658438787e-6,-7.012324165125798e-6
t6292,-2.4252785176913505e-5,-2.5499957971729986e-5,-2.3513925870607928e-5,-2.2042186079118704e-5
t6293,-1.861222011355367e-5,-1.9841191566074146e-5,-1.794236738746138e-5,-1.667929492396262e-5
t6294,-1.3567734019453432e-5,-1.476516868107687e-5,-1.2983814133993132e-5,-1.1934184935829294e-5
t6295,-7.872242393375088e-6,-8.93622883498555e-6,-7.431899574916104e-6,-6.752358899060835e-6
t6296,-1.1232861658193343e-6,-1.329168182704285e-6,-1.1106338158406522e-6,-1.1667375481264697e-6
t6297,-3.009340252261906e-7,-2.5254915499540916e-7,-3.4957708532708394e-7,-5.091843323534432e-7
t6298,-1.8188741776602377e-7,-9.067079547475383e-8,-2.4186859126675943e-7,-4.1776980311909886e-7
t6299,-1.406688911575366e-7,-4.458252329083473e-8,-2.0000679394498782e-7,-3.716414953360002e-7
t6300,-1.2069543142381048e-7,-2.7090576485532694e-8,-1.7791639277929533e-7,-3.423552186182548e-7
t6301,-1.0671353565376756e-7,-1.809256723221131e-8,-1.6077209556188646e-7,-3.1732275443891894e-7
t6302,-1.0461488513037994e-7,-1.8052362262373413e-8,-1.5838715448437574e-7,-3.1308621989748043e-7
t6303,-1.1186635011880339e-7,-2.876308506166641e-8,-1.6610862853544602e-7,-3.1786599354638966e-7
t6304,-1.3360302222855337e-7,-6.172940406663278e-8,-1.851020441747018e-7,-3.312561447272758e-7
t6305,-2.2099221069774441e-7,-1.8097791529484248e-7,-2.6131850132697936e-7,-3.925262255612876e-7
t6306,-6.817229115826543e-7,-8.140883751404596e-7,-6.861012628600542e-7,-7.609283821917995e-7
t6307,-1.0563306867001444e-6,-1.2369527827309352e-6,-1.0326668043029836e-6,-1.0676405869119885e-6
t6308,-1.7373136997024274e-6,-2.0230135806199892e-6,-1.6675028620009602e-6,-1.6314454123857396e-6
t6309,-4.937699328686413e-6,-5.40229425870531e-6,-4.745302333145883e-6,-4.4312161973560675e-6
t6310,-5.8747926799869555e-6,-6.358661227931769e-6,-5.662947334271446e-6,-5.294042930235546e-6
t6311,-1.5714698194415297e-6,-1.834132342768151e-6,-1.510962625157374e-6,-1.4919368533014173e-6
t6312,-8.17880298653409e-7,-9.458079634999502e-7,-8.126230709001112e-7,-8.730963966115935e-7
t6313,-9.689558964563704e-7,-1.130329800539023e-6,-9.516777802642938e-7,-9.978582959372934e-7
t6314,-1.1997391081412626e-6,-1.4053307791097237e-6,-1.1643341285779758e-6,-1.1866673641262284e-6
t6315,-4.1442654101919436e-6,-4.58088890463311e-6,-3.960001249457148e-6,-3.7030413023678707e-6
t6316,-2.0425543362826635e-5,-2.157937544417243e-5,-1.9844109804158176e-5,-1.862684526248802e-5
t6317,-8.858739817096118e-6,-9.925143741397912e-6,-8.382795549279541e-6,-7.640179467592613e-6
t6318,-5.074540455689302e-6,-5.968401134294854e-6,-4.765684754789531e-6,-4.3864577470620956e-6
t6319,-2.8611466606575007e-6,-3.4950591505770374e-6,-2.708225968295748e-6,-2.5740125572808435e-6
t6320,-8.4448194179949e-7,-9.5928795726773e-7,-8.522817697270043e-7,-9.319582659218063e-7
t6321,-3.563243947021493e-7,-3.2428010052762967e-7,-3.9855975642176836e-7,-5.432162707651125e-7
t6322,-2.2054547253380174e-7,-1.4389983116794192e-7,-2.773600638135474e-7,-4.458669213339085e-7
t6323,-1.7575926129056428e-7,-8.712782199226705e-8,-2.337254357138236e-7,-4.0031457493188583e-7
t6324,-1.5131417073293981e-7,-5.770188858358196e-8,-2.0875244550672122e-7,-3.750765479167149e-7
t6325,-1.3229020257222078e-7,-4.469048673090624e-8,-1.8677950139004327e-7,-3.4299852638272304e-7
t6326,-1.2524268669118903e-7,-4.3542937837706795e-8,-1.7788497545869692e-7,-3.283773518195951e-7
t6327,-1.2955398019221912e-7,-5.505291693390783e-8,-1.8054298613848452e-7,-3.261838272788926e-7
t6328,-1.543824922965238e-7,-9.304640729106525e-8,-2.0139828473260558e-7,-3.4247403016107774e-7
t6329,-2.004678714320239e-7,-1.5653730644865828e-7,-2.4043547455068666e-7,-3.7268545411867187e-7
t6330,-3.20327880558713e-7,-3.1267697225869725e-7,-3.475589824981264e-7,-4.575808610208209e-7
t6331,-4.6765706170080364e-7,-5.081593520560598e-7,-4.84304661960176e-7,-5.751941446601175e-7
t6332,-5.036584888401024e-7,-5.52697432654752e-7,-5.184098564057005e-7,-6.082463285761134e-7
t6333,-5.509753075378988e-7,-6.127122887185147e-7,-5.63541795576665e-7,-6.513099875602987e-7
t6334,-5.767690612426563e-7,-6.478218249597845e-7,-5.877438788297125e-7,-6.71145036319763e-7
t6335,-5.837781916181229e-7,-6.626034152702722e-7,-5.935214456586701e-7,-6.735238682791067e-7
t6336,-5.304118381122081e-7,-6.016010933175746e-7,-5.429096175699345e-7,-6.265257141280509e-7
t6337,-5.41234849538346e-7,-6.101316727176288e-7,-5.536270082099603e-7,-6.377510008209851e-7
t6338,-5.320133530885292e-7,-5.950398860558022e-7,-5.454804242521627e-7,-6.311640938853115e-7
t6339,-5.240631331378602e-7,-5.777645200260951e-7,-5.397745425529384e-7,-6.308767574679492e-7
t6340,-4.842717663638977e-7,-5.157157986670979e-7,-5.051502086926673e-7,-6.065991606955724e-7
t6341,-4.3499771965554575e-7,-4.410044495648987e-7,-4.629144594294762e-7,-5.788953573571261e-7
t6342,-3.9866136927195495e-7,-3.886501998930921e-7,-4.312802183146879e-7,-5.587908216845449e-7
t6343,-3.451023575332533e-7,-3.14858621414085e-7,-3.846049280186073e-7,-5.256183085177913e-7
t6344,-2.1280665912361484e-7,-1.393605268821231e-7,-2.6865885186634296e-7,-4.3682560972371097e-7
t6345,-1.4834902899753744e-7,-4.319638591579121e-8,-2.099898659725636e-7,-3.8894534853565904e-7
t6346,-1.162315222620622e-7,-1.5149318636290847e-8,-1.7276115533097397e-7,-3.4143541980970317e-7
t6347,-9.556103388950304e-8,-7.851301733193046e-9,-1.439609080074591e-7,-2.8252894228142553e-7
t6348,-8.9502223122286e-8,-6.096810145547961e-9,-1.352753978158326e-7,-2.6458523267680175e-7
t6349,-8.525334708513531e-8,-6.163381434364768e-9,-1.300949979057046e-7,-2.575285031168148e-7
t6350,-8.99899398012677e-8,-8.215360163332784e-9,-1.3757277716257937e-7,-2.7733069111453603e-7
t6351,-9.962128060845892e-8,-1.5049436858228934e-8,-1.5011092661894797e-7,-3.00965711966706e-7
t6352,-1.1564763459729014e-7,-3.38371820883132e-8,-1.6626186109457733e-7,-3.1967640624432025e-7
t6353,-1.608189577346194e-7,-9.932656535056654e-8,-2.0684858235074488e-7,-3.5417617164730617e-7
t6354,-3.230499891133892e-7,-3.136693337274448e-7,-3.513724381360731e-7,-4.707452584189604e-7
t6355,-6.172128637195973e-7,-7.041733126813808e-7,-6.25239243505776e-7,-7.038526375497161e-7
t6356,-6.485449012848152e-7,-7.434037474555762e-7,-6.548776573780085e-7,-7.331755609726381e-7
t6357,-7.085397467943974e-7,-8.213648755339025e-7,-7.115249418460679e-7,-7.849279655436766e-7
t6358,-7.310057195283623e-7,-8.523735362206987e-7,-7.319789501989437e-7,-8.034736693763779e-7
t6359,-7.465471726092635e-7,-8.766931913265786e-7,-7.452501831243253e-7,-8.132788277436107e-7
t6360,-5.681406394250804e-7,-6.614031894448816e-7,-5.765955651564083e-7,-6.584256604248809e-7
t6361,-5.494850352681685e-7,-6.375294762683187e-7,-5.589379897838567e-7,-6.434664495469549e-7
t6362,-5.583704202735391e-7,-6.495628542113238e-7,-5.672320234861663e-7,-6.495219170929563e-7
t6363,-7.401896347478221e-7,-8.808366916500123e-7,-7.380001147120147e-7,-8.02887625145415e-7
t6364,-1.0194669998480667e-6,-1.231965043672742e-6,-9.9931651158385e-7,-1.0420601736960254e-6
t6365,-1.0269482116675767e-6,-1.22965700172233e-6,-1.0108732706576806e-6,-1.0589303677611759e-6
t6366,-9.853732856796466e-7,-1.1649769648129203e-6,-9.757277320294753e-7,-1.0331871672986338e-6
t6367,-8.582083592000077e-7,-9.9133909040941e-7,-8.60175082333347e-7,-9.347468215152632e-7
t6368,-3.906893442168614e-7,-3.7504746465538637e-7,-4.2668294604832376e-7,-5.659175754505267e-7
t6369,-2.3193915303516142e-7,-1.6704891217714413e-7,-2.8588144498102934e-7,-4.549702416983375e-7
t6370,-1.8595168774524415e-7,-9.807607047726983e-8,-2.45719657285568e-7,-4.20646737048571e-7
t6371,-1.6822473164416301e-7,-7.964102503988521e-8,-2.266437831194025e-7,-3.9756859017681167e-7
t6372,-1.6086906492685993e-7,-7.490030282040299e-8,-2.1651094810758708e-7,-3.8030892565171987e-7
t6373,-1.4505319198649203e-7,-6.676902529143278e-8,-1.9751209934246298e-7,-3.534312676003317e-7
t6374,-1.5183703348034648e-7,-8.367598947776837e-8,-2.004610973928869e-7,-3.4612685033580515e-7
t6375,-1.6943511175061867e-7,-1.0969256379145919e-7,-2.1394961932712931e-7,-3.516777439885121e-7
t6376,-1.998517690495251e-7,-1.5117038840582193e-7,-2.3950975905635244e-7,-3.6913742878486753e-7
t6377,-2.3181199358239634e-7,-1.933886667165285e-7,-2.6770285729820566e-7,-3.9139043400611605e-7
t6378,-2.774336141272701e-7,-2.524501186046409e-7,-3.09204643091501e-7,-4.2732479639183233e-7
t6379,-3.3391334343135334e-7,-3.2687802078619453e-7,-3.610141775567935e-7,-4.7163246510744744e-7
t6380,-4.2724376295400505e-7,-4.4662324332986546e-7,-4.491588877855585e-7,-5.469942601746212e-7
t6381,-5.83884479069109e-7,-6.478139204904135e-7,-5.976817402569425e-7,-6.787596578174432e-7
t6382,-4.631231087241097e-7,-4.927580357684985e-7,-4.833617775188594e-7,-5.844124768011153e-7
t6383,-3.6294120306123536e-7,-3.6817395022399106e-7,-3.890870848283393e-7,-5.035348534184419e-7
t6384,-3.4640222005165264e-7,-3.469485215650049e-7,-3.739836937684354e-7,-4.903213888543817e-7
t6385,-3.658841840214104e-7,-3.696877192083974e-7,-3.9271231084296114e-7,-5.07498779348425e-7
t6386,-3.9415148613934265e-7,-4.0440041324316856e-7,-4.1968986360148736e-7,-5.318849052546421e-7
t6387,-4.2592649794133906e-7,-4.436407915211237e-7,-4.505312161536639e-7,-5.615835394181142e-7
t6388,-4.960069090598175e-7,-5.307914056320733e-7,-5.170417544516951e-7,-6.233683260526649e-7
t6389,-6.153136933661197e-7,-6.81014299624007e-7,-6.304753759327651e-7,-7.273971911236525e-7
t6390,-8.284293735804618e-7,-9.554152994329187e-7,-8.31736282436551e-7,-9.069880680574559e-7
t6391,-9.5517137916149e-7,-1.1198692341717553e-6,-9.514236824341726e-7,-1.0174847250368427e-6
t6392,-4.6945756362451874e-7,-4.733722032915771e-7,-5.003126358410028e-7,-6.258208353473575e-7
t6393,-2.350080344423083e-7,-1.674924156468983e-7,-2.9078479399758446e-7,-4.5934703381135447e-7
t6394,-1.6947724925192026e-7,-6.462854131945658e-8,-2.3513562433589865e-7,-4.1952953977789734e-7
t6395,-1.4557417484660758e-7,-3.263672884636277e-8,-2.124577460843102e-7,-3.993101443475693e-7
t6396,-1.3051854736176428e-7,-2.2454653827045812e-8,-1.9607732722222863e-7,-3.767058023854233e-7
t6397,-1.2242617984116664e-7,-2.0288968763420155e-8,-1.858700848947815e-7,-3.585096203578635e-7
t6398,-1.1906029740116444e-7,-2.109914809101767e-8,-1.8044839033260685e-7,-3.4702327851420683e-7
t6399,-1.2148299331301523e-7,-2.654241760182168e-8,-1.8201137275668847e-7,-3.4874876235104635e-7
t6400,-1.3225151846815427e-7,-4.358079648403694e-8,-1.9215706301883522e-7,-3.54389660443545e-7
t6401,-1.646536982262318e-7,-9.199266635438108e-8,-2.2147932860201103e-7,-3.8040512018860833e-7
t6402,-2.6958521355186353e-7,-2.2854867266075417e-7,-3.1339742600904956e-7,-4.5264921291102154e-7
t6403,-4.5590283939683994e-7,-4.6164353241434967e-7,-4.84456404986578e-7,-5.953773696039654e-7
t6404,-4.801003716339531e-7,-4.927855217270193e-7,-5.067216447458217e-7,-6.127443030945841e-7
t6405,-5.250741873675566e-7,-5.50117731788844e-7,-5.489301457527345e-7,-6.484346072652839e-7
t6406,-5.915336721134839e-7,-6.409030013846215e-7,-6.095252693948722e-7,-6.968822492939203e-7
t6407,-6.636699825154522e-7,-7.430908413254926e-7,-6.748818996381364e-7,-7.498774216962492e-7
t6408,-7.084913252280014e-7,-8.05808653413183e-7,-7.158935585060591e-7,-7.845481692307108e-7
t6409,-7.326215778607126e-7,-8.36222317512027e-7,-7.38790252180099e-7,-8.059638305622637e-7
t6410,-7.50702922348354e-7,-8.589488482201536e-7,-7.5597270097352e-7,-8.225132777212399e-7
t6411,-7.420445134815698e-7,-8.458719470226859e-7,-7.485594769447113e-7,-8.188159425193581e-7
t6412,-7.27989431863037e-7,-8.240027933723237e-7,-7.367872409852455e-7,-8.134653092165146e-7
t6413,-7.002695573945279e-7,-7.820504347448516e-7,-7.130031341026227e-7,-7.981874694631915e-7
t6414,-6.904711533152514e-7,-7.630874854291856e-7,-7.062344705350908e-7,-7.973306012941814e-7
t6415,-6.321341085345923e-7,-6.824130177413697e-7,-6.537785842709508e-7,-7.553094697076482e-7
t6416,-3.769451262802119e-7,-3.498967104690654e-7,-4.188158039128777e-7,-5.615132149622483e-7
t6417,-2.2424594015011256e-7,-1.4758904692135757e-7,-2.8587421776117054e-7,-4.602317611376584e-7
t6418,-1.7341300485868035e-7,-6.313417355831194e-8,-2.443188984110847e-7,-4.3407679333422903e-7
t6419,-1.5541603683534171e-7,-3.840673240926121e-8,-2.275083926164271e-7,-4.2160974217859895e-7
t6420,-1.4226177344288907e-7,-2.864334993242315e-8,-2.1289834737461416e-7,-4.026069977091656e-7
t6421,-1.3170262843944106e-7,-2.448414201780302e-8,-1.9951166687893483e-7,-3.8282902986471446e-7
t6422,-1.3013054768147217e-7,-2.5966161043834012e-8,-1.9709018603356038e-7,-3.772108668492717e-7
t6423,-1.4144177384317368e-7,-3.845558062849341e-8,-2.085203312226755e-7,-3.872866532909364e-7
t6424,-1.6881794682452052e-7,-7.857193713117801e-8,-2.3466033101518912e-7,-4.098318812166808e-7
t6425,-2.56511838137631e-7,-2.0229429156967253e-7,-3.099835644392441e-7,-4.6616169633132763e-7
t6426,-5.647792553972495e-7,-5.952072366016917e-7,-5.904485042273128e-7,-6.971380496890612e-7
t6427,-1.1115936360204345e-6,-1.3158922951788337e-6,-1.0987400325191263e-6,-1.1459376043619848e-6
t6428,-1.0768399846336728e-6,-1.2687008622796583e-6,-1.0668633472972665e-6,-1.1183803926040166e-6
t6429,-1.0059164157625496e-6,-1.1725293988003118e-6,-1.0013464550706859e-6,-1.06111995625891e-6
t6430,-9.270073085466842e-7,-1.0766036693844611e-6,-9.248267408591768e-7,-9.852407697652304e-7
t6431,-8.411510731410012e-7,-9.722531930298267e-7,-8.415778391068146e-7,-9.030141244747092e-7
t6432,-8.186234043687002e-7,-9.515384625646246e-7,-8.180194449659427e-7,-8.751456369414651e-7
t6433,-8.765416749755424e-7,-1.0320700272181182e-6,-8.705994398416979e-7,-9.193850852176413e-7
t6434,-9.708511577921438e-7,-1.1581969647638359e-6,-9.573099022350028e-7,-9.961338747621515e-7
t6435,-1.1114113445982483e-6,-1.3406960268693117e-6,-1.0871243214895524e-6,-1.112684252129144e-6
t6436,-1.275065769638543e-6,-1.5476108883363946e-6,-1.2401967369807464e-6,-1.2539471593454368e-6
t6437,-1.4017746383473498e-6,-1.7040116835920926e-6,-1.360110436841185e-6,-1.3671203843783741e-6
t6438,-1.4219358745613156e-6,-1.7261463632442056e-6,-1.3815484887521913e-6,-1.3908822031466977e-6
t6439,-1.2881944561621873e-6,-1.549531646452356e-6,-1.2614886361519075e-6,-1.2889881379010746e-6
t6440,-4.310431609555986e-7,-4.1764208736989984e-7,-4.6839755247986047e-7,-5.992864631643882e-7
t6441,-2.0768992274713614e-7,-1.2517485575364975e-7,-2.694046975972489e-7,-4.416530215885955e-7
t6442,-1.5613368248918164e-7,-5.1299467311109234e-8,-2.214095122460063e-7,-4.00940694458029e-7
t6443,-1.2942690398073533e-7,-3.0517016997228194e-8,-1.9004815256818213e-7,-3.581126369001215e-7
t6444,-1.1519356684742762e-7,-2.2569324181951752e-8,-1.7094419823308216e-7,-3.2671551331377714e-7
t6445,-1.0635679433051506e-7,-1.7285212554614066e-8,-1.6120376478495942e-7,-3.147967893641663e-7
t6446,-1.086218037799108e-7,-2.0802370637677947e-8,-1.6288828030219968e-7,-3.148102982668925e-7
t6447,-1.1532072661044626e-7,-3.2353008003226224e-8,-1.6888899219345933e-7,-3.1968715074002284e-7
t6448,-1.4239394971064317e-7,-7.232928662975141e-8,-1.9349278107754888e-7,-3.381375674891711e-7
t6449,-2.4705478594192327e-7,-2.1188954715359171e-7,-2.8590126478946935e-7,-4.131218686572281e-7
t6450,-8.006272257809886e-7,-9.74576058168484e-7,-7.991475582216858e-7,-8.621464102199786e-7
t6451,-1.3422672675309167e-6,-1.6114895472714694e-6,-1.2870027158592238e-6,-1.2786346993099693e-6
t6452,-2.6678693941303487e-6,-3.119594586247867e-6,-2.5075217022426934e-6,-2.331738548465058e-6
t6453,-5.766773320405783e-6,-6.4001345195974855e-6,-5.4469391203083775e-6,-4.883955831218366e-6
t6454,-5.4878750649092956e-6,-6.1015389516469454e-6,-5.178341560703071e-6,-4.6508708614441924e-6
t6455,-1.671267844147899e-6,-1.98910729642633e-6,-1.587674090203601e-6,-1.5417754114817414e-6
t6456,-7.746745597906556e-7,-9.072742046380304e-7,-7.686634543389361e-7,-8.273288089017032e-7
t6457,-8.787437246521963e-7,-1.0376143528851844e-6,-8.638070081184809e-7,-9.097204080420938e-7
t6458,-1.1207210959435124e-6,-1.3353615959403437e-6,-1.0839672311746099e-6,-1.1015725515061067e-6
t6459,-4.775334876940126e-6,-5.316789096371262e-6,-4.50413155478907e-6,-4.065094464137799e-6
t6460,-2.5688634498753016e-5,-2.6820950917569168e-5,-2.5021030121419966e-5,-2.3607656548277634e-5
t6461,-2.0636601097418683e-5,-2.1844455437688525e-5,-1.9961275530043087e-5,-1.8623453835500912e-5
t6462,-1.603303525780059e-5,-1.7265234948695144e-5,-1.5415007716632767e-5,-1.4261380403775973e-5
t6463,-1.0789269180385855e-5,-1.1955233728506811e-5,-1.0263358974866229e-5,-9.35621734015283e-6
t6464,-1.9938284288839565e-6,-2.4453896276505464e-6,-1.9146401814455294e-6,-1.8818619985031502e-6
t6465,-4.3907201917729304e-7,-4.2598473007161744e-7,-4.765032350985408e-7,-6.149804663619959e-7
t6466,-2.375068828888951e-7,-1.637295227655057e-7,-2.9338785526648425e-7,-4.603175167624832e-7
t6467,-1.8602862071995654e-7,-1.0166929102326778e-7,-2.4446009236444606e-7,-4.0804779596919304e-7
t6468,-1.6885300528521135e-7,-8.147946777892926e-8,-2.265108469485531e-7,-3.8796478769262375e-7
t6469,-1.5352513720195244e-7,-7.241002746573129e-8,-2.0925837189497954e-7,-3.631941019833455e-7
t6470,-1.6621863681879246e-7,-9.527950201459408e-8,-2.1824291152607392e-7,-3.6197497729930445e-7
t6471,-1.8489928256765984e-7,-1.3149983629704622e-7,-2.32007029381949e-7,-3.6904005209861497e-7
t6472,-2.8225611761753915e-7,-2.5858464144148535e-7,-3.186520679546693e-7,-4.380184181903693e-7
t6473,-5.767944100736177e-7,-6.464843522318625e-7,-5.920857131839857e-7,-6.722909765004289e-7
t6474,-9.381598492680096e-7,-1.1250307304558961e-6,-9.153740520984456e-7,-9.512370464977456e-7
t6475,-1.003886032759793e-6,-1.2017363775129591e-6,-9.772676417835895e-7,-1.0063357731929576e-6
t6476,-1.4636907724050982e-6,-1.7609268872189868e-6,-1.3958151120883392e-6,-1.3700888748278965e-6
t6477,-4.104472214333442e-6,-4.685708129990434e-6,-3.836240714303886e-6,-3.4587911825095808e-6
t6478,-5.61315437110871e-6,-6.282849259741869e-6,-5.256651497121015e-6,-4.697738318765548e-6
t6479,-1.5581438625679816e-6,-1.8727346421021212e-6,-1.478205896417911e-6,-1.443257497207366e-6
t6480,-8.11032724019462e-7,-9.589664959445639e-7,-8.001697842741366e-7,-8.526996855317118e-7
t6481,-9.516963883451425e-7,-1.1380045753339693e-6,-9.274027982292361e-7,-9.647845769172084e-7
t6482,-1.2860190921837677e-6,-1.5516788691063632e-6,-1.2287925405999007e-6,-1.2288042245733611e-6
t6483,-4.015839165858868e-6,-4.613786969350801e-6,-3.725882102903114e-6,-3.3799013459755547e-6
t6484,-1.3914002529959704e-5,-1.4965587672070288e-5,-1.3359661203287418e-5,-1.2346297359175459e-5
t6485,-1.3054085392610665e-5,-1.4224356575162952e-5,-1.2474823645408298e-5,-1.1478962343328146e-5
t6486,-1.1069112658375882e-5,-1.2231424494832674e-5,-1.0531295553457973e-5,-9.641946022266957e-6
t6487,-8.13002745098074e-6,-9.215961508746197e-6,-7.677342409310532e-6,-6.987402987388583e-6
t6488,-1.5152880593722057e-6,-1.8340689153776072e-6,-1.4745144727743884e-6,-1.4965024505888524e-6
t6489,-4.364745419181454e-7,-4.253102410790199e-7,-4.7267030202850906e-7,-6.154473266671841e-7
t6490,-2.4544958827319185e-7,-1.7419762389139264e-7,-3.0019332980900455e-7,-4.7252110925765424e-7
t6491,-1.9017751040627614e-7,-1.0561225542314464e-7,-2.481280876910584e-7,-4.2141028487704754e-7
t6492,-1.6963258650919177e-7,-8.210045121151274e-8,-2.2740930850928806e-7,-3.966096427211212e-7
t6493,-1.5849377976315756e-7,-7.984950659710813e-8,-2.1253981296742344e-7,-3.7302282658090284e-7
t6494,-1.7945648414802425e-7,-1.1533271705149955e-7,-2.280970066706281e-7,-3.769164716256543e-7
t6495,-1.9781805517956785e-7,-1.4959085081556662e-7,-2.417696057980166e-7,-3.8278059018791147e-7
t6496,-2.914567265394114e-7,-2.719913306090533e-7,-3.2476230669339367e-7,-4.4784054288948166e-7
t6497,-5.519324481502443e-7,-6.002313592224239e-7,-5.664306357679793e-7,-6.534261438642468e-7
t6498,-1.1267029616746323e-6,-1.378841890243517e-6,-1.0866724046873596e-6,-1.1061413755567697e-6
t6499,-1.6863420668857159e-6,-2.037265582300176e-6,-1.5988066088910781e-6,-1.5472742845362857e-6
t6500,-3.5765816863799748e-6,-4.158300832046905e-6,-3.3361532800470627e-6,-3.0398304011462497e-6
t6501,-1.028862502048793e-5,-1.1453050350172154e-5,-9.767995077545873e-6,-9.051094762474911e-6
t6502,-8.964757217442172e-6,-1.0015509143387007e-5,-8.445316428677865e-6,-7.74796573428488e-6
t6503,-2.9760707749941052e-6,-3.5037836622345778e-6,-2.765768002113806e-6,-2.5480693184287737e-6
t6504,-1.061697411210622e-6,-1.281696174943465e-6,-1.0264521020791933e-6,-1.0484696469500658e-6
t6505,-1.4951652596368893e-6,-1.8159044666379735e-6,-1.4158292051190058e-6,-1.389000179978162e-6
t6506,-1.962060896351129e-6,-2.373482194361932e-6,-1.8352788784035331e-6,-1.7536862046050674e-6
t6507,-5.744884283508341e-6,-6.668378897351512e-6,-5.391272187717035e-6,-4.977874981641344e-6
t6508,-7.38626401108659e-6,-8.332572041543846e-6,-6.972579696031409e-6,-6.36139671640244e-6
t6509,-6.543855117275226e-6,-7.515214870433134e-6,-6.155750110525689e-6,-5.629425880213951e-6
t6510,-5.54297285569115e-6,-6.475464055906484e-6,-5.205428183405946e-6,-4.7754883112811005e-6
t6511,-3.930388534894024e-6,-4.718676748713191e-6,-3.6942445802458027e-6,-3.438208406891895e-6
t6512,-6.779590921248621e-7,-7.393272031857048e-7,-6.97058773680224e-7,-8.03834457778272e-7
t6513,-2.324635504834605e-7,-1.5925885253757838e-7,-2.904513594746861e-7,-4.6608090486160006e-7
t6514,-1.6337708667017235e-7,-6.001022232941007e-8,-2.2663079971659175e-7,-4.112912648308397e-7
t6515,-1.324986835819869e-7,-3.217191891676338e-8,-1.9261820061190824e-7,-3.6653904084504153e-7
t6516,-1.1520234896875181e-7,-2.1685992848916484e-8,-1.6932752619053116e-7,-3.2655098423834437e-7
t6517,-1.0352108963809506e-7,-1.5913754016108433e-8,-1.5571130742674162e-7,-3.045373586464485e-7
t6518,-1.0163707688955891e-7,-1.4654795848217611e-8,-1.5474006195365227e-7,-3.06701790488393e-7
t6519,-1.0806791233583375e-7,-2.140776791557062e-8,-1.6196542341900479e-7,-3.164380688718266e-7
t6520,-1.2679376808923857e-7,-4.3760358706518266e-8,-1.805822192143872e-7,-3.3484325771137687e-7
t6521,-1.9150179163202282e-7,-1.3454883575374884e-7,-2.3815667425792144e-7,-3.8106185342242814e-7
t6522,-5.628979821245038e-7,-6.201867298747017e-7,-5.773439962494961e-7,-6.611147418033003e-7
t6523,-2.2327200174586322e-6,-2.748404352190675e-6,-2.112817563050913e-6,-2.0121649393790273e-6
t6524,-2.7299596532726055e-6,-3.338205149506285e-6,-2.5707073639436404e-6,-2.4165269009738395e-6
t6525,-2.8864802671430553e-6,-3.502740553385673e-6,-2.7168483090679416e-6,-2.547473623372928e-6
t6526,-2.825701219650054e-6,-3.4237604849110267e-6,-2.6598169403958638e-6,-2.4990270152122834e-6
t6527,-2.450332163324467e-6,-2.9936073012898963e-6,-2.308770239590599e-6,-2.1882942442711214e-6
t6528,-1.1836290164295463e-6,-1.466860059731626e-6,-1.1390603212916203e-6,-1.1488773614303402e-6
t6529,-1.1513836020195723e-6,-1.4253399022440283e-6,-1.1095462213544157e-6,-1.1225296836696217e-6
t6530,-1.106970468121743e-6,-1.366816177000268e-6,-1.068026612002944e-6,-1.084621563016405e-6
t6531,-1.7906190740753178e-6,-2.222579909276745e-6,-1.6992686865717156e-6,-1.649182075530886e-6
t6532,-2.3030598705072325e-6,-2.817815357259467e-6,-2.1739615004614245e-6,-2.0762827398786024e-6
t6533,-2.115798929283062e-6,-2.600186983961919e-6,-2.0098105479535885e-6,-1.94285456080745e-6
t6534,-1.8108766171930702e-6,-2.2220275555042656e-6,-1.7368992549277985e-6,-1.7098740480875904e-6
t6535,-1.3740818171619513e-6,-1.6648032318054207e-6,-1.3396291174845743e-6,-1.3595953080895905e-6
t6536,-4.358098146747051e-7,-4.293134215333296e-7,-4.6980491221575694e-7,-6.012535135423665e-7
t6537,-2.0521877201626346e-7,-1.2687324733319181e-7,-2.6351910583863785e-7,-4.355964896818248e-7
t6538,-1.5602735621944778e-7,-5.383005383675443e-8,-2.1790807806268935e-7,-3.986766267581934e-7
t6539,-1.3076550183799353e-7,-3.145490737954769e-8,-1.9106132647999587e-7,-3.6663735751991624e-7
t6540,-1.2111373315574002e-7,-2.6247723616191186e-8,-1.7793317520373428e-7,-3.4493039981853566e-7
t6541,-1.1167728007261327e-7,-2.1949919247983505e-8,-1.6660492571146577e-7,-3.2991157769897394e-7
t6542,-1.0920217688669036e-7,-2.281424148889725e-8,-1.6330056513855828e-7,-3.2324965561657715e-7
t6543,-1.1712201456860354e-7,-3.5712263047754735e-8,-1.6974278501672093e-7,-3.284502266926534e-7
t6544,-1.5075324420770472e-7,-8.278498877589681e-8,-1.9985397093709225e-7,-3.5274163720217536e-7
t6545,-2.3144927042714934e-7,-1.9484365158628794e-7,-2.6987554864693224e-7,-4.0979399616342575e-7
t6546,-7.654818372446263e-7,-8.941608386447329e-7,-7.639816797481955e-7,-8.293399391141872e-7
t6547,-3.1736241586280395e-6,-3.819616942507018e-6,-2.977740291050632e-6,-2.755762758932974e-6
t6548,-4.268966622634153e-6,-5.034434576791134e-6,-4.007271973092107e-6,-3.6683432537752534e-6
t6549,-5.313159582785941e-6,-6.180228704421849e-6,-4.987929956972728e-6,-4.531003239987968e-6
t6550,-5.378420519938589e-6,-6.257025514571566e-6,-5.042812118154326e-6,-4.584237546246038e-6
t6551,-4.856164897639729e-6,-5.666269270821305e-6,-4.548026951960805e-6,-4.14288127422666e-6
t6552,-4.762502229331221e-6,-5.574395490433298e-6,-4.4544702832235025e-6,-4.05949259619547e-6
t6553,-4.533039757358701e-6,-5.337998669308083e-6,-4.234369840072938e-6,-3.869730996846879e-6
t6554,-4.127818775254708e-6,-4.893115734918137e-6,-3.853032519166921e-6,-3.5402520326502887e-6
t6555,-3.7711221926307924e-6,-4.51592466439692e-6,-3.5241984216437075e-6,-3.256412988387973e-6
t6556,-3.261022888482898e-6,-3.943741372653244e-6,-3.0579735341311234e-6,-2.8584627194861107e-6
t6557,-2.732501316251092e-6,-3.335618356848422e-6,-2.583547596811501e-6,-2.4612866139169586e-6
t6558,-2.542944955042819e-6,-3.114112872163846e-6,-2.4149432188158653e-6,-2.3198853942223696e-6
t6559,-2.3533306985528853e-6,-2.886199717203983e-6,-2.243059306002182e-6,-2.170117848709525e-6
t6560,-6.419823878310476e-7,-6.82078354106044e-7,-6.66927116568389e-7,-7.845600489491933e-7
t6561,-2.634439117817427e-7,-1.8969104151731565e-7,-3.2354083716381444e-7,-5.03514280938934e-7
t6562,-2.0694124286422404e-7,-9.923317663842978e-8,-2.7587500537944084e-7,-4.7348108944060204e-7
t6563,-1.767802661508037e-7,-5.84593571930799e-8,-2.4845149004238514e-7,-4.503972339313658e-7
t6564,-1.5456180092285806e-7,-4.038342541941987e-8,-2.2403789271224382e-7,-4.209645177926554e-7
t6565,-1.4095724547287247e-7,-3.404324083850837e-8,-2.0795252441301848e-7,-3.961162229791294e-7
t6566,-1.389140345023775e-7,-3.52928930471577e-8,-2.0495197881054004e-7,-3.879902167147416e-7
t6567,-1.4833643127896934e-7,-4.6578048369554775e-8,-2.1380112060712e-7,-3.9416431567408524e-7
t6568,-1.710551826992298e-7,-8.105039153843272e-8,-2.337146667208646e-7,-4.097259890404826e-7
t6569,-2.6031485413632843e-7,-2.037641075495981e-7,-3.1240523675185223e-7,-4.7554492816788317e-7
t6570,-7.58892352288982e-7,-8.472778025009877e-7,-7.714658831000943e-7,-8.629894698673421e-7
t6571,-2.6305432478604905e-6,-3.2196758938219607e-6,-2.4944377733279825e-6,-2.3901219346357227e-6
t6572,-2.7198647022231314e-6,-3.3277052495000283e-6,-2.577490234672289e-6,-2.466452674020208e-6
t6573,-2.7148410381836823e-6,-3.321241697695521e-6,-2.573516667696777e-6,-2.4680080562078224e-6
t6574,-2.6848820422759686e-6,-3.2831768625592564e-6,-2.542175684987764e-6,-2.4339245136337174e-6
t6575,-2.6205195029147583e-6,-3.2033199033081334e-6,-2.4758167511709964e-6,-2.368867975951025e-6
t6576,-2.602211250183626e-6,-3.1793211528476e-6,-2.45670177192911e-6,-2.348077271065005e-6
t6577,-2.6068487603761284e-6,-3.1846109418515033e-6,-2.460578143408322e-6,-2.3523613622684408e-6
t6578,-2.540057322271948e-6,-3.105165973662153e-6,-2.399273905394985e-6,-2.300376584332742e-6
t6579,-2.424831167143201e-6,-2.969361886483352e-6,-2.2959332724173885e-6,-2.2114558456864767e-6
t6580,-2.436670581692447e-6,-2.983696962251322e-6,-2.308895953883214e-6,-2.225377430969519e-6
t6581,-2.4847487410582265e-6,-3.042889770240706e-6,-2.356445601819726e-6,-2.271144458916896e-6
t6582,-2.407220528723162e-6,-2.9504028107211016e-6,-2.2894957928668483e-6,-2.216731296568108e-6
t6583,-1.972471606737207e-6,-2.4144355944518847e-6,-1.8962385011724967e-6,-1.8723134035971202e-6
t6584,-4.454803640116082e-7,-4.2563387373418984e-7,-4.889482452841485e-7,-6.395280596853662e-7
t6585,-1.994992051101446e-7,-9.5963992326238e-8,-2.7066812604258565e-7,-4.6489095403509564e-7
t6586,-1.468910710630208e-7,-3.501814937391599e-8,-2.1554950837455965e-7,-4.0034601101782903e-7
t6587,-1.2250865503389653e-7,-2.0382365255901667e-8,-1.832804470003426e-7,-3.3704273320492826e-7
t6588,-1.1564237580655722e-7,-1.5964645568670022e-8,-1.7516486618418534e-7,-3.260745966502698e-7
t6589,-1.0933352155834395e-7,-1.3722208940991007e-8,-1.6777018278023654e-7,-3.1109133425697506e-7
t6590,-1.0739024254927198e-7,-1.3738917632985774e-8,-1.642871064465335e-7,-3.056111161952411e-7
t6591,-1.1248303651119239e-7,-1.8166280967552215e-8,-1.7059237969433146e-7,-3.154977339883587e-7
t6592,-1.4311013026357567e-7,-3.47991221945732e-8,-2.1282247913982718e-7,-3.97799869429146e-7
t6593,-1.9373609210615234e-7,-9.655309123288977e-8,-2.627527468424608e-7,-4.4681732264759327e-7
t6594,-5.277816853927886e-7,-5.339378002390641e-7,-5.624756719520497e-7,-6.96797654316072e-7
t6595,-3.1550065147626185e-6,-3.844943764187915e-6,-2.9814893233963425e-6,-2.8324956318178615e-6
t6596,-3.994937825151236e-6,-4.8103743730294715e-6,-3.7570536724353085e-6,-3.5169936802715993e-6
t6597,-4.656215704620636e-6,-5.5498662320980215e-6,-4.371569576429594e-6,-4.0577636139442685e-6
t6598,-5.212912768406902e-6,-6.137946175647708e-6,-4.88441737376675e-6,-4.499122291880175e-6
t6599,-5.712484929024134e-6,-6.6432574041032445e-6,-5.345321853568697e-6,-4.8931461064567125e-6
t6600,-6.060462090199344e-6,-6.994379559741783e-6,-5.670162047727e-6,-5.1728656599476775e-6
t6601,-6.217215938244647e-6,-7.151268855169693e-6,-5.817851886891731e-6,-5.302609191792945e-6
t6602,-6.181968057156572e-6,-7.11147732293404e-6,-5.785504820568388e-6,-5.267523333177947e-6
t6603,-5.995477020394467e-6,-6.916233052552199e-6,-5.605741301495738e-6,-5.1084233404525795e-6
t6604,-5.627127944144347e-6,-6.53883067073813e-6,-5.263082875667832e-6,-4.8069267251955316e-6
t6605,-5.028918462724022e-6,-5.903931716187277e-6,-4.70272459202411e-6,-4.31564363251887e-6
t6606,-4.235689444740042e-6,-5.049689664504388e-6,-3.967536511574774e-6,-3.674246811355878e-6
t6607,-3.1512091451952483e-6,-3.826864549016301e-6,-2.970444652643463e-6,-2.804744716504767e-6
t6608,-5.826682725665125e-7,-6.088225457981393e-7,-6.121704784178002e-7,-7.30710943419593e-7
t6609,-2.2627244010089744e-7,-1.4483735397217097e-7,-2.902282322387038e-7,-4.6594949029447187e-7
t6610,-1.6840745257782706e-7,-5.916153238956783e-8,-2.3683570553496735e-7,-4.226772503904206e-7
t6611,-1.4073749498301029e-7,-3.375940616464421e-8,-2.055633226018976e-7,-3.8591207368062776e-7
t6612,-1.2424649091635208e-7,-2.409421030980864e-8,-1.8462455128543294e-7,-3.4991030876839445e-7
t6613,-1.1587691456977137e-7,-2.1485681704808544e-8,-1.729355898544571e-7,-3.3223713406558713e-7
t6614,-1.158379235761296e-7,-2.259481001576228e-8,-1.7240910660658928e-7,-3.305562288144884e-7
t6615,-1.2495523569953203e-7,-3.441312321708538e-8,-1.813009370773556e-7,-3.3910625265498054e-7
t6616,-1.5509022532473823e-7,-7.558250905779898e-8,-2.0954688407405426e-7,-3.6526414167826954e-7
t6617,-2.6732702209559576e-7,-2.274360976777663e-7,-3.078078746330508e-7,-4.439951819039684e-7
t6618,-9.659835967865662e-7,-1.150894171094942e-6,-9.5579471669334e-7,-1.0047433065307073e-6
t6619,-5.148727892820246e-6,-6.025879348403075e-6,-4.835597463118653e-6,-4.4028935571874705e-6
t6620,-6.26164501777499e-6,-7.217741442720318e-6,-5.891522482740021e-6,-5.341591919421866e-6
t6621,-6.908510174704095e-6,-7.883700435690946e-6,-6.511613309720549e-6,-5.894524057966175e-6
t6622,-7.3060375818162855e-6,-8.287099214333425e-6,-6.886320833703462e-6,-6.236699847293007e-6
t6623,-7.260531403846945e-6,-8.216471804430462e-6,-6.839159335393804e-6,-6.194094217507809e-6
t6624,-7.147469283422026e-6,-8.081053046024602e-6,-6.732657170458273e-6,-6.104541481306165e-6
t6625,-7.158407740230847e-6,-8.093179424627145e-6,-6.738716943534758e-6,-6.112660111227297e-6
t6626,-7.067070818961293e-6,-7.99868855859542e-6,-6.650077696791382e-6,-6.0310415545161795e-6
t6627,-7.296208056156549e-6,-8.262361151641336e-6,-6.86160156901016e-6,-6.218735219212965e-6
t6628,-6.979703584564941e-6,-7.955404351953563e-6,-6.56536035732e-6,-5.961939016575592e-6
t6629,-6.418215078077675e-6,-7.403773916818042e-6,-6.028944288107144e-6,-5.491592391718565e-6
t6630,-5.722373536771702e-6,-6.670057137113514e-6,-5.373866107537329e-6,-4.9139221516712356e-6
t6631,-4.7021768463221755e-6,-5.573931634577117e-6,-4.418243699409144e-6,-4.0690689767205445e-6
t6632,-1.1364933400516025e-6,-1.33944006721767e-6,-1.1260081445572456e-6,-1.1836153164790635e-6
t6633,-3.423385634894264e-7,-3.0007670353705973e-7,-3.8932895371826585e-7,-5.470236748563472e-7
t6634,-2.0257277399963392e-7,-1.0742084877296946e-7,-2.650322594484046e-7,-4.457601924319897e-7
t6635,-1.5914759595323905e-7,-5.415892439976957e-8,-2.226995933220573e-7,-4.034155074892264e-7
t6636,-1.413784344216413e-7,-3.7164557082619584e-8,-2.023386771394481e-7,-3.771716467231046e-7
t6637,-1.283817744683213e-7,-3.0656521336419825e-8,-1.868090685109612e-7,-3.523723089555248e-7
t6638,-1.26083043163082e-7,-3.0895640382545515e-8,-1.8343957080732148e-7,-3.4396075588804306e-7
t6639,-1.3574102227750218e-7,-4.66294649918804e-8,-1.9262313076665877e-7,-3.49926787180108e-7
t6640,-1.6075921478215353e-7,-8.899090599941749e-8,-2.145291490305224e-7,-3.619288132318846e-7
t6641,-2.873077361901044e-7,-2.589601829821917e-7,-3.2597631226952406e-7,-4.512233111347343e-7
t6642,-1.0015271618227468e-6,-1.2050377577954586e-6,-9.880360267585582e-7,-1.0281103109458002e-6
t6643,-3.713171490322058e-6,-4.446548603922385e-6,-3.4828007650989526e-6,-3.211087535191014e-6
t6644,-4.570874942211256e-6,-5.390655780682e-6,-4.284892699664399e-6,-3.917952934592952e-6
t6645,-5.1588351603395816e-6,-6.04166897326514e-6,-4.833149976155793e-6,-4.403158672031206e-6
t6646,-5.433587476811138e-6,-6.334212274065704e-6,-5.09111171844623e-6,-4.630473658384732e-6
t6647,-5.591965184367161e-6,-6.4939406678718375e-6,-5.236143061129676e-6,-4.759114281686024e-6
t6648,-5.157405240229023e-6,-5.987947014178921e-6,-4.827620362837279e-6,-4.399973025036322e-6
t6649,-5.027120533537918e-6,-5.841599337639214e-6,-4.70512730467931e-6,-4.289214498846095e-6
t6650,-4.836274855282825e-6,-5.630518596905864e-6,-4.525389941271361e-6,-4.12748859170031e-6
t6651,-5.428111349293464e-6,-6.297453938456115e-6,-5.075348204014905e-6,-4.61682296672225e-6
t6652,-5.516246715479614e-6,-6.413094163736339e-6,-5.1606467158993986e-6,-4.7034834771822815e-6
t6653,-5.259341950680263e-6,-6.162549997598898e-6,-4.928620318943826e-6,-4.5142633976151545e-6
t6654,-4.807996845202579e-6,-5.679999005647693e-6,-4.510591082822361e-6,-4.14899852034437e-6
t6655,-4.057795081148643e-6,-4.859865085783777e-6,-3.815874585566358e-6,-3.539385339995172e-6
t6656,-1.0807842200332827e-6,-1.2652019259491244e-6,-1.0748111904120987e-6,-1.138485830987876e-6
t6657,-3.5744810442365826e-7,-3.1796029661756747e-7,-4.0248090906884864e-7,-5.573737985776883e-7
t6658,-2.06437776023158e-7,-1.1093357187058857e-7,-2.693103476131078e-7,-4.52182869301882e-7
t6659,-1.5909680685831415e-7,-4.961014318372593e-8,-2.2267020271803927e-7,-4.0811376801171084e-7
t6660,-1.3545682773242714e-7,-2.9364949372205605e-8,-1.960534812574731e-7,-3.7357860894029924e-7
t6661,-1.1784846925670933e-7,-2.1214872274309966e-8,-1.736699897180363e-7,-3.3817212565178004e-7
t6662,-1.1178053765362577e-7,-1.91890876243628e-8,-1.6620443542449812e-7,-3.2664596902689607e-7
t6663,-1.1491307912377808e-7,-2.3175180852788574e-8,-1.700494709167498e-7,-3.311531500857107e-7
t6664,-1.3038599244438131e-7,-4.1025461099659034e-8,-1.85414267706069e-7,-3.477395411560307e-7
t6665,-1.690504846634421e-7,-9.723832143791705e-8,-2.2076516722761298e-7,-3.768621856154123e-7
t6666,-3.3602087148621226e-7,-3.174636268712694e-7,-3.6865158887743126e-7,-4.926020590392099e-7
t6667,-6.717947398874597e-7,-7.55463059473941e-7,-6.817906015464394e-7,-7.626168173131756e-7
t6668,-6.121538101515039e-7,-6.736256949660991e-7,-6.265166451695684e-7,-7.155438594294687e-7
t6669,-5.710184362692088e-7,-6.158545504795102e-7,-5.887768676961169e-7,-6.851866547863304e-7
t6670,-5.649280471389118e-7,-6.092670969143219e-7,-5.828327900943092e-7,-6.787898089900676e-7
t6671,-5.81478878094202e-7,-6.345674459591776e-7,-5.975410747756054e-7,-6.884710181048702e-7
t6672,-5.870650824807002e-7,-6.460572399766141e-7,-6.018897300031299e-7,-6.89628226561928e-7
t6673,-6.109548736838297e-7,-6.769613587613853e-7,-6.24701414694564e-7,-7.105495248463522e-7
t6674,-6.373866850582262e-7,-7.12163908586439e-7,-6.496573165456388e-7,-7.323714705812458e-7
t6675,-6.371700273442183e-7,-7.08129656470124e-7,-6.507442547732519e-7,-7.3781289032181e-7
t6676,-6.008458595616658e-7,-6.53858899593237e-7,-6.192944809018505e-7,-7.163056349977054e-7
t6677,-5.683325608345569e-7,-5.998223126224103e-7,-5.922532033592166e-7,-7.04411459377582e-7
t6678,-5.451857269701864e-7,-5.638390643314359e-7,-5.731313485744637e-7,-6.909440737867236e-7
t6679,-4.983035690544005e-7,-4.987410780478588e-7,-5.309381373525697e-7,-6.60325271874244e-7
t6680,-2.7740260840358004e-7,-2.1614881804458465e-7,-3.3047557179686383e-7,-4.986413745098329e-7
t6681,-1.6839558989301968e-7,-5.9198298865959535e-8,-2.349939253778627e-7,-4.203352342505391e-7
t6682,-1.2907200200465014e-7,-2.1342415979063014e-8,-1.900151455104644e-7,-3.649343268295729e-7
t6683,-1.0565069688741262e-7,-1.1282268023259529e-8,-1.575788273914809e-7,-3.0087799922970165e-7
t6684,-9.94173894550384e-8,-8.350908948866117e-9,-1.4809662852370595e-7,-2.85341562634958e-7
t6685,-8.979493307591666e-8,-5.913002817595987e-9,-1.3658177415858148e-7,-2.6522669887774174e-7
t6686,-8.858729562701423e-8,-6.458470837001464e-9,-1.3547036490794288e-7,-2.651184452042579e-7
t6687,-9.557595790397204e-8,-9.269323698314303e-9,-1.4600189030306133e-7,-2.912112406558548e-7
t6688,-1.113800984097813e-7,-1.8907792846918343e-8,-1.6601344380361373e-7,-3.254638007848711e-7
t6689,-1.3356663702687223e-7,-4.66304354945944e-8,-1.8790610167644796e-7,-3.471089539413747e-7
t6690,-2.0566470644984758e-7,-1.4916757597400644e-7,-2.5183761254707214e-7,-3.9970840307767213e-7
t6691,-3.513256733002718e-7,-3.364212826339209e-7,-3.8261242670126675e-7,-5.027548369448562e-7
t6692,-3.5003815502903116e-7,-3.3220265410523973e-7,-3.824726921223462e-7,-5.058770047718943e-7
t6693,-3.5863212510017484e-7,-3.413015321662506e-7,-3.912729214781056e-7,-5.150678861307442e-7
t6694,-3.5505042907439396e-7,-3.385793770668647e-7,-3.8782628714864605e-7,-5.117567897775583e-7
t6695,-3.5353847705854894e-7,-3.403230861944306e-7,-3.8558788630683187e-7,-5.067692617886498e-7
t6696,-3.5085598462403225e-7,-3.4163864033384017e-7,-3.815917537466599e-7,-4.980050056470254e-7
t6697,-3.5249556423148846e-7,-3.4361925199112367e-7,-3.8344147617899405e-7,-4.994466410951805e-7
t6698,-3.639022499878904e-7,-3.5849498827182454e-7,-3.9395905603191253e-7,-5.061733708230987e-7
t6699,-3.74650995433003e-7,-3.691790656556122e-7,-4.0492338412504424e-7,-5.193342771775278e-7
t6700,-3.8588580113899497e-7,-3.7776175446613644e-7,-4.1770959988881753e-7,-5.355086008240379e-7
t6701,-3.8432237919200807e-7,-3.695181716748576e-7,-4.187383089714368e-7,-5.42744245695023e-7
t6702,-3.661351207079325e-7,-3.4116627630186896e-7,-4.04227981193559e-7,-5.370572402123074e-7
t6703,-3.2400397955479845e-7,-2.834910553974738e-7,-3.6779073765629903e-7,-5.138837495704849e-7
t6704,-1.9447231308417887e-7,-1.0480784959436992e-7,-2.5693172308923854e-7,-4.3505743259322475e-7
t6705,-1.3761405451592447e-7,-2.5678784477910767e-8,-2.034402337081502e-7,-3.8672807529365216e-7
t6706,-9.910173999958344e-8,-7.844085731137684e-9,-1.4902290462909642e-7,-2.8460067039662253e-7
t6707,-9.129122344965364e-8,-4.6476111204397154e-9,-1.3767607148976937e-7,-2.6486564889734205e-7
t6708,-8.793816285829702e-8,-3.3848526320429184e-9,-1.3200831508292572e-7,-2.556318832908408e-7
t6709,-7.902211278469818e-8,-9.06497694635271e-10,-1.2155410234419118e-7,-2.3624516128548828e-7
t6710,-7.515102785914588e-8,-1.084264034845724e-11,-1.1623646277361192e-7,-2.2693910158098042e-7
t6711,-7.71439188129865e-8,-1.2400195671205007e-9,-1.200285529172876e-7,-2.3565051066473994e-7
t6712,-9.575449848949046e-8,-7.537329314635901e-9,-1.4691429572652147e-7,-2.956119149931941e-7
t6713,-1.222873235971628e-7,-2.8106847605758298e-8,-1.781244316478183e-7,-3.3708077230526416e-7
t6714,-1.8213922766258222e-7,-1.1353026624167288e-7,-2.3235946774389652e-7,-3.8311926797095884e-7
t6715,-3.4551781820831956e-7,-3.2462238426802354e-7,-3.780046072392924e-7,-4.965779323917234e-7
t6716,-3.716055150921178e-7,-3.568236181725515e-7,-4.022043638854595e-7,-5.197874764834261e-7
t6717,-3.7381624816837193e-7,-3.576625406461599e-7,-4.0582001448119435e-7,-5.269891244564363e-7
t6718,-3.70160741727662e-7,-3.5456145567309346e-7,-4.0221442765840746e-7,-5.235786455314386e-7
t6719,-3.804903070144922e-7,-3.7003814222629383e-7,-4.117806418802503e-7,-5.285200968603678e-7
t6720,-3.9646917068838046e-7,-3.8645889046403353e-7,-4.2833211595953795e-7,-5.487118538174959e-7
t6721,-4.0387125559875163e-7,-3.944265924902886e-7,-4.362624958686272e-7,-5.58099520629111e-7
t6722,-4.2070290849271707e-7,-4.152079736940142e-7,-4.5220282723936455e-7,-5.705781341724073e-7
t6723,-4.525994735630639e-7,-4.540421510034926e-7,-4.83100990869229e-7,-5.97951766375006e-7
t6724,-4.868794820738837e-7,-4.944603699338482e-7,-5.164113127545922e-7,-6.31225789293077e-7
t6725,-4.971494394279864e-7,-5.022578460845376e-7,-5.282020131981122e-7,-6.478517305472321e-7
t6726,-4.774208345902995e-7,-4.7132369837623704e-7,-5.117251294839164e-7,-6.41942384276342e-7
t6727,-4.1939227306968687e-7,-3.9349319507781475e-7,-4.6054727360872736e-7,-6.035457925706511e-7
t6728,-2.2913918184321618e-7,-1.4083519273786574e-7,-2.929555920621515e-7,-4.772494762619602e-7
t6729,-1.570907635871611e-7,-3.586669260875055e-8,-2.2754179634006611e-7,-4.244183192865731e-7
t6730,-1.17572462950048e-7,-1.472997730075868e-8,-1.7475877039818907e-7,-3.274559914372171e-7
t6731,-1.1065082526333208e-7,-1.1466908251314584e-8,-1.6460221745129553e-7,-3.082125303760453e-7
t6732,-1.0575204885400209e-7,-9.583104509882061e-9,-1.588544046773569e-7,-2.9892159927579293e-7
t6733,-9.974936012881697e-8,-7.95179823559074e-9,-1.5217992357397537e-7,-2.8635687757678426e-7
t6734,-9.580499628290645e-8,-7.187078907072051e-9,-1.4671403642578917e-7,-2.7730379108660543e-7
t6735,-9.947190824888547e-8,-9.389317932886657e-9,-1.521517865460073e-7,-2.8718033872300516e-7
t6736,-1.2677826596516107e-7,-2.0605927604556557e-8,-1.9181173430262612e-7,-3.698108594308443e-7
t6737,-1.6931161398166034e-7,-6.277529486529144e-8,-2.3629655961129137e-7,-4.234859130809272e-7
t6738,-3.1565008210047307e-7,-2.635927580114111e-7,-3.6624224006993803e-7,-5.309600596482214e-7
t6739,-7.257789897662973e-7,-7.90501360824394e-7,-7.453690408962296e-7,-8.492286024123744e-7
t6740,-8.667050867136003e-7,-9.746156778622617e-7,-8.776831815092892e-7,-9.656306053123128e-7
t6741,-1.0463961900440345e-6,-1.2087070734539068e-6,-1.0465385373815765e-6,-1.1178120581124553e-6
t6742,-1.2474893714498e-6,-1.4788804931029323e-6,-1.2307712972562661e-6,-1.2749677075461545e-6
t6743,-1.4551150159282371e-6,-1.7548220442005364e-6,-1.4189926203485663e-6,-1.4380316486123503e-6
t6744,-1.6357939649100602e-6,-1.9898201052838665e-6,-1.5823305718869425e-6,-1.5812537215073922e-6
t6745,-1.78623502673121e-6,-2.181252366897307e-6,-1.7206211759572319e-6,-1.7050404126463857e-6
t6746,-1.8917011605262177e-6,-2.3141890416586966e-6,-1.8175729828324257e-6,-1.7911873036981232e-6
t6747,-1.9027941635819069e-6,-2.326701250181648e-6,-1.8278852859765233e-6,-1.8020238642319863e-6
t6748,-1.8232784759797579e-6,-2.225396579389156e-6,-1.7573927889876548e-6,-1.7413353473293605e-6
t6749,-1.7054742416446955e-6,-2.0738262412903436e-6,-1.6523618895518271e-6,-1.6513323445017923e-6
t6750,-1.5773645368575654e-6,-1.9063775734155242e-6,-1.537832187778795e-6,-1.5537015129080632e-6
t6751,-1.3492753240402167e-6,-1.6073412633442294e-6,-1.3297789820855225e-6,-1.3712523741171698e-6
t6752,-3.8451457388614656e-7,-3.3849649806025646e-7,-4.3604182069184255e-7,-6.057749124366478e-7
t6753,-1.9055343241895761e-7,-7.120732583216147e-8,-2.6390314287931887e-7,-4.67800656318338e-7
t6754,-1.3764538744219918e-7,-2.8378176375687237e-8,-1.9885656359616778e-7,-3.653206032743306e-7
t6755,-1.2433527853262648e-7,-1.9445878911869873e-8,-1.8149583095401492e-7,-3.3238309767158445e-7
t6756,-1.1971983052952657e-7,-1.6987335948110695e-8,-1.7576845510034407e-7,-3.2354118711286853e-7
t6757,-1.1495721863532648e-7,-1.5495030654326672e-8,-1.6966944706407994e-7,-3.1145090704316793e-7
t6758,-1.1344883298803159e-7,-1.5924082015470597e-8,-1.6821815914086126e-7,-3.09286768116032e-7
t6759,-1.209089780996014e-7,-2.074928848669394e-8,-1.7687171113606002e-7,-3.2639297662904843e-7
t6760,-1.5582382163600215e-7,-3.937267292927761e-8,-2.249788507465916e-7,-4.203936919164434e-7
t6761,-2.1520307079931073e-7,-1.0966882186018442e-7,-2.853407402228908e-7,-4.819399250634234e-7
t6762,-6.49134511461035e-7,-6.780830721418714e-7,-6.801307489561668e-7,-8.078583219353174e-7
t6763,-3.7982226445073256e-6,-4.60518438887511e-6,-3.587646423968206e-6,-3.3781055498139843e-6
t6764,-4.782209928026372e-6,-5.7170808390680925e-6,-4.505774179603443e-6,-4.18174302662686e-6
t6765,-5.576591823484468e-6,-6.596921168831701e-6,-5.251641025567355e-6,-4.840114707945734e-6
t6766,-6.243345348332764e-6,-7.281380540633247e-6,-5.8648719019601694e-6,-5.377072884572532e-6
t6767,-6.686330153253333e-6,-7.719629750741628e-6,-6.275507885185482e-6,-5.730363482132455e-6
t6768,-6.951749278507623e-6,-7.955456045564472e-6,-6.520581168135768e-6,-5.9462218615472285e-6
t6769,-6.956865078302958e-6,-7.957741208046974e-6,-6.529666975543186e-6,-5.949068726291412e-6
t6770,-6.833204800250072e-6,-7.82541653127393e-6,-6.411233489791766e-6,-5.84409400233017e-6
t6771,-6.591850791905596e-6,-7.570924562497223e-6,-6.1810192196824825e-6,-5.636807245676604e-6
t6772,-6.2171234740429196e-6,-7.186997657405801e-6,-5.824451982358723e-6,-5.324942577132759e-6
t6773,-5.705019391681238e-6,-6.659845777357658e-6,-5.344812404852817e-6,-4.900734805850007e-6
t6774,-5.000232447056704e-6,-5.910962945997125e-6,-4.688300059620714e-6,-4.320423218350979e-6
t6775,-3.878790571108669e-6,-4.674309031183126e-6,-3.647308655736587e-6,-3.4088174920258474e-6
t6776,-5.782180641606738e-7,-5.92370151620855e-7,-6.12557522842975e-7,-7.516814648096607e-7
t6777,-2.1208852673181578e-7,-1.0888965777447974e-7,-2.8104742609651403e-7,-4.7560926558776166e-7
t6778,-1.5429707938476513e-7,-4.294980104610844e-8,-2.2092427972901834e-7,-4.037572258638534e-7
t6779,-1.2390814211550008e-7,-2.412198866623752e-8,-1.8094498989084543e-7,-3.341180239563858e-7
t6780,-1.1186627716819193e-7,-1.781371828578152e-8,-1.6486228406189162e-7,-3.0686164159604333e-7
t6781,-1.0383872754966143e-7,-1.580469436804108e-8,-1.5460375329921032e-7,-2.9009197281151175e-7
t6782,-1.0448592181957193e-7,-1.8310674704764066e-8,-1.5497684269411508e-7,-2.9137016048677225e-7
t6783,-1.1846079247715755e-7,-2.6881201535926652e-8,-1.7410842620388152e-7,-3.3052425415552716e-7
t6784,-1.4291043191174346e-7,-4.892364976470595e-8,-2.002730299540326e-7,-3.6680142776867146e-7
t6785,-2.003491859636497e-7,-1.2916519958673227e-7,-2.5269721190447255e-7,-4.1163515321622786e-7
t6786,-6.900366233504774e-7,-7.676555755590265e-7,-7.037191969618718e-7,-7.901986393463629e-7
t6787,-4.708113027440374e-6,-5.566121001733216e-6,-4.433721979255167e-6,-4.0676070033073035e-6
t6788,-5.75250481053227e-6,-6.6965054586511865e-6,-5.42178500917396e-6,-4.945773073725541e-6
t6789,-6.353987923275956e-6,-7.341551128811464e-6,-5.997143629444886e-6,-5.459805515878534e-6
t6790,-6.76854831857666e-6,-7.769792067729877e-6,-6.382568055242948e-6,-5.805524243546256e-6
t6791,-7.018111935463713e-6,-8.003011644006663e-6,-6.612774790577635e-6,-6.006415357245228e-6
t6792,-7.080979042285859e-6,-8.055708079993881e-6,-6.674073624598279e-6,-6.056996667237504e-6
t6793,-7.0259737689398515e-6,-8.012891267213765e-6,-6.618892896841742e-6,-6.016075914028824e-6
t6794,-6.879536882263705e-6,-7.862219906383547e-6,-6.474636686803841e-6,-5.8864837184197284e-6
t6795,-6.632954696271847e-6,-7.622594946396765e-6,-6.238728423538166e-6,-5.679530712455955e-6
t6796,-6.232698946330588e-6,-7.218749010395833e-6,-5.862107472766561e-6,-5.347087616561622e-6
t6797,-5.681182581423318e-6,-6.649896571088814e-6,-5.343687861674517e-6,-4.891861618849342e-6
t6798,-4.956274381965102e-6,-5.877810644028407e-6,-4.663440811110727e-6,-4.2968822895599226e-6
t6799,-3.84469361472663e-6,-4.648691905842778e-6,-3.6312441106884495e-6,-3.394917868888828e-6
t6800,-5.277033479957249e-7,-5.252937604679675e-7,-5.640742936032496e-7,-7.101900173626332e-7
t6801,-2.0727240105579578e-7,-1.0060611449901837e-7,-2.7304200538004694e-7,-4.6746109735354376e-7
t6802,-1.5252199533726287e-7,-4.0365467028581953e-8,-2.152645259405988e-7,-4.014269041931697e-7
t6803,-1.1973275296881427e-7,-2.222941320406164e-8,-1.7359011066648545e-7,-3.2650486892846457e-7
t6804,-1.1012253570772295e-7,-1.6715406012883866e-8,-1.6061518684201973e-7,-3.0282421225427674e-7
t6805,-1.0178344426607735e-7,-1.4625703448901038e-8,-1.5033277239609378e-7,-2.843449706868518e-7
t6806,-1.0265641485325359e-7,-1.6616170278064597e-8,-1.524417349163888e-7,-2.924252413201068e-7
t6807,-1.1254299527406566e-7,-2.117794485070273e-8,-1.6598101956538292e-7,-3.2222689500705224e-7
t6808,-1.296981072734621e-7,-3.7503808887909256e-8,-1.8503814017302085e-7,-3.4632317619452347e-7
t6809,-1.789055262200445e-7,-1.0610230832136587e-7,-2.2990885747349683e-7,-3.8526209564901345e-7
t6810,-5.67486684559388e-7,-6.113716192619581e-7,-5.855024520632324e-7,-6.807080726977788e-7
t6811,-3.98101593777195e-6,-4.755126654642323e-6,-3.7441299891196164e-6,-3.454162148597742e-6
t6812,-5.052303544002755e-6,-5.931360662584129e-6,-4.752052044917583e-6,-4.3465386114056045e-6
t6813,-5.780442350575634e-6,-6.721865633246978e-6,-5.4416452669742245e-6,-4.959728451417821e-6
t6814,-6.259847938388292e-6,-7.224162840433229e-6,-5.891447874513943e-6,-5.365371726880056e-6
t6815,-6.522727433095827e-6,-7.475601589069044e-6,-6.136589632927231e-6,-5.572778953476144e-6
t6816,-6.63304386596177e-6,-7.584074454269405e-6,-6.236822542068027e-6,-5.664661984193356e-6
t6817,-6.5987953546873225e-6,-7.552445052664766e-6,-6.203240505572104e-6,-5.6351164983955025e-6
t6818,-6.434085243680149e-6,-7.384255676224853e-6,-6.041752234460425e-6,-5.495797754622915e-6
t6819,-6.133958004666441e-6,-7.080624600767329e-6,-5.756095246711399e-6,-5.2422886229671865e-6
t6820,-5.680616224010918e-6,-6.616005386787706e-6,-5.329901055955148e-6,-4.8677869753739355e-6
t6821,-5.022532601933997e-6,-5.928293844537253e-6,-4.716507314762386e-6,-4.334203038733563e-6
t6822,-4.1876975536967105e-6,-5.0217639496477485e-6,-3.9412445814797056e-6,-3.660304266242925e-6
t6823,-3.1290323475306023e-6,-3.81743735960669e-6,-2.9638797701141756e-6,-2.8119520854389114e-6
t6824,-4.7172658153270774e-7,-4.561643855562156e-7,-5.114100788448493e-7,-6.62013576087319e-7
t6825,-2.002510825196775e-7,-9.474643641931305e-8,-2.6637152973715224e-7,-4.5869806187198077e-7
t6826,-1.5047415577442481e-7,-3.816621778203625e-8,-2.1503177961866522e-7,-4.021630460857377e-7
t6827,-1.2075572206447943e-7,-2.1371461650494815e-8,-1.7604702526720607e-7,-3.325974287878838e-7
t6828,-1.103858720380258e-7,-1.606995865889148e-8,-1.6117260552793402e-7,-3.04687029037535e-7
t6829,-1.019975096161006e-7,-1.4247256376346695e-8,-1.5113092750242358e-7,-2.8817894270043373e-7
t6830,-1.0382704115639707e-7,-1.6302858275829316e-8,-1.546272825847501e-7,-2.9728506521820244e-7
t6831,-1.1436845657959331e-7,-2.2772307876717216e-8,-1.6880529246068757e-7,-3.291190295755888e-7
t6832,-1.31505496324012e-7,-4.228359042379989e-8,-1.870883849736143e-7,-3.506083559867295e-7
t6833,-1.8565781953760272e-7,-1.1939124218906299e-7,-2.3634500984641098e-7,-3.9263199616939995e-7
t6834,-5.502391834099224e-7,-5.930050962421433e-7,-5.69471823954577e-7,-6.691307719797681e-7
t6835,-2.1627788096354407e-6,-2.665796666224818e-6,-2.061597684591591e-6,-1.9912075351746887e-6
t6836,-2.341156699216853e-6,-2.881042376812958e-6,-2.227750717666543e-6,-2.14322815730546e-6
t6837,-2.4350705142510654e-6,-2.9911723144733716e-6,-2.314076866798376e-6,-2.2227676518292793e-6
t6838,-2.519294163520229e-6,-3.0880499202966857e-6,-2.387116863374129e-6,-2.2870508102471487e-6
t6839,-2.629546193175403e-6,-3.21575754172788e-6,-2.4824362032176924e-6,-2.3670855475911684e-6
t6840,-2.8079523371733066e-6,-3.4205429780406957e-6,-2.6412865164412455e-6,-2.502334179307137e-6
t6841,-3.0305395571211535e-6,-3.6774998212154623e-6,-2.8443191413467887e-6,-2.682711922011951e-6
t6842,-3.291195765225132e-6,-3.974880840156556e-6,-3.084322581387012e-6,-2.8913734080322835e-6
t6843,-3.5196036777534373e-6,-4.2358845723594265e-6,-3.2948244839268194e-6,-3.079105096668011e-6
t6844,-3.6351437612588507e-6,-4.372335401249464e-6,-3.4054251169143006e-6,-3.1825698822093468e-6
t6845,-3.5964409437075334e-6,-4.3450286532346675e-6,-3.380299134459395e-6,-3.1738790028325475e-6
t6846,-3.3806031738989144e-6,-4.104483044954494e-6,-3.188290645631452e-6,-3.010237457216367e-6
t6847,-2.885806262692405e-6,-3.5263389010940816e-6,-2.737485759163768e-6,-2.6194597376379132e-6
t6848,-6.47032293138162e-7,-6.775501807848362e-7,-6.775331595388179e-7,-8.087828951071048e-7
t6849,-2.392335097790473e-7,-1.4406685203132276e-7,-3.0733095671255896e-7,-5.060198034592122e-7
t6850,-1.7405920324556854e-7,-5.381322571586282e-8,-2.4550449741578923e-7,-4.483752632954679e-7
t6851,-1.335985945043254e-7,-2.6970110903387387e-8,-1.9485946106494081e-7,-3.649711105957082e-7
t6852,-1.1607744520582767e-7,-1.842427175111309e-8,-1.7069980775877365e-7,-3.227157750984146e-7
t6853,-1.0663009875583957e-7,-1.6169465944933995e-8,-1.5894019697770288e-7,-3.0214535616011043e-7
t6854,-1.1037821816619703e-7,-1.8736390068857083e-8,-1.6426059553032937e-7,-3.152765332959831e-7
t6855,-1.2580686545252708e-7,-3.016997011112533e-8,-1.831277993453688e-7,-3.4821876793608857e-7
t6856,-1.470262484673648e-7,-5.978093485758625e-8,-2.036564999570067e-7,-3.665375317280641e-7
t6857,-2.2319303708333024e-7,-1.677840059998786e-7,-2.698309380781554e-7,-4.23311359714243e-7
t6858,-5.871477845641411e-7,-6.393870028241957e-7,-6.044478141983887e-7,-7.018644477513986e-7
t6859,-1.4235656097295341e-6,-1.743553741655992e-6,-1.3823698964179336e-6,-1.3920390960943969e-6
t6860,-1.3854271383307288e-6,-1.6911812120838699e-6,-1.3480820395008788e-6,-1.3630639052744414e-6
t6861,-1.3701218816383277e-6,-1.667114833691738e-6,-1.3353316425315146e-6,-1.3541492256520451e-6
t6862,-1.4178428877577123e-6,-1.730278516603403e-6,-1.377677977578484e-6,-1.389845227851021e-6
t6863,-1.4993080270113718e-6,-1.8379180635527839e-6,-1.450028073021286e-6,-1.4513054518845573e-6
t6864,-1.5621150224226287e-6,-1.9280074281039486e-6,-1.50074177226043e-6,-1.4868493431685533e-6
t6865,-1.7207083429312317e-6,-2.126695595502956e-6,-1.6448370903853701e-6,-1.6132618949384413e-6
t6866,-1.9707795316096463e-6,-2.434813909950544e-6,-1.8716179455189815e-6,-1.8108338944590942e-6
t6867,-2.435210615381835e-6,-2.9894602789139545e-6,-2.29729460456675e-6,-2.1877561587123115e-6
t6868,-2.8453911294184417e-6,-3.4682362296715897e-6,-2.67860770998399e-6,-2.527090517749592e-6
t6869,-3.0315404605333825e-6,-3.686899372556984e-6,-2.8565622183564707e-6,-2.6903494182755523e-6
t6870,-2.955806740997063e-6,-3.5992782437579983e-6,-2.7918919730938456e-6,-2.637292467359236e-6
t6871,-2.6274694690758102e-6,-3.2132961946368427e-6,-2.492732248197171e-6,-2.382320352227562e-6
t6872,-5.549484570452644e-7,-5.650616583729817e-7,-5.870086847726397e-7,-7.188318165142811e-7
t6873,-2.2222589168582365e-7,-1.2749693317898258e-7,-2.858311688439514e-7,-4.737888976391567e-7
t6874,-1.6777432157680832e-7,-5.16381049702812e-8,-2.3314056852266653e-7,-4.289209792586016e-7
t6875,-1.3534696789543544e-7,-2.9498047159545586e-8,-1.9539651970088608e-7,-3.678923493544411e-7
t6876,-1.1962855339537048e-7,-2.19458229898397e-8,-1.7408478070076392e-7,-3.3038082694091454e-7
t6877,-1.1149613715405419e-7,-2.0068502777925808e-8,-1.6478902052949102e-7,-3.1503720333904475e-7
t6878,-1.1323067068942248e-7,-2.1784261982648308e-8,-1.683410148085733e-7,-3.25773779757574e-7
t6879,-1.230647696185017e-7,-3.0319343613663553e-8,-1.797327303653545e-7,-3.431584746786551e-7
t6880,-1.5001796425848369e-7,-6.84758566133979e-8,-2.0572596953034985e-7,-3.6494388227341687e-7
t6881,-2.4642049976436805e-7,-2.0262035154563742e-7,-2.8984207773666484e-7,-4.3315126255971536e-7
t6882,-9.326586909004489e-7,-1.105630860123479e-6,-9.262115289239592e-7,-9.789887321952105e-7
t6883,-2.9618077104322273e-6,-3.608213180352237e-6,-2.7938617926185707e-6,-2.621651089530479e-6
t6884,-3.30041176136797e-6,-3.998706649341832e-6,-3.1080091112028816e-6,-2.902140675627686e-6
t6885,-3.567294817695727e-6,-4.30622527935024e-6,-3.358891435788683e-6,-3.1259681876066794e-6
t6886,-3.873119899815807e-6,-4.647154224444989e-6,-3.641563048549331e-6,-3.3717690999998723e-6
t6887,-4.180714070042973e-6,-4.972170409671909e-6,-3.9184453243776066e-6,-3.6091237071163874e-6
t6888,-4.284031335419418e-6,-5.078048432957954e-6,-4.010615647118193e-6,-3.687096696766289e-6
t6889,-4.21622618350416e-6,-5.011612442375791e-6,-3.948544340271932e-6,-3.6352414340553554e-6
t6890,-4.217996705484367e-6,-5.010317528051098e-6,-3.948455713753236e-6,-3.636776081662016e-6
t6891,-4.239537792102033e-6,-5.034284568787921e-6,-3.972953284089584e-6,-3.654887585013648e-6
t6892,-4.165207191041929e-6,-4.959239688931402e-6,-3.906391689255755e-6,-3.600104082359434e-6
t6893,-3.953149924967371e-6,-4.731649388393012e-6,-3.7116281255147606e-6,-3.437995955723394e-6
t6894,-3.639291081172331e-6,-4.3855593112910815e-6,-3.4233631400711108e-6,-3.193672197731389e-6
t6895,-3.2517900591925725e-6,-3.946062510972876e-6,-3.068259660047379e-6,-2.887159506933602e-6
t6896,-9.923464974417777e-7,-1.146886628141662e-6,-9.940092203605467e-7,-1.064844344951021e-6
t6897,-3.1930373704850096e-7,-2.6636860869949024e-7,-3.718903698559143e-7,-5.363266454688615e-7
t6898,-2.0085354458307564e-7,-9.344605094670285e-8,-2.699623537135017e-7,-4.6163733556889657e-7
t6899,-1.6383641706903775e-7,-4.748754091722429e-8,-2.3423366603781654e-7,-4.299621529783444e-7
t6900,-1.4086020025788507e-7,-3.1848782295192186e-8,-2.0733860711876263e-7,-3.883003540321717e-7
t6901,-1.3145470981266325e-7,-2.7800608384650863e-8,-1.95207168675819e-7,-3.7034738889648647e-7
t6902,-1.3361447995222683e-7,-3.127906727093335e-8,-1.9795235402929258e-7,-3.72412123801278e-7
t6903,-1.4622478928762044e-7,-4.4338628703605035e-8,-2.1052302835680028e-7,-3.868058472187501e-7
t6904,-1.707538282446311e-7,-8.174884430081908e-8,-2.332438064786046e-7,-4.0486212198687555e-7
t6905,-2.693937347766653e-7,-2.1778807941911168e-7,-3.1961801523470134e-7,-4.7493659187744843e-7
t6906,-7.860544939876815e-7,-8.876870991041545e-7,-7.969185107260387e-7,-8.814615585129762e-7
t6907,-1.9274114187928043e-6,-2.3706229522306895e-6,-1.8516067797916293e-6,-1.8238054284652267e-6
t6908,-1.8594294501743419e-6,-2.284131755128782e-6,-1.7901401138847724e-6,-1.7719515565007207e-6
t6909,-1.7814226152121159e-6,-2.182570879863171e-6,-1.719813690390788e-6,-1.711519006002345e-6
t6910,-1.7076775211217566e-6,-2.0901443600706795e-6,-1.6482595470591386e-6,-1.6429698394892587e-6
t6911,-1.6721398775212327e-6,-2.049210412062343e-6,-1.609728502361046e-6,-1.600091450281267e-6
t6912,-1.7126986192648506e-6,-2.0999862687231997e-6,-1.6445797089500298e-6,-1.6290583940211992e-6
t6913,-1.812037327653112e-6,-2.223175826279176e-6,-1.735248801328861e-6,-1.709176911441965e-6
t6914,-1.9526671779595467e-6,-2.397860378849435e-6,-1.8633223126357766e-6,-1.8214382288758863e-6
t6915,-2.0874852368102066e-6,-2.5629870523445373e-6,-1.9859140289003642e-6,-1.9283787887736674e-6
t6916,-2.157421164456085e-6,-2.6483573732338656e-6,-2.05155143431917e-6,-1.987549080384632e-6
t6917,-2.1586647067900427e-6,-2.64833005717177e-6,-2.054768301072312e-6,-1.994831586164712e-6
t6918,-2.0355364128898528e-6,-2.4966426942852867e-6,-1.947768588880793e-6,-1.9050896291982245e-6
t6919,-1.7282483505948404e-6,-2.110638428418209e-6,-1.6693242667733832e-6,-1.663234860641379e-6
t6920,-3.891475349732786e-7,-3.6101718061686707e-7,-4.333518523489095e-7,-5.810866043114548e-7
t6921,-1.7925602359284514e-7,-7.691222814983583e-8,-2.4785655105298914e-7,-4.342530198044582e-7
t6922,-1.328706136220814e-7,-2.875341029706125e-8,-1.9737162271203938e-7,-3.676522189993745e-7
t6923,-1.1426213110508421e-7,-1.676288631317091e-8,-1.7149214540961723e-7,-3.169888198494288e-7
t6924,-1.0856697575050461e-7,-1.3269712469452668e-8,-1.6464267937531403e-7,-3.0759781219088087e-7
t6925,-1.0333286877186503e-7,-1.1394632238481791e-8,-1.5807095128531055e-7,-2.9663704853562507e-7
t6926,-1.021961372132374e-7,-1.1789096333167347e-8,-1.5604546950700425e-7,-2.922207951776884e-7
t6927,-1.0736287440038157e-7,-1.542443296820078e-8,-1.6184823186504852e-7,-3.0246251394746626e-7
t6928,-1.330453932207365e-7,-2.7579737545567944e-8,-1.9800165962348368e-7,-3.7848342293164324e-7
t6929,-1.6987800769139414e-7,-6.83868933351083e-8,-2.366550708022906e-7,-4.214372917056208e-7
t6930,-3.2082540573504244e-7,-2.7684634187752657e-7,-3.6995222613115466e-7,-5.316134681748014e-7
t6931,-7.777945621013298e-7,-8.673156085076761e-7,-7.928869599456271e-7,-8.896867093711611e-7
t6932,-7.064383567119625e-7,-7.71977864790518e-7,-7.260854450446968e-7,-8.307580715455707e-7
t6933,-6.66245936957335e-7,-7.175486760287955e-7,-6.887952915807707e-7,-7.970569712637873e-7
t6934,-6.579813718717306e-7,-7.152979969511472e-7,-6.777397788363644e-7,-7.777219260291595e-7
t6935,-6.791380277187335e-7,-7.526720137758005e-7,-6.938379413883784e-7,-7.804913260536332e-7
t6936,-7.324512880292626e-7,-8.278500994749668e-7,-7.418037974196964e-7,-8.18294760557048e-7
t6937,-8.225753146396394e-7,-9.499817826895547e-7,-8.242166353141476e-7,-8.887497246543904e-7
t6938,-9.163107713589595e-7,-1.0759058733772828e-6,-9.103400257530097e-7,-9.648142284815145e-7
t6939,-9.730860931602534e-7,-1.1497046273588664e-6,-9.63256890689809e-7,-1.012944744352694e-6
t6940,-9.398338583099609e-7,-1.0991000939877446e-6,-9.351614569365509e-7,-9.93237713591893e-7
t6941,-8.381120110458705e-7,-9.56740624671679e-7,-8.435153779802195e-7,-9.157335512220979e-7
t6942,-7.555589521172759e-7,-8.416280673966633e-7,-7.687496400179508e-7,-8.542797054973324e-7
t6943,-6.87265250341699e-7,-7.473069838607099e-7,-7.073749227696886e-7,-8.04511750708253e-7
t6944,-2.7200551545526104e-7,-2.101382875849137e-7,-3.282212219513823e-7,-4.933991576028301e-7
t6945,-1.6360224633814302e-7,-5.805838968054963e-8,-2.324501487700562e-7,-4.1590596222403094e-7
t6946,-1.2395215396868236e-7,-2.2295263819094e-8,-1.8624999221382448e-7,-3.507978356944888e-7
t6947,-1.0253162629760223e-7,-1.2248103485944117e-8,-1.5577185998191915e-7,-2.951249524782153e-7
t6948,-9.636720473135248e-8,-9.106248556151543e-9,-1.4598056339716104e-7,-2.799414816304735e-7
t6949,-8.812468046747961e-8,-6.849293488102036e-9,-1.3510032288185324e-7,-2.6143793197768127e-7
t6950,-8.892855123311384e-8,-8.180799279933304e-9,-1.3663908542985506e-7,-2.6589124080689365e-7
t6951,-1.0157695568160989e-7,-1.3912728984437707e-8,-1.5492201700126425e-7,-3.056689839317915e-7
t6952,-1.2111665535966322e-7,-3.234756099825745e-8,-1.7692270796056434e-7,-3.321513213124442e-7
t6953,-1.661998583205357e-7,-9.772705111202854e-8,-2.176986966426628e-7,-3.674221576461567e-7
t6954,-3.8391178506712865e-7,-3.8274803473447436e-7,-4.1240351898803727e-7,-5.248420145966923e-7
t6955,-8.416436046155572e-7,-9.89279731290995e-7,-8.38766477653233e-7,-9.003184939329127e-7
t6956,-9.618539740084868e-7,-1.145086457402942e-6,-9.514577646751071e-7,-1.0021755323825062e-6
t6957,-1.0742857142016945e-6,-1.2900312625307812e-6,-1.0566606809165352e-6,-1.096639540662197e-6
t6958,-1.2209193450701312e-6,-1.4815785488392632e-6,-1.1919801477490307e-6,-1.2163666027394986e-6
t6959,-1.391447819097073e-6,-1.7075122046845913e-6,-1.3459172945106859e-6,-1.3484271895481698e-6
t6960,-1.5057417045348076e-6,-1.8586962484079923e-6,-1.4464018077198367e-6,-1.4327123884828392e-6
t6961,-1.6529947072543503e-6,-2.0431865923871473e-6,-1.5808781362349026e-6,-1.55258300935777e-6
t6962,-1.7398282521584225e-6,-2.1508722709091256e-6,-1.6600847460393645e-6,-1.6229742084403114e-6
t6963,-1.7738601813382731e-6,-2.1871859335667274e-6,-1.6947886668532775e-6,-1.6586647727864703e-6
t6964,-1.6834780216140439e-6,-2.06772372028672e-6,-1.6174509211281105e-6,-1.5986377981473561e-6
t6965,-1.4550705247014903e-6,-1.7703628273814742e-6,-1.4128630135325119e-6,-1.4224183839026438e-6
t6966,-1.2291259190173651e-6,-1.4693668022057332e-6,-1.2083482508280355e-6,-1.2458123780108522e-6
t6967,-9.694117173316795e-7,-1.1219804669717358e-6,-9.693422137859952e-7,-1.0375601130935693e-6
t6968,-3.569061943594554e-7,-3.179917552472613e-7,-4.0153494211334725e-7,-5.540687109611934e-7
t6969,-1.8827223680882593e-7,-8.955800482987979e-8,-2.5257155196038666e-7,-4.3576225095126976e-7
t6970,-1.489017717143822e-7,-3.4097735883900384e-8,-2.1445127938497642e-7,-4.0257885614886083e-7
t6971,-1.1511476898167069e-7,-1.4992414898521055e-8,-1.7182088278890746e-7,-3.335510664005526e-7
t6972,-1.0408568394092284e-7,-1.0751880292249727e-8,-1.5591077075801128e-7,-3.0238017727748666e-7
t6973,-1.022594194278331e-7,-1.158410940290464e-8,-1.547323431406e-7,-3.024089383198153e-7
t6974,-1.1034343371702217e-7,-1.7199281393273702e-8,-1.6601662732427565e-7,-3.238509809583776e-7
t6975,-1.2366669197899285e-7,-3.2030757467731226e-8,-1.8020215172196362e-7,-3.38790722167488e-7
t6976,-1.4959276207807528e-7,-6.933038641717672e-8,-2.0414847770061032e-7,-3.608133116327327e-7
t6977,-2.4098976845705643e-7,-1.940862123487317e-7,-2.8450361234405384e-7,-4.2490125340810767e-7
t6978,-6.718037550057882e-7,-7.552370206025504e-7,-6.823850268790477e-7,-7.583251486156923e-7
t6979,-1.5549890049883312e-6,-1.9166347149958727e-6,-1.4988173664166426e-6,-1.4848106348224372e-6
t6980,-1.6686402536082518e-6,-2.0581513981650716e-6,-1.6041650043344621e-6,-1.5811561244659713e-6
t6981,-1.7756142485542435e-6,-2.1907901493736042e-6,-1.7045856122371096e-6,-1.672586208523419e-6
t6982,-1.9539006117696724e-6,-2.411325037145511e-6,-1.8662017864862335e-6,-1.8153892570758166e-6
t6983,-2.1263957366933374e-6,-2.624240134711681e-6,-2.017984752724467e-6,-1.943405174646555e-6
t6984,-2.190892730570895e-6,-2.7007320246605925e-6,-2.0694108357045964e-6,-1.980476167059066e-6
t6985,-2.362978454036328e-6,-2.9037715971371734e-6,-2.2263699876559436e-6,-2.1181908124904745e-6
t6986,-2.473305938119032e-6,-3.0343502351709276e-6,-2.3293355414048135e-6,-2.210836449607883e-6
t6987,-2.3197219754682387e-6,-2.8515058727122635e-6,-2.1915257208200954e-6,-2.0966266545758146e-6
t6988,-1.908004755745266e-6,-2.3474658337397427e-6,-1.82292211650813e-6,-1.7836930845449692e-6
t6989,-1.4096209898480174e-6,-1.707809418856372e-6,-1.3722381699767603e-6,-1.391034933527473e-6
t6990,-1.074816882254651e-6,-1.2623615441963876e-6,-1.066272705003663e-6,-1.1241522669955047e-6
t6991,-8.532577057449915e-7,-9.647184200827714e-7,-8.61942330961584e-7,-9.460908051583658e-7
t6992,-3.6243934400663625e-7,-3.2269262579037113e-7,-4.086145255331427e-7,-5.681176161482535e-7
t6993,-1.9828377480242243e-7,-1.0073677058461817e-7,-2.6387212130719456e-7,-4.503901691455583e-7
t6994,-1.6049035686642494e-7,-4.285277593654651e-8,-2.283153268734131e-7,-4.199561786717337e-7
t6995,-1.3036647351920357e-7,-2.2285633818185587e-8,-1.9188775299158336e-7,-3.7095312912822813e-7
t6996,-1.11283458375063e-7,-1.3975574296205352e-8,-1.6588078989888677e-7,-3.201248503474656e-7
t6997,-1.0045609617986946e-7,-1.0813533330787446e-8,-1.522700544288401e-7,-2.965753006565913e-7
t6998,-1.0056138864051075e-7,-1.1538510204766135e-8,-1.5240070047320632e-7,-3.0189437463333913e-7
t6999,-1.0932972531803695e-7,-1.737232564476175e-8,-1.6397528890103857e-7,-3.243582958731951e-7
t7000,-1.23412702211493e-7,-3.4068455847471294e-8,-1.7885626695788135e-7,-3.3844893141566686e-7
t7001,-1.614694039617506e-7,-8.858406478631314e-8,-2.131938717444647e-7,-3.67872942060411e-7
t7002,-3.351304849028932e-7,-3.169932028237223e-7,-3.676836649362631e-7,-4.901176151562202e-7
t7003,-6.968084586345312e-7,-7.896823641921301e-7,-7.047448075513664e-7,-7.798901406839384e-7
t7004,-7.609322670811487e-7,-8.716933599634367e-7,-7.655698007011667e-7,-8.348676789245432e-7
t7005,-8.251139356463641e-7,-9.526801157752366e-7,-8.267691127498946e-7,-8.925890425581031e-7
t7006,-8.476165687863262e-7,-9.841654556714278e-7,-8.470961263859509e-7,-9.081884993763795e-7
t7007,-7.972020431162245e-7,-9.246954462797793e-7,-7.979767374089324e-7,-8.605459097946325e-7
t7008,-7.375034269304467e-7,-8.496407248920525e-7,-7.412444725385602e-7,-8.072804110182842e-7
t7009,-6.910497842379304e-7,-7.872376285981476e-7,-6.980323477138148e-7,-7.685920786644402e-7
t7010,-6.582283440294266e-7,-7.429643997851665e-7,-6.677102472330803e-7,-7.42681182688722e-7
t7011,-6.315130190822498e-7,-7.016938121135706e-7,-6.445690421850574e-7,-7.256837492202918e-7
t7012,-5.903212274163621e-7,-6.404916420082662e-7,-6.088200260558942e-7,-7.012391638228372e-7
t7013,-5.594918467397625e-7,-5.878319750236332e-7,-5.841965216120978e-7,-6.922599891425603e-7
t7014,-5.127427017473521e-7,-5.218878792369376e-7,-5.42900691830282e-7,-6.634074898421975e-7
t7015,-4.6160499512826574e-7,-4.5169163151877706e-7,-4.971468065723444e-7,-6.308989530119196e-7
t7016,-2.6689003393953084e-7,-1.974869241345553e-7,-3.23703719220617e-7,-5.001525388845299e-7
t7017,-1.7755448345451357e-7,-6.72359866746116e-8,-2.450570635858775e-7,-4.3385267303910014e-7
t7018,-1.4747253991251316e-7,-2.866185318439818e-8,-2.1446101205765575e-7,-4.0518258639405666e-7
t7019,-1.222881088855767e-7,-1.6905300145213285e-8,-1.8177602999367163e-7,-3.521141605273481e-7
t7020,-1.14574475990471e-7,-1.4177693224557306e-8,-1.698152777298249e-7,-3.313876358125011e-7
t7021,-1.1211167454500167e-7,-1.4650322673423864e-8,-1.6795489908107953e-7,-3.292730213151297e-7
t7022,-1.1615631798618896e-7,-1.861652114367168e-8,-1.7306022898131673e-7,-3.3781891510440854e-7
t7023,-1.2576236127003913e-7,-3.029772650895072e-8,-1.8225666122045134e-7,-3.448329349327104e-7
t7024,-1.5235897441413003e-7,-6.384192255256955e-8,-2.0848677145838416e-7,-3.704341843109007e-7
t7025,-2.1377962010817847e-7,-1.501308543869103e-7,-2.624955002965099e-7,-4.1274324457021246e-7
t7026,-4.1685788283523953e-7,-4.1195213186744065e-7,-4.45956002040236e-7,-5.574086497183345e-7
t7027,-6.715396831836726e-7,-7.467117605172062e-7,-6.832352308381146e-7,-7.634746253793422e-7
t7028,-6.848897215283658e-7,-7.607295931293013e-7,-6.967686553508921e-7,-7.773976304524483e-7
t7029,-7.18947087912285e-7,-8.027305690114072e-7,-7.295717185602343e-7,-8.099893985906786e-7
t7030,-7.736150739191163e-7,-8.759327119783395e-7,-7.808280370388473e-7,-8.540107074779356e-7
t7031,-8.815958495523199e-7,-1.0240236394517658e-6,-8.799724890504999e-7,-9.399592888742989e-7
t7032,-1.021627396277779e-6,-1.2238786515743697e-6,-1.0052107163099148e-6,-1.0422600126780947e-6
t7033,-1.2324046994138358e-6,-1.4996961764697483e-6,-1.1991573291807473e-6,-1.2157186987048965e-6
t7034,-1.4182869811000676e-6,-1.739908550919893e-6,-1.3692835367373915e-6,-1.366637029481942e-6
t7035,-1.4967415742344056e-6,-1.835095753861397e-6,-1.44275340431059e-6,-1.4350438026918733e-6
t7036,-1.4290946780984542e-6,-1.7407135354750298e-6,-1.3860091165600594e-6,-1.3913434720450036e-6
t7037,-1.2452549936593004e-6,-1.4952786814334896e-6,-1.2204616292397618e-6,-1.2498433459244228e-6
t7038,-1.076502597836423e-6,-1.266511628618437e-6,-1.0671523491115656e-6,-1.1175797891840157e-6
t7039,-9.294999335509255e-7,-1.0661588078341026e-6,-9.327546493387534e-7,-1.0011117066443921e-6
t7040,-4.533528947660641e-7,-4.3820690233429335e-7,-4.900374946688364e-7,-6.272445139872804e-7
t7041,-2.3558034236848076e-7,-1.5400155844235082e-7,-2.949258987654582e-7,-4.7476108256472195e-7
t7042,-1.882801320418607e-7,-8.051863074627134e-8,-2.5338491067506973e-7,-4.4298318021287437e-7
t7043,-1.6600615065096067e-7,-5.625451151249325e-8,-2.298958558476323e-7,-4.168889028516312e-7
t7044,-1.553593515220681e-7,-4.780425727864037e-8,-2.1730426151003117e-7,-4.0017871272302077e-7
t7045,-1.4543240837380877e-7,-4.801234228518322e-8,-2.0337053095748198e-7,-3.7700011189111083e-7
t7046,-1.4565361139612613e-7,-5.7256965796392586e-8,-2.0126221345600553e-7,-3.66125529001021e-7
t7047,-1.5719647955997691e-7,-7.946949744054097e-8,-2.1106968619541455e-7,-3.706106871766221e-7
t7048,-1.839050427025926e-7,-1.1978610926992556e-7,-2.3450048561121016e-7,-3.87216826725781e-7
t7049,-2.9400171987059603e-7,-2.6411086236992195e-7,-3.317303439265944e-7,-4.6316837751506377e-7
t7050,-7.341954891304318e-7,-8.402333310384577e-7,-7.405456599329802e-7,-8.100417818556769e-7
t7051,-1.363401867998383e-6,-1.6700440547372495e-6,-1.322957098366834e-6,-1.3304597980678635e-6
t7052,-1.392688362278685e-6,-1.705024149744397e-6,-1.3511907808387232e-6,-1.3574158664281619e-6
t7053,-1.4890799947448212e-6,-1.8216213064081403e-6,-1.442857442621063e-6,-1.4446815658952523e-6
t7054,-1.6548442358135318e-6,-2.0332026864561595e-6,-1.5930815273480584e-6,-1.5763964898586876e-6
t7055,-1.862297342588848e-6,-2.2951006494752045e-6,-1.77901841387024e-6,-1.7352575605410886e-6
t7056,-1.997877013970544e-6,-2.4616266113986204e-6,-1.902150093106418e-6,-1.8439003278020443e-6
t7057,-2.0415416400536012e-6,-2.5131230856363334e-6,-1.943187268982361e-6,-1.8827754272208684e-6
t7058,-2.059332940009406e-6,-2.53308895922321e-6,-1.95952419647332e-6,-1.898266695444396e-6
t7059,-1.9978500728885957e-6,-2.456585102540685e-6,-1.9059994330113352e-6,-1.853828865952353e-6
t7060,-1.8526591928063182e-6,-2.273518795287497e-6,-1.7747124128190053e-6,-1.741884498168548e-6
t7061,-1.6486028958613946e-6,-2.012823766973884e-6,-1.5927713134013982e-6,-1.585464982825295e-6
t7062,-1.4466852641743932e-6,-1.7488005553311165e-6,-1.4105173273974308e-6,-1.4283506136254532e-6
t7063,-1.2561449921874536e-6,-1.4974540338262284e-6,-1.236712771970817e-6,-1.277131279783473e-6
t7064,-5.761596876373317e-7,-5.992125208915442e-7,-6.043313753211192e-7,-7.226038005850138e-7
t7065,-2.691186277213993e-7,-2.0296885646238467e-7,-3.2575797355561913e-7,-4.971529489508137e-7
t7066,-1.9552099886678286e-7,-8.931185929926458e-8,-2.6404975893544774e-7,-4.5660512599447455e-7
t7067,-1.6714438548068884e-7,-5.0015471408044374e-8,-2.376046539357514e-7,-4.316709584416046e-7
t7068,-1.5343099354234121e-7,-3.883814999732931e-8,-2.2299851407030522e-7,-4.1514039156506705e-7
t7069,-1.4900047338637142e-7,-4.107256231696284e-8,-2.1526940720564794e-7,-3.9955763281147847e-7
t7070,-1.531149622498421e-7,-5.263833916992233e-8,-2.1793632271680492e-7,-3.9857860991656037e-7
t7071,-1.6373389192945738e-7,-7.162557272702974e-8,-2.2711217416678476e-7,-4.024178064126775e-7
t7072,-1.956868642561592e-7,-1.19204765253143e-7,-2.564288333466655e-7,-4.2494839795172814e-7
t7073,-2.967695381322727e-7,-2.54236800946185e-7,-3.44796610654024e-7,-4.939399220199205e-7
t7074,-6.80626802729683e-7,-7.476900749357954e-7,-6.990086034846848e-7,-7.928458498608358e-7
t7075,-1.0266455374116563e-6,-1.203871337883852e-6,-1.0211219920713716e-6,-1.0809203785654573e-6
t7076,-8.43076780275661e-7,-9.57918762316399e-7,-8.508940044988872e-7,-9.298208058766881e-7
t7077,-6.652338970679869e-7,-7.217989395537098e-7,-6.850912413704678e-7,-7.827310516813109e-7
t7078,-5.460488549172523e-7,-5.709659098736733e-7,-5.726594490546671e-7,-6.816527504752714e-7
t7079,-4.80996884202164e-7,-4.949791662313709e-7,-5.097086028040501e-7,-6.192466317750158e-7
t7080,-4.5967325651831713e-7,-4.7029244532066305e-7,-4.890908909490738e-7,-5.982761952157924e-7
t7081,-4.777565896762344e-7,-4.936088916362999e-7,-5.060974362489104e-7,-6.145704059380071e-7
t7082,-5.065633076837049e-7,-5.309813526940696e-7,-5.327566815525971e-7,-6.37792747323279e-7
t7083,-5.399475995628724e-7,-5.737840770918952e-7,-5.639064551260848e-7,-6.659594028840909e-7
t7084,-5.472552955935145e-7,-5.801755201962454e-7,-5.721470320561115e-7,-6.764797484848775e-7
t7085,-5.318752289482877e-7,-5.559798182058773e-7,-5.594820917377108e-7,-6.705796946464576e-7
t7086,-4.95065094064135e-7,-5.032121163154969e-7,-5.278309262535461e-7,-6.500037445489146e-7
t7087,-4.594478116370928e-7,-4.531486030954941e-7,-4.968368955125548e-7,-6.297908973934198e-7
t7088,-3.298442593230733e-7,-2.838692464519996e-7,-3.8177888957953816e-7,-5.466881063935323e-7
t7089,-2.2701632402108345e-7,-1.444715215742939e-7,-2.945956849730869e-7,-4.810750330248703e-7
t7090,-1.9010495524420695e-7,-7.721303175687236e-8,-2.659142268082313e-7,-4.6703600368436777e-7
t7091,-1.7214076352592706e-7,-4.879759424113898e-8,-2.4827457874091583e-7,-4.5203316932587963e-7
t7092,-1.6406018520267387e-7,-4.1596612222709904e-8,-2.3951098395026464e-7,-4.4186628074807105e-7
t7093,-1.6217849865907953e-7,-4.410816782775276e-8,-2.3589295189869374e-7,-4.354062584894235e-7
t7094,-1.6716356730170087e-7,-5.5899135455197335e-8,-2.401502851773788e-7,-4.354187233550915e-7
t7095,-1.837531817023994e-7,-8.309095047403384e-8,-2.5550584346589485e-7,-4.485670182447986e-7
t7096,-2.3306978751698413e-7,-1.5828675638525854e-7,-2.9608583343130475e-7,-4.776910435138874e-7
t7097,-3.636963578291866e-7,-3.300322107146756e-7,-4.101422036981068e-7,-5.664711190297986e-7
t7098,-6.321039086273196e-7,-6.743027300699534e-7,-6.575149910581364e-7,-7.713094870814878e-7
t7099,-7.188665730520669e-7,-7.868412792187537e-7,-7.383661856081841e-7,-8.41733559269641e-7
t7100,-6.30190444896804e-7,-6.697490247043869e-7,-6.558632100779038e-7,-7.716292523680861e-7
t7101,-5.523110071542374e-7,-5.682206226424051e-7,-5.831409184744452e-7,-7.090269440841579e-7
t7102,-4.856821059811719e-7,-4.916534161190063e-7,-5.181406942710001e-7,-6.412153683339656e-7
t7103,-4.4235277822875264e-7,-4.4600593632424896e-7,-4.744054431263715e-7,-5.921109657097678e-7
t7104,-4.3402761634380015e-7,-4.4086084961218793e-7,-4.643733062616325e-7,-5.76467364052695e-7
t7105,-4.424687614458826e-7,-4.533183225950681e-7,-4.715078988989912e-7,-5.816624310485159e-7
t7106,-4.5970106294790955e-7,-4.746352181003807e-7,-4.880642507901383e-7,-5.964667090122855e-7
t7107,-4.82986324359108e-7,-5.02600521299848e-7,-5.10723485201728e-7,-6.173265547325985e-7
t7108,-4.931226934228684e-7,-5.106493338260912e-7,-5.219374078686604e-7,-6.325738888941426e-7
t7109,-5.022325850695917e-7,-5.158901295386165e-7,-5.331363611254544e-7,-6.493122274169442e-7
t7110,-4.816702683447195e-7,-4.834021114519405e-7,-5.163441446122147e-7,-6.416379346126221e-7
t7111,-4.442696883060694e-7,-4.3143797864245737e-7,-4.840333002765021e-7,-6.207823464202956e-7
t7112,-3.044023906984938e-7,-2.4961535529874637e-7,-3.597818316238303e-7,-5.300969809634258e-7
t7113,-2.0367984431794043e-7,-1.1092731422675719e-7,-2.7266844552188907e-7,-4.602032416486476e-7
t7114,-1.655041158294507e-7,-5.106687776734105e-8,-2.3617289872730924e-7,-4.3077856943561877e-7
t7115,-1.3877276285943711e-7,-2.850802012524502e-8,-2.0559143334374128e-7,-3.9393640993283155e-7
t7116,-1.2387942179474112e-7,-2.0401139566377838e-8,-1.8530704921231185e-7,-3.608143562304915e-7
t7117,-1.1912942249603769e-7,-2.1642232317932143e-8,-1.780087567958962e-7,-3.507952022641161e-7
t7118,-1.1748628681210297e-7,-2.4334677266963333e-8,-1.7399056938162573e-7,-3.4110952414524157e-7
t7119,-1.2208846574766872e-7,-3.463428300602762e-8,-1.7819618997766574e-7,-3.4286995823967195e-7
t7120,-1.359177736170853e-7,-5.770624263524676e-8,-1.908196376101073e-7,-3.519844552087598e-7
t7121,-1.8705950064344717e-7,-1.3131236666742105e-7,-2.3548644031426492e-7,-3.880990274884506e-7
t7122,-3.9167465048875537e-7,-3.9343471955826307e-7,-4.1925773220090763e-7,-5.320691194960339e-7
t7123,-6.218187915460789e-7,-6.933292376082422e-7,-6.341058349875354e-7,-7.13855387072514e-7
t7124,-5.89398029394924e-7,-6.464810753524122e-7,-6.044978807469687e-7,-6.899772179390676e-7
t7125,-5.744248265010175e-7,-6.227614350520902e-7,-5.916567750164758e-7,-6.806909796570658e-7
t7126,-5.73813159189414e-7,-6.220076394298511e-7,-5.912444698285352e-7,-6.798147555253418e-7
t7127,-5.661222708977058e-7,-6.160127599480456e-7,-5.830367814624216e-7,-6.697202155347378e-7
t7128,-5.487316944407225e-7,-5.991034623707074e-7,-5.654044594507236e-7,-6.492579821094944e-7
t7129,-5.340251712981979e-7,-5.786345193081617e-7,-5.522114234275145e-7,-6.382543530676294e-7
t7130,-5.042118292033835e-7,-5.384753726013359e-7,-5.249094078786122e-7,-6.155563784285492e-7
t7131,-4.77587065150403e-7,-4.990565149112599e-7,-5.018180555267889e-7,-5.992173059012568e-7
t7132,-4.4973413052246463e-7,-4.5678980407778185e-7,-4.785130216303476e-7,-5.869429255556826e-7
t7133,-4.2522067092560133e-7,-4.188025807957178e-7,-4.581649121654709e-7,-5.787660858619981e-7
t7134,-4.025844259457325e-7,-3.8378394838627385e-7,-4.402493674349874e-7,-5.716978784776048e-7
t7135,-3.842715139568344e-7,-3.558260372833344e-7,-4.2528017426018274e-7,-5.649632017355488e-7
t7136,-2.1191462409682075e-7,-1.2617744136904052e-7,-2.744275525135595e-7,-4.515033793623385e-7
t7137,-1.4902469477327822e-7,-3.702592743327752e-8,-2.1624337681875488e-7,-4.018955480039827e-7
t7138,-1.0894212041588063e-7,-1.384640932447682e-8,-1.6262804200188072e-7,-3.0906138033246696e-7
t7139,-9.736454309859733e-8,-8.571174409412216e-9,-1.4800882490701753e-7,-2.812364753196081e-7
t7140,-9.523591865911013e-8,-7.3680060426022835e-9,-1.435994649534253e-7,-2.75335552393232e-7
t7141,-8.786687687058033e-8,-5.815835675023923e-9,-1.3423123682889523e-7,-2.580989936179893e-7
t7142,-8.609015753381591e-8,-6.862363280469746e-9,-1.3128659306879107e-7,-2.527657058432309e-7
t7143,-9.61375033581666e-8,-1.1203667028689278e-8,-1.4678193843966162e-7,-2.896049325893932e-7
t7144,-1.152653773797046e-7,-2.5586374211309857e-8,-1.7020770535205355e-7,-3.280229093499637e-7
t7145,-1.5080216010675193e-7,-7.395333180878291e-8,-2.0400171978007384e-7,-3.579181800372994e-7
t7146,-3.3200751939276687e-7,-3.127030344592631e-7,-3.6574738640530987e-7,-4.890282586930278e-7
t7147,-8.003325930942961e-7,-9.289390184989421e-7,-8.017705497565996e-7,-8.668196749275921e-7
t7148,-7.546771879591458e-7,-8.647644018714204e-7,-7.59761211996445e-7,-8.309117454023914e-7
t7149,-7.383442639733073e-7,-8.388193865684946e-7,-7.454516124290524e-7,-8.2027590904752e-7
t7150,-7.534405982278e-7,-8.594600576063116e-7,-7.593293827465696e-7,-8.307294507182823e-7
t7151,-7.760717994115043e-7,-8.962311523859798e-7,-7.785328868092694e-7,-8.432642021599193e-7
t7152,-8.435170645210936e-7,-9.88738138182696e-7,-8.404221031188721e-7,-8.95953695788716e-7
t7153,-9.179720328432123e-7,-1.0857564181254758e-6,-9.100076789338527e-7,-9.596340984461224e-7
t7154,-9.605358840477105e-7,-1.1395355196354736e-6,-9.501303000616094e-7,-9.962768885846837e-7
t7155,-9.86298718752517e-7,-1.1670847262413903e-6,-9.758505118661255e-7,-1.0236841176736503e-6
t7156,-9.632402687925148e-7,-1.1284679055327897e-6,-9.576924614233685e-7,-1.0123696500159226e-6
t7157,-9.076101366327823e-7,-1.0453178693062463e-6,-9.092884941155321e-7,-9.75977477217981e-7
t7158,-8.11064120683606e-7,-9.108738673233561e-7,-8.216403609247316e-7,-9.050261117645672e-7
t7159,-7.131738973415877e-7,-7.766759005107435e-7,-7.322016745122156e-7,-8.306430769330581e-7
t7160,-2.767331203570686e-7,-2.1016898866034177e-7,-3.334824639845381e-7,-5.05615076262296e-7
t7161,-1.6539900713692432e-7,-5.339226839064157e-8,-2.333155936776505e-7,-4.2112923369090787e-7
t7162,-1.2577484031194013e-7,-2.189138091884134e-8,-1.8591642078434075e-7,-3.5399942546865126e-7
t7163,-1.0572440834502485e-7,-1.264300796524236e-8,-1.58170403269296e-7,-2.9972854494709047e-7
t7164,-1.0108984199365952e-7,-1.0114630595240583e-8,-1.5056639594193865e-7,-2.864783814960728e-7
t7165,-9.349979322121982e-8,-8.500266460440922e-9,-1.4094041026019293e-7,-2.7070784569539884e-7
t7166,-9.658331645693376e-8,-1.1073332617172393e-8,-1.4602157419478544e-7,-2.8524938811088714e-7
t7167,-1.1085497611326333e-7,-1.8846866396692267e-8,-1.6518120241086672e-7,-3.233093440780703e-7
t7168,-1.2513355142091434e-7,-3.55550881220416e-8,-1.799277947945393e-7,-3.402953306757943e-7
t7169,-1.5632116547863212e-7,-8.038066963113672e-8,-2.0923477513297563e-7,-3.650784242886071e-7
t7170,-3.401795402826963e-7,-3.23162286526523e-7,-3.726997787188164e-7,-4.938156038684145e-7
t7171,-5.916150646480781e-7,-6.515787756982653e-7,-6.06061848770729e-7,-6.937164531842622e-7
t7172,-5.402555005693307e-7,-5.805391027861213e-7,-5.591618632390184e-7,-6.553180913970973e-7
t7173,-5.157902527120359e-7,-5.455944599721309e-7,-5.369156756504383e-7,-6.390337255662906e-7
t7174,-5.15641558120275e-7,-5.472620373511466e-7,-5.364794882288194e-7,-6.360507892704056e-7
t7175,-5.461699362639249e-7,-5.916600146876149e-7,-5.638563199309071e-7,-6.551312317559179e-7
t7176,-5.857446924276217e-7,-6.488247985867101e-7,-5.994803850838733e-7,-6.816423734084284e-7
t7177,-6.33239860517938e-7,-7.115379618271743e-7,-6.438548515981548e-7,-7.199816058691081e-7
t7178,-6.936592819203783e-7,-7.910895202109954e-7,-7.00445938754388e-7,-7.7095902275927e-7
t7179,-7.739123760629956e-7,-8.914690730362737e-7,-7.770093043086634e-7,-8.438471177006768e-7
t7180,-8.276740828578318e-7,-9.551517773761623e-7,-8.29676093245785e-7,-8.982687928427601e-7
t7181,-8.538881501599886e-7,-9.765282889587098e-7,-8.589900967730083e-7,-9.36112259262501e-7
t7182,-8.220878838822334e-7,-9.285221315756585e-7,-8.317305183125982e-7,-9.178755690037271e-7
t7183,-7.742898926161914e-7,-8.602374234869572e-7,-7.892758190728646e-7,-8.84961993531265e-7
t7184,-4.0558018114396583e-7,-3.780381269317287e-7,-4.4826342372756186e-7,-6.052358836290801e-7
t7185,-2.1932867894953628e-7,-1.3112813513762406e-7,-2.834011088516505e-7,-4.7624587378231736e-7
t7186,-1.726190743496467e-7,-5.683444908453032e-8,-2.400319038639724e-7,-4.411528554695175e-7
t7187,-1.4607423917060414e-7,-3.262646675402703e-8,-2.1098986085814613e-7,-4.0222630387105655e-7
t7188,-1.2505576703336813e-7,-2.0315613366155396e-8,-1.829112596658083e-7,-3.570737753255447e-7
t7189,-1.1845731455987359e-7,-1.9185744708862473e-8,-1.7563984649319547e-7,-3.438946259114755e-7
t7190,-1.2378591837671524e-7,-2.5508079811360887e-8,-1.8054891194460495e-7,-3.512965148247716e-7
t7191,-1.3490861920898076e-7,-4.4184880867364156e-8,-1.8987257770323205e-7,-3.5594117258801447e-7
t7192,-1.7204272307684868e-7,-9.061983294405904e-8,-2.2624977252156286e-7,-3.9509008861443556e-7
t7193,-2.5034024378279374e-7,-1.9946463000479879e-7,-2.938986994260515e-7,-4.4828530818512617e-7
t7194,-4.0386802664484943e-7,-3.9597306208031064e-7,-4.340722695883626e-7,-5.591221693961218e-7
t7195,-5.003730611179722e-7,-5.209339219054018e-7,-5.23316295148623e-7,-6.327757787786377e-7
t7196,-4.6994828328248635e-7,-4.786141537772913e-7,-4.957856373343821e-7,-6.107427213366412e-7
t7197,-4.6197699856763873e-7,-4.652390799676183e-7,-4.896827336334345e-7,-6.087594583810673e-7
t7198,-4.5985713733444925e-7,-4.639829568767497e-7,-4.878088058193761e-7,-6.033295208427893e-7
t7199,-4.7046857419349114e-7,-4.820029370418267e-7,-4.971404439764823e-7,-6.071272523289034e-7
t7200,-4.832734571102932e-7,-5.104597246102338e-7,-5.052173516233583e-7,-6.006756134678475e-7
t7201,-4.925358108583385e-7,-5.21996127095598e-7,-5.140677944227181e-7,-6.07995122425569e-7
t7202,-4.84107454620831e-7,-5.10988504037934e-7,-5.065497754303712e-7,-6.02862964069364e-7
t7203,-4.657143606751886e-7,-4.844432384115859e-7,-4.908213851123892e-7,-5.924443974534316e-7
t7204,-4.5109267978659887e-7,-4.593702410800653e-7,-4.798183700521603e-7,-5.908524687818427e-7
t7205,-4.392106450578935e-7,-4.374484278982569e-7,-4.711203474184554e-7,-5.904362416898362e-7
t7206,-4.348056922126133e-7,-4.2632989015232427e-7,-4.6991651549135415e-7,-5.972170167002532e-7
t7207,-4.316160751006162e-7,-4.171966698747609e-7,-4.684911644430342e-7,-6.014235826092514e-7
t7208,-3.201471120993166e-7,-2.7020335536913645e-7,-3.6998594932620283e-7,-5.315236666573171e-7
t7209,-2.0403169473660554e-7,-1.1169040854637332e-7,-2.6866486356687514e-7,-4.506963320583797e-7
t7210,-1.603118892227519e-7,-4.3481035564561566e-8,-2.2821400750823584e-7,-4.217514579172633e-7
t7211,-1.259622989561093e-7,-1.9939425638444973e-8,-1.878394839638341e-7,-3.634799163652967e-7
t7212,-1.0553644857328778e-7,-1.199784778498031e-8,-1.5872433770413377e-7,-3.077779254163533e-7
t7213,-9.575096485785764e-8,-9.241614684799002e-9,-1.4585446638607063e-7,-2.851184229466823e-7
t7214,-9.604009484841826e-8,-1.0009289503587749e-8,-1.472042941076873e-7,-2.921558002768818e-7
t7215,-1.0541046440053839e-7,-1.5754781016413524e-8,-1.5978288716180464e-7,-3.1765683189796254e-7
t7216,-1.1908757319365207e-7,-2.930273634578022e-8,-1.7499512819157458e-7,-3.3555653471807705e-7
t7217,-1.4994636066394193e-7,-7.319556986014073e-8,-2.0438835701203823e-7,-3.595297760325124e-7
t7218,-2.713301421803423e-7,-2.33862767346618e-7,-3.11280402888232e-7,-4.430018536549601e-7
t7219,-4.0918947278098536e-7,-4.078919902412597e-7,-4.3695872232813616e-7,-5.419338849292837e-7
t7220,-3.875443331561281e-7,-3.7843747327631775e-7,-4.176956879595097e-7,-5.278095646931648e-7
t7221,-3.8061648584233333e-7,-3.6536643092585557e-7,-4.1305849382664524e-7,-5.298419183910354e-7
t7222,-3.7650538373779985e-7,-3.6197735910573313e-7,-4.088495068647195e-7,-5.23822929055417e-7
t7223,-3.786216222820426e-7,-3.686646584776029e-7,-4.099847772912813e-7,-5.202558860606414e-7
t7224,-3.994764265845286e-7,-3.955800282629346e-7,-4.296763040833357e-7,-5.385862859732246e-7
t7225,-4.384528263644686e-7,-4.4413910095636444e-7,-4.667517473019792e-7,-5.722799352003818e-7
t7226,-4.937037418650207e-7,-5.14499665493711e-7,-5.184903840355935e-7,-6.173813363079621e-7
t7227,-5.646196196746744e-7,-6.04277876445851e-7,-5.857837812505673e-7,-6.784184951141282e-7
t7228,-6.118257035327624e-7,-6.614957583279281e-7,-6.317425280611165e-7,-7.218943116827433e-7
t7229,-6.039655520318897e-7,-6.457847761414673e-7,-6.257442769197687e-7,-7.229865041501665e-7
t7230,-5.602301544844354e-7,-5.833309609774152e-7,-5.871641269010898e-7,-6.961888727903701e-7
t7231,-4.959764991376458e-7,-4.973173804725138e-7,-5.290527517340448e-7,-6.509317598187796e-7
t7232,-2.2627515795147067e-7,-1.4733715776613183e-7,-2.8778836582323276e-7,-4.62318499992128e-7
t7233,-1.4581600500271903e-7,-3.341974176601905e-8,-2.147796595819054e-7,-4.0025163955557496e-7
t7234,-1.0404994393347322e-7,-1.1924988214117824e-8,-1.5921640934797695e-7,-3.0141887219343294e-7
t7235,-1.0161860329805624e-7,-9.326963955818143e-9,-1.5406626719991054e-7,-2.898415841623826e-7
t7236,-9.733696004693519e-8,-7.689478243000419e-9,-1.486996281429104e-7,-2.801045939856471e-7
t7237,-9.19046530964444e-8,-6.384549165447525e-9,-1.4202198890419879e-7,-2.6788219324421257e-7
t7238,-8.952414259405339e-8,-6.4601050070780455e-9,-1.3868470155326983e-7,-2.627771761174482e-7
t7239,-9.437887091880253e-8,-9.64048391375284e-9,-1.457513718974115e-7,-2.7694012438643715e-7
t7240,-1.1748275822892957e-7,-2.0101339553266414e-8,-1.7996597576218852e-7,-3.470210308960139e-7
t7241,-1.4930650054459484e-7,-5.2544747725951983e-8,-2.1413659169304639e-7,-3.8723852930924334e-7
t7242,-2.7171468380862756e-7,-2.1911352718678261e-7,-3.238284637172694e-7,-4.786616332456132e-7
t7243,-5.970695312930492e-7,-6.349655800460961e-7,-6.211441223874599e-7,-7.24269357637345e-7
t7244,-5.594946642040576e-7,-5.835871293280573e-7,-5.86238391876247e-7,-6.947497230499329e-7
t7245,-5.305643569869202e-7,-5.447532670483342e-7,-5.596204414665057e-7,-6.707338289294048e-7
t7246,-5.102433745127165e-7,-5.222610506282211e-7,-5.390554629336697e-7,-6.491735303796485e-7
t7247,-4.918124507173183e-7,-5.059121788595939e-7,-5.193265270298879e-7,-6.232643885639299e-7
t7248,-4.93828840680063e-7,-5.114582777762293e-7,-5.204646919232753e-7,-6.205700821083333e-7
t7249,-5.06764645399398e-7,-5.280212524339268e-7,-5.327766877857126e-7,-6.327799227912516e-7
t7250,-5.198898732554953e-7,-5.450447111560623e-7,-5.452244140009705e-7,-6.436702824187034e-7
t7251,-5.207133188930364e-7,-5.463478204062701e-7,-5.46234736231821e-7,-6.468993282788039e-7
t7252,-5.126570840750975e-7,-5.332984412082898e-7,-5.40233570870321e-7,-6.458397181315301e-7
t7253,-5.053421251864396e-7,-5.112377758448551e-7,-5.383967370493258e-7,-6.611480485446248e-7
t7254,-5.127014336128112e-7,-5.143067251416906e-7,-5.475066381348828e-7,-6.765447433457227e-7
t7255,-5.101218624349613e-7,-5.056294440870808e-7,-5.48190499040901e-7,-6.856553168324658e-7
t7256,-2.4490698812036727e-7,-1.602539719065372e-7,-3.130897983858118e-7,-5.011009102590439e-7
t7257,-1.6055323716524047e-7,-3.9475615770611274e-8,-2.3659384601618956e-7,-4.3635191876691166e-7
t7258,-1.1570983577815656e-7,-1.582845723291049e-8,-1.755958394507905e-7,-3.2998795856646817e-7
t7259,-1.1279510347048211e-7,-1.2954579453009209e-8,-1.699248784702527e-7,-3.136957778301957e-7
t7260,-1.0965260697633931e-7,-1.1494351716514494e-8,-1.648471082472725e-7,-3.068598775045788e-7
t7261,-1.0451890274910711e-7,-9.870309520940239e-9,-1.584578332743223e-7,-2.95916432456084e-7
t7262,-1.015097062189416e-7,-9.357208950891757e-9,-1.553271971735816e-7,-2.9025980107432394e-7
t7263,-1.0198018857713348e-7,-1.0507590393768078e-8,-1.55908695840152e-7,-2.919222959614422e-7
t7264,-1.1947188766614047e-7,-1.764555219839977e-8,-1.828182845642879e-7,-3.4963855542860333e-7
t7265,-1.590451460795972e-7,-4.527738196681488e-8,-2.314122886352843e-7,-4.228173823391715e-7
t7266,-2.493068920986453e-7,-1.7437360956748532e-7,-3.1312187454007626e-7,-4.945209865076915e-7
t7267,-4.211709426649839e-7,-3.957943270505205e-7,-4.652416925994132e-7,-6.144637837548164e-7
t7268,-3.918278431630424e-7,-3.573913681829487e-7,-4.386826051862562e-7,-5.920865382704603e-7
t7269,-3.90257841761729e-7,-3.548933460310069e-7,-4.3731022402204605e-7,-5.907223314731819e-7
t7270,-4.0782740848931303e-7,-3.8696865100799706e-7,-4.4821458216514243e-7,-5.866119788120406e-7
t7271,-4.3521728137940775e-7,-4.339477577653222e-7,-4.6843515052260404e-7,-5.879917405829895e-7
t7272,-4.835701114617285e-7,-4.991374780679224e-7,-5.118895065836761e-7,-6.215158060282154e-7
t7273,-5.37737016610888e-7,-5.696813970139955e-7,-5.618857705088208e-7,-6.6524950871433e-7
t7274,-6.039496351228546e-7,-6.557240281900876e-7,-6.238882766703348e-7,-7.190515783894808e-7
t7275,-6.853243077833199e-7,-7.594176065742734e-7,-7.006139044228177e-7,-7.880568247833422e-7
t7276,-7.766706219572381e-7,-8.715347989056387e-7,-7.885264491697464e-7,-8.731986707314692e-7
t7277,-8.455467630421285e-7,-9.538477345993616e-7,-8.555146262108691e-7,-9.391122323834704e-7
t7278,-8.881521728678084e-7,-1.0031765874463168e-6,-8.980058733470432e-7,-9.824106203844533e-7
t7279,-8.87267027308637e-7,-9.95742498142339e-7,-8.99427789402801e-7,-9.884395911384156e-7
t7280,-3.1570956219447227e-7,-2.5254849977254744e-7,-3.7228536168418246e-7,-5.474055046590222e-7
t7281,-1.8097359620598995e-7,-6.479307260647445e-8,-2.5186154313333936e-7,-4.471316888024083e-7
t7282,-1.328959772386945e-7,-2.7103162317002246e-8,-1.9642920728128683e-7,-3.6762850660333855e-7
t7283,-1.1105647631212156e-7,-1.575593405429991e-8,-1.6462058775830546e-7,-3.1107099150540866e-7
t7284,-1.043961587826215e-7,-1.2364123137582629e-8,-1.550421167494687e-7,-2.9247401625610045e-7
t7285,-9.636809616466831e-8,-1.0243704944019698e-8,-1.441122271446332e-7,-2.7532651905877555e-7
t7286,-9.416949452956949e-8,-1.1003425047490997e-8,-1.415950576427909e-7,-2.7256632034422276e-7
t7287,-1.0494920937402831e-7,-1.584670783267304e-8,-1.5747436026759288e-7,-3.080841431637845e-7
t7288,-1.2167607091122735e-7,-2.9332229284817056e-8,-1.7757345093316338e-7,-3.369664465784608e-7
t7289,-1.5980223164814446e-7,-7.566252848531834e-8,-2.1476060490026356e-7,-3.7600648064568097e-7
t7290,-3.4721102162057535e-7,-3.2479061356491813e-7,-3.82075096421255e-7,-5.078998408523183e-7
t7291,-7.782013086826201e-7,-8.90132737454511e-7,-7.838438979987564e-7,-8.556054546016923e-7
t7292,-7.265679929790959e-7,-8.187521217615071e-7,-7.359594769189012e-7,-8.160697140730876e-7
t7293,-6.967808351005646e-7,-7.761528244227791e-7,-7.08998769018039e-7,-7.94362535764766e-7
t7294,-6.771881523037046e-7,-7.53770061637227e-7,-6.895633460368451e-7,-7.744568468331875e-7
t7295,-6.709711156554228e-7,-7.483874129278507e-7,-6.832873183992938e-7,-7.668065314340494e-7
t7296,-7.079660946501544e-7,-7.995894076191823e-7,-7.173066585565275e-7,-7.962296106808488e-7
t7297,-7.841491756105763e-7,-9.019701809335557e-7,-7.881095776774435e-7,-8.582127376948593e-7
t7298,-8.772725660824235e-7,-1.0248058318909018e-6,-8.749934688891845e-7,-9.367337677162531e-7
t7299,-9.749424287860048e-7,-1.149594144135561e-6,-9.675034144319543e-7,-1.0229030542644291e-6
t7300,-1.0252816968490892e-6,-1.2078905868776325e-6,-1.0173580091413203e-6,-1.0727436368098008e-6
t7301,-9.731920313539175e-7,-1.1454136644862832e-6,-9.66761833071102e-7,-1.0214478350930242e-6
t7302,-8.764054508280531e-7,-1.0080172172974784e-6,-8.796941067972793e-7,-9.497691837895905e-7
t7303,-7.62070040591544e-7,-8.512191570473641e-7,-7.745715099870284e-7,-8.600656526600884e-7
t7304,-2.9295044530490313e-7,-2.4051983912662347e-7,-3.422041585077352e-7,-5.022136537139207e-7
t7305,-1.6802643599120453e-7,-6.37369786953024e-8,-2.317660304818162e-7,-4.147614096540233e-7
t7306,-1.29854806800741e-7,-2.7301665367080502e-8,-1.901147159520275e-7,-3.653757902953756e-7
t7307,-1.0903360859922647e-7,-1.6509942807933038e-8,-1.6215731731623594e-7,-3.0987115007216705e-7
t7308,-1.0179052753697206e-7,-1.3481385420175766e-8,-1.5199793481502543e-7,-2.8937852093380564e-7
t7309,-9.669141583260174e-8,-1.2855706341609863e-8,-1.4607861529433127e-7,-2.806268412891823e-7
t7310,-9.768621808075116e-8,-1.2579638131744442e-8,-1.4853129065974135e-7,-2.905694255374998e-7
t7311,-1.0538958455750807e-7,-1.7037072900730067e-8,-1.5916122438010653e-7,-3.128961644685483e-7
t7312,-1.213167732186366e-7,-3.621584746560069e-8,-1.7550833572170112e-7,-3.304947600274106e-7
t7313,-1.767428458831184e-7,-1.1855077761816659e-7,-2.2458930863840215e-7,-3.721983859186694e-7
t7314,-4.331198724547644e-7,-4.5279177783007266e-7,-4.567586517494287e-7,-5.600589647695128e-7
t7315,-9.026025175981942e-7,-1.0817050692661511e-6,-8.934065573759461e-7,-9.433088953914765e-7
t7316,-8.21401218160159e-7,-9.702279992591284e-7,-8.183834876643388e-7,-8.766193474810516e-7
t7317,-7.866023014555333e-7,-9.182060389789825e-7,-7.869347667906149e-7,-8.499092654398269e-7
t7318,-7.79563012353797e-7,-9.092754763138046e-7,-7.80117451641952e-7,-8.417910101461501e-7
t7319,-6.925114146640702e-7,-8.037019518747397e-7,-6.965385403662443e-7,-7.611725798814323e-7
t7320,-6.70009268108048e-7,-7.750872126904296e-7,-6.753206241746749e-7,-7.409005742985706e-7
t7321,-6.848608380693715e-7,-7.94681980502585e-7,-6.892455778174186e-7,-7.535074807923162e-7
t7322,-7.150451607018414e-7,-8.338592332928571e-7,-7.174551552076949e-7,-7.77952387303631e-7
t7323,-8.058915384482192e-7,-9.460409251702694e-7,-8.03810657443042e-7,-8.590439421431864e-7
t7324,-8.205785647760326e-7,-9.520338838453842e-7,-8.208814444354314e-7,-8.804500310580648e-7
t7325,-7.702989322142209e-7,-8.734999323506497e-7,-7.77534007075196e-7,-8.476339734699019e-7
t7326,-6.959912948621475e-7,-7.68849537210163e-7,-7.10484262729615e-7,-7.941783574960593e-7
t7327,-6.421251848771664e-7,-6.938014953112558e-7,-6.617001401512438e-7,-7.562265829612078e-7
t7328,-2.859043244850902e-7,-2.3440461291828426e-7,-3.3481667431758683e-7,-4.927066369874914e-7
t7329,-1.657473978926966e-7,-6.524702535038104e-8,-2.301707900883206e-7,-4.0720626724191427e-7
t7330,-1.3011958450968456e-7,-2.8663127278830512e-8,-1.9096224552685886e-7,-3.6438359824432317e-7
t7331,-1.097323141832026e-7,-1.712193647200513e-8,-1.6348319158968958e-7,-3.146174098074176e-7
t7332,-1.0090663477885106e-7,-1.3353576667807627e-8,-1.4933491106185792e-7,-2.851324274896182e-7
t7333,-9.574704200861011e-8,-1.248466679270498e-8,-1.4334060164533653e-7,-2.7761878443111606e-7
t7334,-9.67595481634078e-8,-1.1768186031515189e-8,-1.462427383966407e-7,-2.878828625729164e-7
t7335,-1.05955112829424e-7,-1.7796542971757682e-8,-1.5782832725517995e-7,-3.11870578025632e-7
t7336,-1.2451877517709123e-7,-4.189109954994648e-8,-1.7622801475025698e-7,-3.282723051188612e-7
t7337,-1.8595532981266273e-7,-1.333483942571098e-7,-2.297224691010717e-7,-3.7139267213048706e-7
t7338,-5.705302019192473e-7,-6.37382759888174e-7,-5.832278006270822e-7,-6.629084571579279e-7
t7339,-1.6918831465266856e-6,-2.103207772057723e-6,-1.6196100111815506e-6,-1.5783815628535736e-6
t7340,-1.8004098073443264e-6,-2.224991864115262e-6,-1.7191242759274232e-6,-1.6671168610130426e-6
t7341,-1.8659416613461498e-6,-2.29782323370065e-6,-1.7786146870646725e-6,-1.7200256234367619e-6
t7342,-1.3934906867632525e-6,-1.7227450754350875e-6,-1.343702691944205e-6,-1.3351559508563228e-6
t7343,-9.520208325920589e-7,-1.1711912426092101e-6,-9.319695067603971e-7,-9.660649286445889e-7
t7344,-8.804783291359994e-7,-1.076646222515735e-6,-8.65461275785239e-7,-9.070406521399313e-7
t7345,-9.170546216464632e-7,-1.1236579158845796e-6,-9.003624502791506e-7,-9.393551791024022e-7
t7346,-1.0399760743967202e-6,-1.2696213499580725e-6,-1.016251154176165e-6,-1.0446455173172288e-6
t7347,-1.2880854325480685e-6,-1.5757214128396792e-6,-1.2456697162993919e-6,-1.253789111045271e-6
t7348,-1.377864297594976e-6,-1.6807825261219001e-6,-1.334503578667387e-6,-1.3412525385834771e-6
t7349,-1.332525739131363e-6,-1.608254101304292e-6,-1.3005643203942056e-6,-1.3227236971868963e-6
t7350,-1.0499229077006621e-6,-1.232649001470341e-6,-1.0416077368273322e-6,-1.0962421425604181e-6
t7351,-8.035576029206634e-7,-9.016577618572794e-7,-8.137257442460666e-7,-8.962305667321378e-7
t7352,-3.0903316627042634e-7,-2.5896155075203555e-7,-3.560211820043286e-7,-5.127518492722772e-7
t7353,-1.6866178752522806e-7,-6.249687310443798e-8,-2.3235827833601019e-7,-4.1660205619743714e-7
t7354,-1.29510711710832e-7,-2.634004732253531e-8,-1.8958050610514404e-7,-3.625941072805957e-7
t7355,-1.0490173917978006e-7,-1.3814563859217046e-8,-1.5617414058560937e-7,-2.987600297466426e-7
t7356,-9.924461332495395e-8,-1.135198020772231e-8,-1.4671859081782805e-7,-2.8183565315368126e-7
t7357,-9.505192019999787e-8,-1.1291970960061808e-8,-1.420283887544557e-7,-2.74444375633e-7
t7358,-9.852062929423811e-8,-1.257562077463646e-8,-1.4781241355327543e-7,-2.912639463268996e-7
t7359,-1.0683249916730475e-7,-1.7748824820082456e-8,-1.586241769703341e-7,-3.1341108017090954e-7
t7360,-1.231245591733384e-7,-3.8088657281798125e-8,-1.7506972539281373e-7,-3.2765183089679795e-7
t7361,-1.7084932553022172e-7,-1.0725763399603022e-7,-2.1752710620828286e-7,-3.618520445386291e-7
t7362,-4.426083552067064e-7,-4.616840822900758e-7,-4.645779349534087e-7,-5.618571143760442e-7
t7363,-8.470283173640544e-7,-1.0024407315100356e-6,-8.427279046357511e-7,-8.918601572970238e-7
t7364,-7.483660195373572e-7,-8.66039228395075e-7,-7.510584908445762e-7,-8.114320833552827e-7
t7365,-6.84469352152733e-7,-7.784818707364724e-7,-6.91720314413923e-7,-7.598256759675866e-7
t7366,-6.406450985401928e-7,-7.226941897003321e-7,-6.498790407346995e-7,-7.215484945032432e-7
t7367,-5.815632275768514e-7,-6.525213366570478e-7,-5.930510247744273e-7,-6.677589130810894e-7
t7368,-5.5630773340913e-7,-6.19727150995356e-7,-5.695653418379663e-7,-6.495318190494031e-7
t7369,-5.418059201520311e-7,-5.974040689913453e-7,-5.563546543255985e-7,-6.414985943628248e-7
t7370,-5.160835864548371e-7,-5.61459747530174e-7,-5.33039780136961e-7,-6.24495330993571e-7
t7371,-5.002635377793907e-7,-5.368518972580401e-7,-5.193137636066738e-7,-6.163801892111772e-7
t7372,-4.824559836784475e-7,-5.051427873277225e-7,-5.053625604539715e-7,-6.147343462616599e-7
t7373,-4.4981157985998433e-7,-4.5671100248936116e-7,-4.775799065551519e-7,-5.972788934423555e-7
t7374,-4.0024515690088185e-7,-3.8670321219708577e-7,-4.3379457306893804e-7,-5.679890235208414e-7
t7375,-3.5529904266876785e-7,-3.241332735808671e-7,-3.941564648707904e-7,-5.398612252710749e-7
t7376,-2.1076974370017974e-7,-1.3044020041346111e-7,-2.672236515984216e-7,-4.435440382501905e-7
t7377,-1.4361567431599159e-7,-3.31732647278237e-8,-2.059046859124275e-7,-3.8772439402190876e-7
t7378,-1.028457868495009e-7,-1.0065859829440935e-8,-1.5453345340949525e-7,-3.0187304015235233e-7
t7379,-9.023270115731014e-8,-4.801619479393174e-9,-1.358972939972372e-7,-2.646226378870018e-7
t7380,-8.297748575174119e-8,-2.463472193196244e-9,-1.264001322196942e-7,-2.4853021852659754e-7
t7381,-7.60393112667047e-8,-7.041602423766073e-10,-1.172600858165353e-7,-2.3333508450587969e-7
t7382,-7.645579749503784e-8,-1.3609371038829682e-9,-1.1769558291752105e-7,-2.3432363933535698e-7
t7383,-8.437551457729135e-8,-4.197503774897126e-9,-1.2981916375042422e-7,-2.6391051833848295e-7
t7384,-9.915045387523283e-8,-1.2540607660713702e-8,-1.4828133434637363e-7,-2.9711494727710147e-7
t7385,-1.1975902961160356e-7,-3.676680279763284e-8,-1.6909186326107588e-7,-3.1809281246419544e-7
t7386,-1.865564783355416e-7,-1.3209000498826256e-7,-2.2823813777817312e-7,-3.6500958594383514e-7
t7387,-2.877308429240269e-7,-2.639975182672966e-7,-3.1800104276495517e-7,-4.369940878082787e-7
t7388,-3.088055656218141e-7,-2.8925072848985865e-7,-3.3814557749667835e-7,-4.567723791048455e-7
t7389,-3.2337862125762936e-7,-3.059734588279416e-7,-3.527273561916232e-7,-4.714831863947161e-7
t7390,-3.2419153389196624e-7,-3.078214460596113e-7,-3.540099327308003e-7,-4.705523347335564e-7
t7391,-3.1100850682069463e-7,-2.9500125706115916e-7,-3.4104297197830645e-7,-4.5623946091573787e-7
t7392,-3.137726590011964e-7,-2.98439628300944e-7,-3.4420243099074537e-7,-4.5802154135289145e-7
t7393,-3.1631141118988794e-7,-2.9802768632360084e-7,-3.4793508127606506e-7,-4.6623659403101475e-7
t7394,-3.1441739132088736e-7,-2.9397006486787006e-7,-3.4742323656957085e-7,-4.6718941990868313e-7
t7395,-3.160991637531427e-7,-2.934177092776911e-7,-3.502007707536352e-7,-4.7194784001449934e-7
t7396,-3.18157808788232e-7,-2.91693785242041e-7,-3.537292794460549e-7,-4.783318349932921e-7
t7397,-3.208665800724482e-7,-2.887638762039938e-7,-3.58541964584662e-7,-4.906723045174918e-7
t7398,-3.297866007084209e-7,-2.9429463185631414e-7,-3.6956229150662357e-7,-5.046409106857116e-7
t7399,-3.0757455014627643e-7,-2.626810544473328e-7,-3.512752204901593e-7,-4.991602348629432e-7
t7400,-1.85251561132007e-7,-9.376702119818625e-8,-2.44747952170545e-7,-4.2027315056249037e-7
t7401,-1.3197402909768951e-7,-1.9731288687531484e-8,-1.9174671957084297e-7,-3.730782861014182e-7
t7402,-9.435582342428551e-8,-5.825547993909725e-9,-1.4022562523805304e-7,-2.7139709689500504e-7
t7403,-9.409301810183032e-8,-5.210983692768743e-9,-1.3904150929911023e-7,-2.6768641637817375e-7
t7404,-8.957053829548468e-8,-3.7200228272202154e-9,-1.331498718111981e-7,-2.5714949277786027e-7
t7405,-8.266892010883243e-8,-1.8974825512157586e-9,-1.2578959493885087e-7,-2.441256692726134e-7
t7406,-7.868797644954671e-8,-9.572100547551514e-10,-1.205482733832483e-7,-2.356754509880382e-7
t7407,-7.981344831706268e-8,-1.8255441174492633e-9,-1.2257102160747497e-7,-2.403053303294911e-7
t7408,-9.622630300809993e-8,-7.372483022633319e-9,-1.4825860381414967e-7,-2.965736607081507e-7
t7409,-1.245690591650282e-7,-2.747900491640406e-8,-1.8179719755982866e-7,-3.4518282834345043e-7
t7410,-1.8711710986673434e-7,-1.1587759344221216e-7,-2.387632222041553e-7,-3.951412567274548e-7
t7411,-3.091675859777708e-7,-2.7541597719267435e-7,-3.471906300046135e-7,-4.843898174090837e-7
t7412,-3.2009469876968566e-7,-2.891143725859312e-7,-3.576432147902558e-7,-4.944038869789904e-7
t7413,-3.1649769676905013e-7,-2.832741355679487e-7,-3.549147721695699e-7,-4.932364523882501e-7
t7414,-3.1937812397496733e-7,-2.925041835961994e-7,-3.55500065383094e-7,-4.856697007594822e-7
t7415,-3.2892236053808223e-7,-3.1046548744618624e-7,-3.6215348035040665e-7,-4.842603578431257e-7
t7416,-3.4572313109608856e-7,-3.3180206591473546e-7,-3.784500939116634e-7,-4.988493962635848e-7
t7417,-3.560884780170789e-7,-3.435939459763653e-7,-3.8904173892552786e-7,-5.09859713047048e-7
t7418,-3.5810656381503765e-7,-3.4549989659311376e-7,-3.910881120458203e-7,-5.129972887922162e-7
t7419,-3.579159860497981e-7,-3.437104877940122e-7,-3.917506118902934e-7,-5.138914806051014e-7
t7420,-3.5408862084068966e-7,-3.3536952098052833e-7,-3.90269743825749e-7,-5.167628003506303e-7
t7421,-3.454231676266717e-7,-3.1939575878617244e-7,-3.835796813365324e-7,-5.157070955882757e-7
t7422,-3.2493746863476424e-7,-2.8766468987211135e-7,-3.6834333492742246e-7,-5.114073129397501e-7
t7423,-3.0604942153441726e-7,-2.5830519205092147e-7,-3.5376078876722885e-7,-5.072425690507485e-7
t7424,-1.9004924483735625e-7,-9.848538058344758e-8,-2.538045603094699e-7,-4.313378273401948e-7
t7425,-1.3253744544854144e-7,-2.117933989545201e-8,-1.983655640676821e-7,-3.825753156611026e-7
t7426,-9.732337605754306e-8,-7.383558968088379e-9,-1.4821092627959684e-7,-2.8527187008276064e-7
t7427,-9.832763005056105e-8,-6.97493805621616e-9,-1.4832128847369736e-7,-2.816712519162194e-7
t7428,-9.517088707574239e-8,-5.992632257565767e-9,-1.4418737010769464e-7,-2.7476303900574825e-7
t7429,-9.089522297906264e-8,-4.825944974458828e-9,-1.3842989074888721e-7,-2.648943396669586e-7
t7430,-8.90491988594106e-8,-4.912914212493492e-9,-1.364418860140655e-7,-2.6003043163088264e-7
t7431,-9.551668220111272e-8,-8.087654604564058e-9,-1.460802585946728e-7,-2.794490296464082e-7
t7432,-1.2607263803470983e-7,-2.2548974853292184e-8,-1.885741426797777e-7,-3.631215532076953e-7
t7433,-1.6438608927130778e-7,-6.852148385477476e-8,-2.274106026070891e-7,-4.026930459221158e-7
t7434,-3.207970476325228e-7,-2.813525377592455e-7,-3.6532240648716553e-7,-5.135387549798647e-7
t7435,-5.20736014422838e-7,-5.367923138117081e-7,-5.490365758121687e-7,-6.669813778877773e-7
t7436,-5.062823280360127e-7,-5.165377621055869e-7,-5.355001896844882e-7,-6.571733293408518e-7
t7437,-4.92712522837868e-7,-4.978595182866334e-7,-5.231447980191454e-7,-6.476987235067501e-7
t7438,-4.765207296048983e-7,-4.863113010755145e-7,-5.051691563164206e-7,-6.213599170954665e-7
t7439,-4.524006454782501e-7,-4.643033591398922e-7,-4.795278589065341e-7,-5.866090489620809e-7
t7440,-4.485493754810141e-7,-4.610960134318113e-7,-4.7514670563371254e-7,-5.80557702518018e-7
t7441,-4.6502724453074596e-7,-4.857820188878017e-7,-4.894936418100475e-7,-5.903460344078087e-7
t7442,-5.12804651505669e-7,-5.467672070788761e-7,-5.348790897596703e-7,-6.31672121594393e-7
t7443,-5.535326405015428e-7,-5.968090262893102e-7,-5.736914144461627e-7,-6.682271017826983e-7
t7444,-5.450553282709463e-7,-5.802026872623263e-7,-5.675669257363993e-7,-6.69947375544313e-7
t7445,-4.951226854468099e-7,-5.095595630210297e-7,-5.236857410003202e-7,-6.400640683949227e-7
t7446,-4.466052768402577e-7,-4.4178325208346913e-7,-4.803072737360045e-7,-6.108699138228217e-7
t7447,-4.078817664055032e-7,-3.878810410661502e-7,-4.465513608583578e-7,-5.886212779555536e-7
t7448,-2.4930191269256573e-7,-1.817140335170835e-7,-3.0569879728437434e-7,-4.808538169255909e-7
t7449,-1.6942408578695447e-7,-5.5185497966024735e-8,-2.3661346741188867e-7,-4.306032451252214e-7
t7450,-1.3150652092318647e-7,-2.222470085975875e-8,-1.9425211085466518e-7,-3.755056610242934e-7
t7451,-1.080946317636991e-7,-1.2055847044375354e-8,-1.6119259360351014e-7,-3.143537091330888e-7
t7452,-9.968614645322312e-8,-9.18161665648517e-9,-1.48163474176383e-7,-2.898747730785206e-7
t7453,-9.725824369512586e-8,-9.570852441062946e-9,-1.4524995182680722e-7,-2.868625239271708e-7
t7454,-1.0307665091515473e-7,-1.3012468730517755e-8,-1.535726839753896e-7,-3.0528114820573374e-7
t7455,-1.160696711894698e-7,-2.3236624340971572e-8,-1.6825854848575913e-7,-3.27294439692898e-7
t7456,-1.3059374794019664e-7,-4.317029253910149e-8,-1.8253758348429624e-7,-3.4135945972114726e-7
t7457,-1.735609618820176e-7,-1.1452888227659191e-7,-2.1894288941017644e-7,-3.65653201292585e-7
t7458,-4.012616528857457e-7,-4.110071413974406e-7,-4.2485398977068083e-7,-5.306573140889796e-7
t7459,-7.198587700459504e-7,-8.372446814031839e-7,-7.226004830376043e-7,-7.916428149433601e-7
t7460,-6.653058644956791e-7,-7.608131266843327e-7,-6.720515123536457e-7,-7.491402622999863e-7
t7461,-6.282731177606688e-7,-7.029212941399865e-7,-6.391867261334944e-7,-7.250140848191105e-7
t7462,-5.936355490403782e-7,-6.592506444391616e-7,-6.062949937672663e-7,-6.930778727725396e-7
t7463,-5.562358759392116e-7,-6.157991438314738e-7,-5.701315307574002e-7,-6.558025150807559e-7
t7464,-5.386476712667958e-7,-5.909856204088375e-7,-5.539545948553544e-7,-6.417018339001788e-7
t7465,-5.387877139227269e-7,-5.847406161995085e-7,-5.558832253749534e-7,-6.468476453954772e-7
t7466,-5.444175378462731e-7,-5.881388915054597e-7,-5.621542594079945e-7,-6.544318084397805e-7
t7467,-5.42466061389716e-7,-5.79076034149954e-7,-5.62403513574471e-7,-6.604221219653559e-7
t7468,-5.305965191545658e-7,-5.55061981892e-7,-5.53977192181451e-7,-6.626329950651499e-7
t7469,-4.979750881621698e-7,-5.064584486414226e-7,-5.259062686936977e-7,-6.467457129533497e-7
t7470,-4.6547620354706184e-7,-4.584367885162215e-7,-4.976441331485608e-7,-6.319979794803113e-7
t7471,-4.261218864280907e-7,-4.0322412591469104e-7,-4.6305007941774937e-7,-6.089833245943509e-7
t7472,-2.466811292189241e-7,-1.657436565849458e-7,-3.036031034479053e-7,-4.875176360019025e-7
t7473,-1.596073079135863e-7,-4.413554791585625e-8,-2.238725751396273e-7,-4.1293415486451604e-7
t7474,-1.1563051005309591e-7,-1.540346158303544e-8,-1.7135911277881133e-7,-3.338462622791803e-7
t7475,-9.454144444456218e-8,-7.003795721450691e-9,-1.4176889574211383e-7,-2.7585805243292146e-7
t7476,-9.066604934901616e-8,-5.401979737877394e-9,-1.3570387105058546e-7,-2.628844303319601e-7
t7477,-8.483664847631715e-8,-4.328758978289434e-9,-1.28523576527949e-7,-2.513271777818872e-7
t7478,-8.50492661652214e-8,-5.937191055409659e-9,-1.2889583680804554e-7,-2.542404344020689e-7
t7479,-9.754565077431469e-8,-1.1584928378835776e-8,-1.4734371336527257e-7,-2.963446905324084e-7
t7480,-1.1472671280549512e-7,-2.806549018392084e-8,-1.661837576637378e-7,-3.212714777741601e-7
t7481,-1.4938796847311592e-7,-7.903957003408449e-8,-1.9810518009150818e-7,-3.4803647542351987e-7
t7482,-3.4045205237513214e-7,-3.3163442221441904e-7,-3.685972872820844e-7,-4.840672527981023e-7
t7483,-6.616246990033688e-7,-7.57554356767143e-7,-6.68102755373567e-7,-7.447815367611949e-7
t7484,-7.614688783052897e-7,-8.902430865452655e-7,-7.616948514719081e-7,-8.287736912541065e-7
t7485,-8.610966412308698e-7,-1.019783778564849e-6,-8.555107444492139e-7,-9.146911827531942e-7
t7486,-9.188449330239999e-7,-1.1011905555615704e-6,-9.079395642816679e-7,-9.590201716371615e-7
t7487,-8.31191944840418e-7,-9.959862405193203e-7,-8.236163442668818e-7,-8.778563465084931e-7
t7488,-8.216005596269225e-7,-9.791858400552727e-7,-8.153914124269953e-7,-8.704797943353849e-7
t7489,-8.193424801709372e-7,-9.682988445716722e-7,-8.150219083500841e-7,-8.724721353867903e-7
t7490,-7.962305645199663e-7,-9.314011546242712e-7,-7.951809744232224e-7,-8.57267685775739e-7
t7491,-7.877992854500016e-7,-9.121434052525017e-7,-7.894261999012989e-7,-8.561516112650682e-7
t7492,-7.997751919422418e-7,-9.165775651202e-7,-8.036116651029235e-7,-8.757364532410245e-7
t7493,-7.754136291075518e-7,-8.759471522675829e-7,-7.837847412228545e-7,-8.659153291271688e-7
t7494,-8.078969307901441e-7,-9.117813716375326e-7,-8.16660084070731e-7,-9.000873786147382e-7
t7495,-8.776576812379027e-7,-9.997453834715912e-7,-8.838789636003212e-7,-9.651282305525596e-7
t7496,-4.407643594132349e-7,-4.2466785543624733e-7,-4.7630408222427705e-7,-6.157397284358725e-7
t7497,-2.0848034982228846e-7,-1.1840221803719622e-7,-2.6785642598311543e-7,-4.4816068381510293e-7
t7498,-1.542812213659133e-7,-4.547190859814418e-8,-2.1468425925209935e-7,-3.9754359262447065e-7
t7499,-1.3245331837357956e-7,-2.544276209543768e-8,-1.8999436369065298e-7,-3.6769632958523647e-7
t7500,-1.1648779308482469e-7,-1.8868325278290728e-8,-1.6938407750318023e-7,-3.284449619267247e-7
t7501,-1.0953051644317563e-7,-1.7690728722038544e-8,-1.6136969383115155e-7,-3.1792035052814985e-7
t7502,-1.1024036362492461e-7,-1.9673969327493766e-8,-1.6135404754096494e-7,-3.2172704151556325e-7
t7503,-1.1875245812938869e-7,-3.274235907421377e-8,-1.6978462697539436e-7,-3.2687671487649934e-7
t7504,-1.4134566906057058e-7,-6.958451392390768e-8,-1.898271127803514e-7,-3.423245475262107e-7
t7505,-2.465762407745863e-7,-2.0960220138028287e-7,-2.8391679365041323e-7,-4.217069824912331e-7
t7506,-7.279677401097041e-7,-8.436363516830421e-7,-7.31563478517439e-7,-8.017064578206325e-7
t7507,-1.2982831800721641e-6,-1.6012139004441521e-6,-1.2608946380953741e-6,-1.2751726625905018e-6
t7508,-1.2011052220550784e-6,-1.4733060607732647e-6,-1.1714454502752392e-6,-1.1986488017228128e-6
t7509,-1.120597754068783e-6,-1.3634400865232011e-6,-1.0977444701543909e-6,-1.1358276820555656e-6
t7510,-1.0084746902656666e-6,-1.2219849914775828e-6,-9.914639064998918e-7,-1.0374395617528194e-6
t7511,-8.375009445732161e-7,-1.0036989515894525e-6,-8.301386662883983e-7,-8.881384063074186e-7
t7512,-8.273226168894447e-7,-9.868944584104119e-7,-8.211971900903702e-7,-8.818564867770935e-7
t7513,-8.13787316088495e-7,-9.649197716425942e-7,-8.094106102113437e-7,-8.72155380876528e-7
t7514,-7.96224462469417e-7,-9.381547686543065e-7,-7.938639082559389e-7,-8.599518919323038e-7
t7515,-7.726812333138356e-7,-8.978252842673712e-7,-7.740455680775152e-7,-8.460908390480686e-7
t7516,-7.392485991435285e-7,-8.406645112347024e-7,-7.462286437651068e-7,-8.286226721849895e-7
t7517,-6.841131567653822e-7,-7.544609573571882e-7,-6.987894353779642e-7,-7.970914920786042e-7
t7518,-6.202621944576033e-7,-6.638406062220545e-7,-6.409350939615757e-7,-7.513102557683636e-7
t7519,-5.539672232634501e-7,-5.724876907688635e-7,-5.804924074386053e-7,-7.031893372805902e-7
t7520,-3.681409938616283e-7,-3.319359350394191e-7,-4.092307982598028e-7,-5.665773759863722e-7
t7521,-2.1919339303201604e-7,-1.335811847203022e-7,-2.773908676082804e-7,-4.6063388283647173e-7
t7522,-1.6469562627027837e-7,-6.152706933988774e-8,-2.246132531150916e-7,-4.059321453641688e-7
t7523,-1.4389044161335594e-7,-3.528762599308813e-8,-2.034012394253546e-7,-3.8279255370498806e-7
t7524,-1.3331052266177126e-7,-2.653908100393212e-8,-1.913827824983561e-7,-3.6572203761865254e-7
t7525,-1.259226991369526e-7,-2.6791012663120656e-8,-1.802537303971776e-7,-3.4621094407650133e-7
t7526,-1.2553975222133879e-7,-3.268137065116709e-8,-1.77820632344504e-7,-3.405577728982385e-7
t7527,-1.341551790739935e-7,-5.0500117952133957e-8,-1.8588696541599512e-7,-3.4460982096625135e-7
t7528,-1.573053622526325e-7,-8.917100217926341e-8,-2.058279257251611e-7,-3.591666197689852e-7
t7529,-2.3199439464744364e-7,-1.913152812583664e-7,-2.7173623398499266e-7,-4.095217244993274e-7
t7530,-4.52225564336023e-7,-4.7596891856203885e-7,-4.732639092149201e-7,-5.738728733587375e-7
t7531,-6.000707817024762e-7,-6.734719513564161e-7,-6.10845977266186e-7,-6.936612369274878e-7
t7532,-5.6726009624187e-7,-6.284343062552309e-7,-5.802791030754479e-7,-6.68882225381993e-7
t7533,-5.587773671146618e-7,-6.151971298522218e-7,-5.727990791774709e-7,-6.622264902156633e-7
t7534,-5.39500174458217e-7,-5.911831547592012e-7,-5.545776832963512e-7,-6.446044329553631e-7
t7535,-5.053564096818933e-7,-5.525421797129131e-7,-5.215092211626742e-7,-6.106785795539253e-7
t7536,-5.006081797686904e-7,-5.46778616914294e-7,-5.169139489752198e-7,-6.063925727848815e-7
t7537,-4.809428456875565e-7,-5.209028438963023e-7,-4.987611331573456e-7,-5.900679494774819e-7
t7538,-4.6783231542874744e-7,-5.016227024625396e-7,-4.873540177384798e-7,-5.804771064537739e-7
t7539,-4.64972340154306e-7,-4.912054597166471e-7,-4.86588005199393e-7,-5.852111294262832e-7
t7540,-4.601328599222701e-7,-4.771879543721284e-7,-4.844506502713543e-7,-5.903636619603654e-7
t7541,-4.507443639365125e-7,-4.5805733190972833e-7,-4.785031208688086e-7,-5.918265972722629e-7
t7542,-4.2122395735939795e-7,-4.138702101587972e-7,-4.532242249806173e-7,-5.774883355543478e-7
t7543,-3.800779181421445e-7,-3.5728028380269067e-7,-4.170628514977737e-7,-5.525185854028997e-7
t7544,-2.2236448310857612e-7,-1.489581125905063e-7,-2.770866355052587e-7,-4.470966783151921e-7
t7545,-1.496593997458713e-7,-3.825276690842881e-8,-2.130616552164974e-7,-3.9703694718701397e-7
t7546,-1.1345127955173976e-7,-1.520743724385918e-8,-1.6895408410012123e-7,-3.300021203928449e-7
t7547,-9.726238475391997e-8,-8.451376141383151e-9,-1.4509179415966026e-7,-2.805558449870612e-7
t7548,-9.334934233667126e-8,-6.961095187335335e-9,-1.3874219861200742e-7,-2.6994913689453545e-7
t7549,-8.652145747270672e-8,-5.842703329465456e-9,-1.305150416929675e-7,-2.5399267049144143e-7
t7550,-8.71055969425276e-8,-7.34954544378901e-9,-1.3109124581584216e-7,-2.5911037048456607e-7
t7551,-9.828585435797775e-8,-1.2163863649248893e-8,-1.4723730395012225e-7,-2.9587196682635825e-7
t7552,-1.142576754115487e-7,-2.763078446107998e-8,-1.657131600073189e-7,-3.1932792371122876e-7
t7553,-1.542140360666149e-7,-7.982020578260619e-8,-2.0359922459538757e-7,-3.565938080983241e-7
t7554,-4.053531419397279e-7,-4.094180845506971e-7,-4.3061258230549287e-7,-5.402880587058737e-7
t7555,-9.588615716194319e-7,-1.1478005303438006e-6,-9.479150335329177e-7,-9.957064845539893e-7
t7556,-9.808973491757424e-7,-1.1752890108982993e-6,-9.688782920793301e-7,-1.0161296429296604e-6
t7557,-1.0298370512429182e-6,-1.2337765532679006e-6,-1.0158615757752024e-6,-1.0616021820326807e-6
t7558,-1.0413071765797175e-6,-1.2509645555448042e-6,-1.0255696043026568e-6,-1.0681567225736797e-6
t7559,-1.0098793829840113e-6,-1.2149374928936783e-6,-9.943265348916331e-7,-1.0355443001973723e-6
t7560,-1.0204475739676793e-6,-1.2272486568450274e-6,-1.0039561376553348e-6,-1.0432990620093904e-6
t7561,-1.0278593328261746e-6,-1.2434811849302162e-6,-1.0085197418753017e-6,-1.0417212367822083e-6
t7562,-1.1299933813416442e-6,-1.3785890878066159e-6,-1.1022223476231599e-6,-1.1239670082841303e-6
t7563,-1.2936328191800694e-6,-1.5874726636215846e-6,-1.2541170984763177e-6,-1.2612866013922467e-6
t7564,-1.3756615750435316e-6,-1.6835139249800158e-6,-1.3325490298977258e-6,-1.3354989355095293e-6
t7565,-1.332309481912484e-6,-1.6198319979411047e-6,-1.297028105545359e-6,-1.3089199093980642e-6
t7566,-1.1932267583218197e-6,-1.4304752838654349e-6,-1.1717411554912993e-6,-1.2020674452082933e-6
t7567,-1.0180718405844658e-6,-1.1947403353510342e-6,-1.0112324695707328e-6,-1.062328315740131e-6
t7568,-3.447193410277426e-7,-3.0977455759695686e-7,-3.858549886899186e-7,-5.287821360400707e-7
t7569,-1.661277120979844e-7,-6.925663593855165e-8,-2.2732599619237512e-7,-4.02361000856078e-7
t7570,-1.2746264665457017e-7,-2.7353284724869102e-8,-1.8716393682397684e-7,-3.5712068767575147e-7
t7571,-1.0817862381596792e-7,-1.5470222379797646e-8,-1.606364886487508e-7,-3.050229153754818e-7
t7572,-1.0026618292685629e-7,-1.1777884495358985e-8,-1.5039472224411033e-7,-2.876141532517185e-7
t7573,-9.554181264743993e-8,-1.1063523211792898e-8,-1.4479128075222627e-7,-2.7786962849570153e-7
t7574,-9.824050799642503e-8,-1.3617377457564012e-8,-1.491198364727186e-7,-2.8663991698385687e-7
t7575,-1.1138398194180811e-7,-2.071207568894202e-8,-1.677162085318053e-7,-3.2407525645675825e-7
t7576,-1.296711109270537e-7,-3.881829448910936e-8,-1.8749891004769502e-7,-3.5124149760083175e-7
t7577,-1.8324684743093826e-7,-1.1332606694021329e-7,-2.3725927325512752e-7,-3.9516263834849713e-7
t7578,-6.443468477667465e-7,-7.126536444561622e-7,-6.593775226402317e-7,-7.499398590120478e-7
t7579,-1.918476589307998e-6,-2.3672483994694162e-6,-1.8365111792352536e-6,-1.7973979648403822e-6
t7580,-2.005244280881183e-6,-2.473847664762801e-6,-1.9157259331852437e-6,-1.8690849888309527e-6
t7581,-2.071815307844102e-6,-2.5531920826126943e-6,-1.9760302464327386e-6,-1.9222075599415254e-6
t7582,-2.1653086391455727e-6,-2.6657690529723107e-6,-2.0562629096278527e-6,-1.985402983861147e-6
t7583,-1.7856056120780472e-6,-2.211252124410202e-6,-1.6958098417603179e-6,-1.6492047147872152e-6
t7584,-1.5969685171183082e-6,-1.9860451519879645e-6,-1.518983471205199e-6,-1.4876994431631188e-6
t7585,-1.9952666160601345e-6,-2.4623096854751177e-6,-1.8859754760891127e-6,-1.8148457060219676e-6
t7586,-2.3144677247668806e-6,-2.8441468695411445e-6,-2.1842963009417263e-6,-2.0874314898535148e-6
t7587,-2.205994861432645e-6,-2.7111070178258314e-6,-2.0915869979748813e-6,-2.0146668800278772e-6
t7588,-2.001854043003028e-6,-2.4603182255180076e-6,-1.910893743252094e-6,-1.8627732879529535e-6
t7589,-1.7009691619641737e-6,-2.0803738464414742e-6,-1.6388814959007713e-6,-1.6263596029440263e-6
t7590,-1.3851494231053388e-6,-1.6729843906416887e-6,-1.3520401635728967e-6,-1.3751917934893434e-6
t7591,-1.061735247629954e-6,-1.2537452974506284e-6,-1.0511456080323501e-6,-1.1032671045230394e-6
t7592,-3.7510498392773294e-7,-3.54142123282606e-7,-4.135049871806653e-7,-5.50209238588074e-7
t7593,-1.7894966971699146e-7,-7.618724463342453e-8,-2.445239021065523e-7,-4.278451921004761e-7
t7594,-1.3240605205396802e-7,-2.7645808207388612e-8,-1.964860400450075e-7,-3.7293742108327596e-7
t7595,-1.110926866545692e-7,-1.492438884161278e-8,-1.658970701536118e-7,-3.099207308739472e-7
t7596,-1.0582417067004023e-7,-1.1731135648833753e-8,-1.598666932700597e-7,-3.0257381407839026e-7
t7597,-1.0051984416566517e-7,-9.903429795628078e-9,-1.5297731600455912e-7,-2.897878835740008e-7
t7598,-9.871309085900388e-8,-1.0171788768074591e-8,-1.5086533109402018e-7,-2.8419742835238996e-7
t7599,-1.0374100657529248e-7,-1.4016686836505304e-8,-1.5832806225164385e-7,-3.0088055104938257e-7
t7600,-1.3057220685014414e-7,-2.7481933851661247e-8,-1.9494660025588273e-7,-3.7142307861055926e-7
t7601,-1.6574826192262712e-7,-7.121778396981071e-8,-2.297491197247949e-7,-4.0710322116786205e-7
t7602,-3.610481668271046e-7,-3.330259433233543e-7,-4.027489272008609e-7,-5.491076241748525e-7
t7603,-6.873092998501857e-7,-7.545408235348645e-7,-7.051679932499074e-7,-8.047851001516385e-7
t7604,-6.474431739780862e-7,-7.008807723856602e-7,-6.677980520095797e-7,-7.7166797300855e-7
t7605,-6.223929280184798e-7,-6.675949332451774e-7,-6.440480278318177e-7,-7.508500379943633e-7
t7606,-6.202265112070715e-7,-6.731818811402396e-7,-6.394530621501448e-7,-7.360336969834167e-7
t7607,-6.376820735551245e-7,-7.087773496185105e-7,-6.514263414580461e-7,-7.349655655076394e-7
t7608,-6.731162842556929e-7,-7.594501820768223e-7,-6.830570568556251e-7,-7.59349401719829e-7
t7609,-7.441965682231396e-7,-8.537698862685263e-7,-7.490459648108516e-7,-8.173094595892408e-7
t7610,-8.132495667819995e-7,-9.452401008877957e-7,-8.1304781254676e-7,-8.736735755652151e-7
t7611,-8.518353274439001e-7,-9.925026760671722e-7,-8.49919744429916e-7,-9.079912825779958e-7
t7612,-8.411997812577038e-7,-9.697074453067363e-7,-8.428866164385247e-7,-9.080034882689136e-7
t7613,-7.885797164019366e-7,-8.908798578877148e-7,-7.970996501555541e-7,-8.738778637532853e-7
t7614,-7.507924163725363e-7,-8.341833505772923e-7,-7.641054627853908e-7,-8.49819780894555e-7
t7615,-7.119566295265828e-7,-7.779774115067113e-7,-7.298709903416294e-7,-8.259178843266963e-7
t7616,-3.0965720012765357e-7,-2.587603379309966e-7,-3.5933259699456716e-7,-5.195366412054753e-7
t7617,-1.7443436061082393e-7,-6.555210622044831e-8,-2.407158143636778e-7,-4.267246134787557e-7
t7618,-1.3108456983942652e-7,-2.6134788864954504e-8,-1.920214139181732e-7,-3.6780548918066345e-7
t7619,-1.0499637173501578e-7,-1.3396543954383814e-8,-1.5554472551595076e-7,-2.9866052489321673e-7
t7620,-9.694022188079277e-8,-9.84115439409942e-9,-1.4430522004174157e-7,-2.7802159043525015e-7
t7621,-9.107849811440874e-8,-8.692037363227237e-9,-1.3701149834862324e-7,-2.662003177597714e-7
t7622,-9.341814821041924e-8,-1.0368670268110134e-8,-1.3989019220999654e-7,-2.7532032338325113e-7
t7623,-1.0383793888811429e-7,-1.5397095476825577e-8,-1.554383137174374e-7,-3.089179744803065e-7
t7624,-1.1974380141989206e-7,-3.263213059578863e-8,-1.7250178424642462e-7,-3.287167724489841e-7
t7625,-1.5997158551441889e-7,-9.388193656299686e-8,-2.0799949330757577e-7,-3.5713283599289333e-7
t7626,-4.313643584058408e-7,-4.491411932195086e-7,-4.5416026122136563e-7,-5.562786632929781e-7
t7627,-8.320275369971441e-7,-9.861566050350428e-7,-8.27823041232966e-7,-8.835055917099511e-7
t7628,-7.773763349167787e-7,-9.095124233643147e-7,-7.771431119141828e-7,-8.388905450671067e-7
t7629,-8.020655945341841e-7,-9.333808242152252e-7,-8.021197115088697e-7,-8.650141730986946e-7
t7630,-8.53591018688915e-7,-1.0037026910086445e-6,-8.495298277763749e-7,-9.047903290084115e-7
t7631,-8.605486414097683e-7,-1.0236815302705537e-6,-8.5328537473999e-7,-9.020611702996037e-7
t7632,-9.268713470177996e-7,-1.1109582586418272e-6,-9.149974349859411e-7,-9.574833238025482e-7
t7633,-1.0353615994718903e-6,-1.2463696560778964e-6,-1.017843086905201e-6,-1.0539299771328406e-6
t7634,-1.0915317772438146e-6,-1.3150594370362905e-6,-1.071218282102641e-6,-1.104222457891876e-6
t7635,-1.1532955288310248e-6,-1.387119739524934e-6,-1.1316480420733574e-6,-1.16437479101736e-6
t7636,-1.1877941935040364e-6,-1.422983412578831e-6,-1.1674990270270257e-6,-1.2036350810397181e-6
t7637,-1.234797255700992e-6,-1.4768769529143158e-6,-1.2147882311925515e-6,-1.251914007040138e-6
t7638,-1.295243852933758e-6,-1.5510409845682721e-6,-1.2739814292727074e-6,-1.309947713068548e-6
t7639,-1.3237874940203266e-6,-1.5858626280261726e-6,-1.3024632494472605e-6,-1.3396558314509737e-6
t7640,-4.5663639829232177e-7,-4.3913128241055314e-7,-4.928963325570856e-7,-6.363480661489691e-7
t7641,-1.986537382327536e-7,-9.79137166959345e-8,-2.592240168177839e-7,-4.435344044043844e-7
t7642,-1.4552305752548078e-7,-3.955357739242063e-8,-2.048757482760726e-7,-3.8244086998793e-7
t7643,-1.1913570017266277e-7,-2.2855914416177064e-8,-1.7242655291347368e-7,-3.299999346458075e-7
t7644,-1.0859645185836362e-7,-1.8564537944741883e-8,-1.57864931431219e-7,-3.0190008629353854e-7
t7645,-1.0271692224784193e-7,-1.6016587620552048e-8,-1.5088392300120128e-7,-2.9225934486289893e-7
t7646,-1.0239096998611715e-7,-1.4887741782610729e-8,-1.5255916073061386e-7,-3.013514150321446e-7
t7647,-1.0984118064618157e-7,-2.143092161629921e-8,-1.6067157928919368e-7,-3.1592121382388586e-7
t7648,-1.2670263892374364e-7,-4.461672565885438e-8,-1.7791694999543901e-7,-3.3078750378314396e-7
t7649,-1.8786984123819398e-7,-1.3079376919359765e-7,-2.3292663785830477e-7,-3.770336291242764e-7
t7650,-7.186014563267928e-7,-8.29483639445688e-7,-7.229572026752476e-7,-7.890363000824701e-7
t7651,-2.228690617639174e-6,-2.750925678208679e-6,-2.1143173159732943e-6,-2.0146114546701403e-6
t7652,-2.2353929453668376e-6,-2.7529862456853552e-6,-2.1212140590149925e-6,-2.021277178990775e-6
t7653,-2.3526514897305444e-6,-2.8913558108144154e-6,-2.2297203670385335e-6,-2.1191278977631356e-6
t7654,-2.2088835716933574e-6,-2.7046128152149917e-6,-2.0944501382284755e-6,-1.9973569098729687e-6
t7655,-1.257151286745677e-6,-1.5621906862811065e-6,-1.2094511463584415e-6,-1.2104654023644384e-6
t7656,-1.508908747120672e-6,-1.8778051426882978e-6,-1.4399372816825656e-6,-1.414054146051373e-6
t7657,-1.711328444745423e-6,-2.123082663341744e-6,-1.6228318513427917e-6,-1.5725853983264388e-6
t7658,-2.5346053385020237e-6,-3.1026979133882506e-6,-2.383244107937325e-6,-2.242753664784598e-6
t7659,-4.0101864774410654e-6,-4.76428776963451e-6,-3.7516159662438035e-6,-3.4449052198904224e-6
t7660,-4.53942971233413e-6,-5.368473850368458e-6,-4.257504550645215e-6,-3.905902192143418e-6
t7661,-4.482420302891165e-6,-5.327629218544809e-6,-4.2177979902320915e-6,-3.88919912820539e-6
t7662,-4.093916408512855e-6,-4.901247879867988e-6,-3.859590138626003e-6,-3.577093855793381e-6
t7663,-3.47754861693427e-6,-4.214858413926574e-6,-3.2887706888659973e-6,-3.082764647133953e-6
t7664,-6.960280085734601e-7,-7.555242810030998e-7,-7.148994659563424e-7,-8.203697267582805e-7
t7665,-2.1760315718123163e-7,-1.2778248222979167e-7,-2.7597144429579465e-7,-4.537314043804952e-7
t7666,-1.5203453090357924e-7,-4.840212563423531e-8,-2.122614930929363e-7,-3.8821477478641595e-7
t7667,-1.2585840824496985e-7,-2.7998562441332274e-8,-1.811823142186791e-7,-3.428317262672718e-7
t7668,-1.1345596922818055e-7,-2.1639998027319357e-8,-1.6433336909979222e-7,-3.100853280224861e-7
t7669,-1.0710848434445474e-7,-1.9414537223784642e-8,-1.5671023718079846e-7,-3.0041606898663114e-7
t7670,-1.0714555204344257e-7,-1.818748929935232e-8,-1.584573410334061e-7,-3.0917176032660615e-7
t7671,-1.1535716511892272e-7,-2.5907300898224788e-8,-1.6836946112903909e-7,-3.24838169244919e-7
t7672,-1.360237140516514e-7,-5.549335233266883e-8,-1.879143136702126e-7,-3.42231743482066e-7
t7673,-2.2712874275764054e-7,-1.8143514256300286e-7,-2.6899277171364455e-7,-4.070309519321943e-7
t7674,-1.017156643344604e-6,-1.2270797275857526e-6,-1.0015737670178094e-6,-1.039219193599324e-6
t7675,-2.860382668725414e-6,-3.4982277618631186e-6,-2.697569966257681e-6,-2.529514684022665e-6
t7676,-3.1502993876657367e-6,-3.82901948625738e-6,-2.9658900493057497e-6,-2.7666725641546823e-6
t7677,-3.340336850042162e-6,-4.040517531786648e-6,-3.1415830629819957e-6,-2.9213734476199333e-6
t7678,-3.2272567124431262e-6,-3.913416607141705e-6,-3.033262924194609e-6,-2.826835952202506e-6
t7679,-2.5501803246162376e-6,-3.1222726543526315e-6,-2.4015378568237204e-6,-2.267373990086025e-6
t7680,-2.740826750353039e-6,-3.3395604301784e-6,-2.5774627621176043e-6,-2.421897639532212e-6
t7681,-3.431792089969042e-6,-4.125486736695543e-6,-3.2170542526674024e-6,-2.9833158629150654e-6
t7682,-4.061640275569869e-6,-4.835240329504682e-6,-3.805058579660443e-6,-3.4976867520051396e-6
t7683,-4.535412578118792e-6,-5.364124168854749e-6,-4.251803550953528e-6,-3.891960359513639e-6
t7684,-4.536197370831567e-6,-5.377120417525685e-6,-4.262061420517233e-6,-3.9175200819020194e-6
t7685,-4.3043354606822705e-6,-5.140164948591608e-6,-4.056345156813972e-6,-3.7509975891217735e-6
t7686,-3.912936464705431e-6,-4.713867423064657e-6,-3.6967364651052774e-6,-3.4422113089164572e-6
t7687,-3.291499421715912e-6,-4.007217757933755e-6,-3.121427062858215e-6,-2.9421064681682008e-6
t7688,-7.067609490228842e-7,-7.66925178301984e-7,-7.262497414369119e-7,-8.364992175037458e-7
t7689,-2.17394429017791e-7,-1.2529286307375872e-7,-2.770116746877175e-7,-4.6043913205155057e-7
t7690,-1.4911460995652226e-7,-4.378189102864571e-8,-2.0867584802494537e-7,-3.8898745813422463e-7
t7691,-1.2263233988960114e-7,-2.464725941794289e-8,-1.757589639435723e-7,-3.3661501162768065e-7
t7692,-1.1114335568027816e-7,-1.9035037776840998e-8,-1.6013691210716155e-7,-3.057870522086619e-7
t7693,-1.0514066265730828e-7,-1.7279333631540833e-8,-1.5365156007836126e-7,-2.9660864746140703e-7
t7694,-1.0533577018916433e-7,-1.6337436459399637e-8,-1.555744268777584e-7,-3.061272452761908e-7
t7695,-1.1502945458473074e-7,-2.3953174101246902e-8,-1.6681975832481586e-7,-3.268441363344397e-7
t7696,-1.349391216363996e-7,-5.1367465552210675e-8,-1.8682549602518373e-7,-3.4493424296486025e-7
t7697,-2.223236005693413e-7,-1.755587818897852e-7,-2.637139584074444e-7,-4.077680207377359e-7
t7698,-1.104466519170768e-6,-1.3384556265393086e-6,-1.0816848765788148e-6,-1.1129027509149324e-6
t7699,-4.5853870678497426e-6,-5.395183076817189e-6,-4.325402676590049e-6,-3.955420693349845e-6
t7700,-5.634204544048034e-6,-6.51364841746513e-6,-5.32506076075651e-6,-4.843445099506343e-6
t7701,-6.837437447290189e-6,-7.78805410454808e-6,-6.457085945469158e-6,-5.844451030322032e-6
t7702,-7.008566567860722e-6,-7.958346659746231e-6,-6.627432188892655e-6,-6.01682484695262e-6
t7703,-3.2715033303251467e-6,-3.879049604381278e-6,-3.054595869064837e-6,-2.8081938783670466e-6
t7704,-2.807718155033192e-6,-3.354651675069543e-6,-2.621462847466177e-6,-2.430673218347566e-6
t7705,-2.2125602855204903e-6,-2.67689870433914e-6,-2.0720339874326453e-6,-1.9547711535945872e-6
t7706,-2.6655477269717783e-6,-3.2147966662702485e-6,-2.4876457969003594e-6,-2.3235789437806396e-6
t7707,-4.858133827292831e-6,-5.666854904937094e-6,-4.5606783714615625e-6,-4.171201210107331e-6
t7708,-4.996332385868346e-6,-5.860328278809008e-6,-4.68273309546279e-6,-4.284488934391655e-6
t7709,-4.420922693084886e-6,-5.249226787430187e-6,-4.153876192750653e-6,-3.841212639392086e-6
t7710,-3.571842673579136e-6,-4.312637240239429e-6,-3.366717735815339e-6,-3.1536739235839326e-6
t7711,-2.654960684505332e-6,-3.253102377962828e-6,-2.523408485906146e-6,-2.414899432295135e-6
t7712,-6.868994743348274e-7,-7.493558616533507e-7,-7.048315902172958e-7,-8.100627048412978e-7
t7713,-2.2877885252668763e-7,-1.4530948617504053e-7,-2.8628475911938405e-7,-4.6578143368372943e-7
t7714,-1.5698097732895326e-7,-5.3571354891910994e-8,-2.175273697380765e-7,-3.969704341632989e-7
t7715,-1.2689009830062854e-7,-2.760141993796395e-8,-1.8285977424678783e-7,-3.4738260513064547e-7
t7716,-1.1449955991725656e-7,-2.122108404104211e-8,-1.6662865066461697e-7,-3.17773759318923e-7
t7717,-1.0868048159607089e-7,-1.9272832644919986e-8,-1.6011624669189108e-7,-3.0800196045166335e-7
t7718,-1.086611245578857e-7,-1.8670249192001906e-8,-1.6173326294293553e-7,-3.172014867961144e-7
t7719,-1.1818559153445065e-7,-2.8142468970878652e-8,-1.717017892465541e-7,-3.2928546550524316e-7
t7720,-1.4074818929209802e-7,-5.993053129536913e-8,-1.933421324804683e-7,-3.4858303456261353e-7
t7721,-2.565430258860266e-7,-2.1224258876184064e-7,-2.974491169289532e-7,-4.354432964035887e-7
t7722,-1.333128103827215e-6,-1.635065533548278e-6,-1.2965639126089e-6,-1.306377611452715e-6
t7723,-4.681310579302921e-6,-5.527987894113443e-6,-4.402223311531112e-6,-4.017255784091677e-6
t7724,-5.452924949491675e-6,-6.361563242447584e-6,-5.134031544647823e-6,-4.666004870531195e-6
t7725,-5.935565727396334e-6,-6.890982466840656e-6,-5.5928169840078925e-6,-5.082518305445612e-6
t7726,-6.288993030932836e-6,-7.2503893767809335e-6,-5.9183071013961e-6,-5.363782070529641e-6
t7727,-6.378207879248002e-6,-7.317691846701552e-6,-6.004428760443385e-6,-5.441295451515848e-6
t7728,-6.662987744315584e-6,-7.612411395227435e-6,-6.2705999178252415e-6,-5.680728489094637e-6
t7729,-6.015001139909218e-6,-6.880669517175061e-6,-5.658302617057852e-6,-5.1399199730449055e-6
t7730,-6.032679777210705e-6,-6.899307009529417e-6,-5.671428833802524e-6,-5.153410517607054e-6
t7731,-6.583848624312754e-6,-7.516760616882824e-6,-6.187007717741163e-6,-5.60536421235168e-6
t7732,-6.5637860673893956e-6,-7.518856294207611e-6,-6.1654226419764144e-6,-5.584364392148917e-6
t7733,-6.116605240089868e-6,-7.0697220607786675e-6,-5.747758683295041e-6,-5.231957476714202e-6
t7734,-5.4614653886875675e-6,-6.394839623047087e-6,-5.133633685525497e-6,-4.690914005036355e-6
t7735,-4.6068117932579965e-6,-5.463540849098526e-6,-4.3317896059336675e-6,-3.986819158137115e-6
t7736,-9.590465813706518e-7,-1.1100638183540378e-6,-9.58741718752179e-7,-1.0310231562253316e-6
t7737,-2.2627322888607834e-7,-1.4978553326234616e-7,-2.8309030790029356e-7,-4.535644316345168e-7
t7738,-1.538889884325994e-7,-5.373967457059405e-8,-2.1578688599596676e-7,-3.934413728571754e-7
t7739,-1.2706568775126784e-7,-2.7825826138942862e-8,-1.8511110797487874e-7,-3.481252067906255e-7
t7740,-1.1004942855374637e-7,-1.8309209781220836e-8,-1.6354179921260777e-7,-3.1109727926883513e-7
t7741,-1.0309357417673002e-7,-1.5294444573244986e-8,-1.551940746281328e-7,-2.961799113994083e-7
t7742,-1.0390329588152586e-7,-1.5998791341360276e-8,-1.5767562724240514e-7,-3.0385267617706443e-7
t7743,-1.14369386512799e-7,-2.188044776010499e-8,-1.7099934733542642e-7,-3.3087710678866745e-7
t7744,-1.3087406393560684e-7,-3.908380694305886e-8,-1.8976166075687281e-7,-3.524382083141094e-7
t7745,-1.8014166069568233e-7,-1.0741698880806559e-7,-2.3587621012068187e-7,-3.9421235184914416e-7
t7746,-5.699927647340932e-7,-6.125659117443685e-7,-5.912889358062967e-7,-6.87089028807927e-7
t7747,-1.3586388641103211e-6,-1.6533668540834463e-6,-1.3227538793264003e-6,-1.3389455278280745e-6
t7748,-1.4338468424635329e-6,-1.7478847234950727e-6,-1.3919821086102047e-6,-1.4024745166203735e-6
t7749,-1.6406219657363825e-6,-2.011072261230933e-6,-1.5816060615527304e-6,-1.5726737054637605e-6
t7750,-1.9545658996455555e-6,-2.406952094092311e-6,-1.8630826171481102e-6,-1.8154861516808104e-6
t7751,-2.082780825852029e-6,-2.5688374731709094e-6,-1.96681290346453e-6,-1.88915681957686e-6
t7752,-2.1480674395576174e-6,-2.6453528640492743e-6,-2.0223753215447807e-6,-1.931559549128081e-6
t7753,-2.784674478383508e-6,-3.3896284225313684e-6,-2.606996753396398e-6,-2.4486148018478677e-6
t7754,-3.2635235931474783e-6,-3.9442158134016215e-6,-3.051826920216719e-6,-2.8492859982455275e-6
t7755,-3.4403058678947045e-6,-4.147947768208793e-6,-3.2197142853754633e-6,-3.0064085858403065e-6
t7756,-3.3916147349848987e-6,-4.100382662327761e-6,-3.1816353562991814e-6,-2.9802139314968696e-6
t7757,-2.8861068577985378e-6,-3.5179767997434584e-6,-2.7215394372077606e-6,-2.582381892191133e-6
t7758,-2.3005143212869028e-6,-2.8247802990568696e-6,-2.193010716406748e-6,-2.126129218950599e-6
t7759,-1.9592313957912845e-6,-2.4041957195223708e-6,-1.8829486893545776e-6,-1.8573324779877094e-6
t7760,-6.655920583567608e-7,-7.16445474093895e-7,-6.875457210231703e-7,-7.997993871953649e-7
t7761,-2.3186478398876737e-7,-1.4896336973609998e-7,-2.9490478190618873e-7,-4.789755338410354e-7
t7762,-1.637507730938318e-7,-5.4011625466116563e-8,-2.3178022491114553e-7,-4.222005591672848e-7
t7763,-1.3942363310272806e-7,-3.046262353695344e-8,-2.0331649962830046e-7,-3.839787299963287e-7
t7764,-1.2373871088192565e-7,-2.225314644307844e-8,-1.8419760165134586e-7,-3.486080957601032e-7
t7765,-1.183424961557573e-7,-2.0499319120770192e-8,-1.7862825474660832e-7,-3.3924906998759995e-7
t7766,-1.2541241239868281e-7,-2.4515252549348008e-8,-1.883068473488043e-7,-3.624517420996405e-7
t7767,-1.4346149009664582e-7,-3.8397014241080937e-8,-2.08671504126504e-7,-3.9440553708168935e-7
t7768,-1.6702734807149826e-7,-7.073827677061356e-8,-2.3130042141566935e-7,-4.1292968682945855e-7
t7769,-2.412096106131593e-7,-1.7563879283785803e-7,-2.9682662834856543e-7,-4.633150496878746e-7
t7770,-5.567244146501227e-7,-5.786178438621212e-7,-5.843198461329737e-7,-6.946991701491591e-7
t7771,-8.584259207129276e-7,-9.734295679619233e-7,-8.665982797998272e-7,-9.408399988906036e-7
t7772,-8.140663500556564e-7,-9.120382159613633e-7,-8.25794398443158e-7,-9.049135148577521e-7
t7773,-7.486580275790525e-7,-8.246341807224289e-7,-7.650668367567284e-7,-8.519525492818346e-7
t7774,-6.556153147737104e-7,-7.13340616250846e-7,-6.745024759637371e-7,-7.608306668810322e-7
t7775,-5.454938141760513e-7,-5.801096773876907e-7,-5.679873751039874e-7,-6.586060800763916e-7
t7776,-4.416125825787689e-7,-4.480588962938069e-7,-4.710174974648062e-7,-5.741225046490192e-7
t7777,-3.697395254264651e-7,-3.590143200825586e-7,-4.032183001105268e-7,-5.15013541455454e-7
t7778,-3.3125785356493684e-7,-3.098976073208302e-7,-3.6865689012126115e-7,-4.864773334654153e-7
t7779,-2.9507852441546755e-7,-2.6188590095315763e-7,-3.369777137019927e-7,-4.6564330969699686e-7
t7780,-2.723643410977139e-7,-2.2826290406773e-7,-3.190132442656897e-7,-4.6038840315630425e-7
t7781,-2.6060479251219294e-7,-2.0668220218147362e-7,-3.1106635585504673e-7,-4.63136920223419e-7
t7782,-2.5796859847112705e-7,-1.9707503387563367e-7,-3.1144175453331344e-7,-4.7084260926211243e-7
t7783,-2.5626131448946164e-7,-1.8964908328980183e-7,-3.1235803552781613e-7,-4.776913284843107e-7
t7784,-1.9918495685628368e-7,-1.0794126435886723e-7,-2.6383312590076317e-7,-4.428860387273293e-7
t7785,-1.5106654513814385e-7,-3.077952100153302e-8,-2.197648604617661e-7,-4.111391923806229e-7
t7786,-1.1045772146260997e-7,-1.2186856737033416e-8,-1.6675582532975936e-7,-3.2300354251287734e-7
t7787,-9.759335220776343e-8,-7.383627569967479e-9,-1.4671169487951152e-7,-2.8294238835573266e-7
t7788,-9.263075437213375e-8,-5.700312532004984e-9,-1.395227731104705e-7,-2.698707403101497e-7
t7789,-8.67588937995039e-8,-4.504742914272947e-9,-1.3178819988247328e-7,-2.551683384734093e-7
t7790,-8.532659640906181e-8,-5.297412946221015e-9,-1.2962194940136955e-7,-2.513600140249851e-7
t7791,-9.489410875287267e-8,-9.403059512159845e-9,-1.437637218713227e-7,-2.848609475969839e-7
t7792,-1.1385124680837207e-7,-2.164317369960349e-8,-1.6769612046344583e-7,-3.230533594831949e-7
t7793,-1.3888459066501828e-7,-6.265274788319647e-8,-1.9030466330114957e-7,-3.3698125899947506e-7
t7794,-2.993341725706925e-7,-2.7430632649881774e-7,-3.3208930346128495e-7,-4.463481449107221e-7
t7795,-4.5703605779093794e-7,-4.7668148844577497e-7,-4.780369100266749e-7,-5.69071072243814e-7
t7796,-4.325775831224487e-7,-4.425610466418115e-7,-4.556371080364766e-7,-5.506222569713451e-7
t7797,-4.2755044098435424e-7,-4.3053741712895223e-7,-4.529783216796814e-7,-5.546161727202665e-7
t7798,-4.3685166181010563e-7,-4.4558882118693013e-7,-4.6124482024704016e-7,-5.602216967548387e-7
t7799,-4.5407927587365124e-7,-4.744476875120744e-7,-4.759830168761524e-7,-5.686067177548532e-7
t7800,-4.854279552792408e-7,-5.154029211413908e-7,-5.054389544400118e-7,-5.940116397960064e-7
t7801,-5.049002776656074e-7,-5.360793316559262e-7,-5.254717140370316e-7,-6.160900049109248e-7
t7802,-4.865491379608256e-7,-5.092380432338119e-7,-5.093210868562387e-7,-6.050733331049182e-7
t7803,-4.464434079391524e-7,-4.5123333306544417e-7,-4.740460062300567e-7,-5.831215532053904e-7
t7804,-4.1709513513584723e-7,-4.0557852153948724e-7,-4.502579046489817e-7,-5.730485576589584e-7
t7805,-4.051635292221443e-7,-3.8384330501446425e-7,-4.414611089570759e-7,-5.743250695648136e-7
t7806,-4.1362612908186676e-7,-3.8832569166943864e-7,-4.520575205034128e-7,-5.922200506376559e-7
t7807,-4.2991084276523985e-7,-4.0428286919264403e-7,-4.6828975645547734e-7,-6.094388697377381e-7
t7808,-2.4715457466878604e-7,-1.633743494109506e-7,-3.062133958574025e-7,-4.886192584727065e-7
t7809,-1.6184809161004562e-7,-4.564969907410977e-8,-2.2689207605293075e-7,-4.158966337891712e-7
t7810,-1.2376498590514366e-7,-2.0726132682410958e-8,-1.8311520113456002e-7,-3.5314189095310797e-7
t7811,-1.0241308842925555e-7,-1.2035409109032776e-8,-1.5289935822180688e-7,-2.946589085217489e-7
t7812,-9.666823629664712e-8,-9.755336325492089e-9,-1.4398073439136187e-7,-2.772578822090831e-7
t7813,-9.166375487778497e-8,-9.011971818125172e-9,-1.3797410697043154e-7,-2.6643661276179405e-7
t7814,-9.319584715844413e-8,-1.0211669035144389e-8,-1.4122487467272361e-7,-2.7665965770124504e-7
t7815,-1.0126431207921265e-7,-1.4207714678092481e-8,-1.5316977034975346e-7,-3.0291895361735973e-7
t7816,-1.1643947783297601e-7,-3.0298082100130713e-8,-1.692737948359059e-7,-3.2237553032309457e-7
t7817,-1.532846222069827e-7,-8.326935364276366e-8,-2.0264479541602436e-7,-3.5083946414111256e-7
t7818,-3.7117154859364623e-7,-3.695929555354433e-7,-3.979931526492191e-7,-5.03330847087982e-7
t7819,-5.623925465397213e-7,-6.195935266533803e-7,-5.765086366335593e-7,-6.572658989839595e-7
t7820,-5.001881682190104e-7,-5.352747983961374e-7,-5.182173326122289e-7,-6.052607333386409e-7
t7821,-4.694222755013858e-7,-4.920986177276152e-7,-4.90088784011416e-7,-5.835637471176051e-7
t7822,-4.581374063230334e-7,-4.797896065783715e-7,-4.792065153892289e-7,-5.719541526675224e-7
t7823,-4.6393506880357805e-7,-4.936165312633459e-7,-4.835913951681232e-7,-5.711908377852591e-7
t7824,-5.219202535189766e-7,-5.700275153986931e-7,-5.381401356096865e-7,-6.192245163972044e-7
t7825,-6.326386093927854e-7,-7.125568879807635e-7,-6.425775056439388e-7,-7.146408676690687e-7
t7826,-7.650115258197344e-7,-8.846908888252134e-7,-7.671302298721257e-7,-8.277446129102575e-7
t7827,-9.186103738470661e-7,-1.0823468116667465e-6,-9.118161275095963e-7,-9.616150146648436e-7
t7828,-1.0386908303209189e-6,-1.2310123425639135e-6,-1.0267633078612767e-6,-1.071265259658087e-6
t7829,-1.0841673689923484e-6,-1.2818555958781698e-6,-1.0728426219198497e-6,-1.119729464175851e-6
t7830,-1.0805175334979824e-6,-1.2690960286735975e-6,-1.0728336559094188e-6,-1.1268971198379415e-6
t7831,-1.0245584650963713e-6,-1.1900589099032344e-6,-1.0228213501296339e-6,-1.0865019448164489e-6
t7832,-3.5660851551472427e-7,-3.1346009517357217e-7,-4.0151097875790835e-7,-5.59899363425555e-7
t7833,-1.7897180482829446e-7,-7.124280380997472e-8,-2.436781653872323e-7,-4.3081316554464533e-7
t7834,-1.3834080368775193e-7,-3.187738468268324e-8,-1.9988017851964058e-7,-3.7947296982625e-7
t7835,-1.1796446849675943e-7,-2.0217377317373997e-8,-1.7159673151042266e-7,-3.233730530168222e-7
t7836,-1.0746204487862192e-7,-1.691543682615494e-8,-1.5754032707060813e-7,-2.980787374607234e-7
t7837,-1.0168173776840503e-7,-1.6451002223131878e-8,-1.5107971979165927e-7,-2.878829364078223e-7
t7838,-1.0263394116569881e-7,-1.5635236916086097e-8,-1.5452480732035644e-7,-3.01228462515152e-7
t7839,-1.1082293678941294e-7,-2.1591727882203947e-8,-1.6475906873748865e-7,-3.20661262176692e-7
t7840,-1.2662127491269456e-7,-4.428816313746046e-8,-1.801948067212397e-7,-3.337987454091285e-7
t7841,-1.9212174944963166e-7,-1.3423389806081298e-7,-2.385789194066625e-7,-3.82873948644125e-7
t7842,-7.570654797153532e-7,-8.802359996497471e-7,-7.592554499460908e-7,-8.22072977170923e-7
t7843,-2.4024959298396394e-6,-2.9593845263968434e-6,-2.2710728776656247e-6,-2.155222963781544e-6
t7844,-2.618506125180005e-6,-3.2165456957748563e-6,-2.471956286523849e-6,-2.3358588567144932e-6
t7845,-2.7834587500964993e-6,-3.411574981618319e-6,-2.623023893701497e-6,-2.474031010880406e-6
t7846,-2.620154333324075e-6,-3.2109699981909886e-6,-2.4671553591619915e-6,-2.3357054167151504e-6
t7847,-2.1193319861177087e-6,-2.6152516355973e-6,-2.0023926159098405e-6,-1.9199888568652247e-6
t7848,-2.4017680304027077e-6,-2.9445109270875267e-6,-2.2599020356457517e-6,-2.1451900175995925e-6
t7849,-3.115891720145422e-6,-3.7768512223951287e-6,-2.917354897962272e-6,-2.7256814958509063e-6
t7850,-3.3561549792248843e-6,-4.046711076317366e-6,-3.1403096107524657e-6,-2.9232290919379187e-6
t7851,-3.4163892988473556e-6,-4.1213508865684014e-6,-3.1957581399294787e-6,-2.9750785953548578e-6
t7852,-3.2532553413314117e-6,-3.940372404737197e-6,-3.052452359598286e-6,-2.8604181677819547e-6
t7853,-2.952248882016224e-6,-3.5992626851497233e-6,-2.7884064156974706e-6,-2.643179383698943e-6
t7854,-2.6390101338006764e-6,-3.2328784068372334e-6,-2.5070403109196925e-6,-2.4026649834806052e-6
t7855,-2.2720920280498505e-6,-2.7898519019404557e-6,-2.172602219802872e-6,-2.113352947450938e-6
t7856,-5.83929591476342e-7,-6.072183270116578e-7,-6.126391372320976e-7,-7.38368004976371e-7
t7857,-2.0685965960906097e-7,-1.113399897813213e-7,-2.7183137015411565e-7,-4.5776041069806547e-7
t7858,-1.4687915394994734e-7,-3.9235250859467365e-8,-2.1244977704347046e-7,-3.993269156413637e-7
t7859,-1.1988362537701207e-7,-2.1189573015618645e-8,-1.7851924942107603e-7,-3.3644865313241895e-7
t7860,-1.0470166662917045e-7,-1.4818114212472735e-8,-1.595688670511588e-7,-3.02681130989227e-7
t7861,-9.685429091717546e-8,-1.2483433049350076e-8,-1.500922619155627e-7,-2.872196277015924e-7
t7862,-9.850485127721826e-8,-1.3618285917936611e-8,-1.5374422277777407e-7,-2.9824782971862855e-7
t7863,-1.0810759863530084e-7,-1.9777421893584853e-8,-1.6724964627513934e-7,-3.241174296276056e-7
t7864,-1.2491143737174148e-7,-3.805586175733246e-8,-1.84434072678441e-7,-3.4339201154916205e-7
t7865,-1.7878652426938786e-7,-1.1205232284287393e-7,-2.3360233225878153e-7,-3.871804117204863e-7
t7866,-5.474321010434316e-7,-5.85347581837154e-7,-5.691439433484814e-7,-6.706880935625226e-7
t7867,-1.2066415455973713e-6,-1.452622812245945e-6,-1.1837971411524493e-6,-1.2246015203253755e-6
t7868,-1.271687596117378e-6,-1.5310509177242305e-6,-1.2468398622449111e-6,-1.2865327874161228e-6
t7869,-1.2922889575111555e-6,-1.551782748073773e-6,-1.2684662390653865e-6,-1.310084417684618e-6
t7870,-1.2587824195463953e-6,-1.5102583831140226e-6,-1.2350499530017752e-6,-1.276562153141442e-6
t7871,-1.2072157071405335e-6,-1.4500379748865991e-6,-1.1834991384984294e-6,-1.2236095724705942e-6
t7872,-1.1750498921086617e-6,-1.431598085290731e-6,-1.1439407585708513e-6,-1.1722764799686312e-6
t7873,-1.1885075760488508e-6,-1.4517389935690743e-6,-1.1552995984483146e-6,-1.1806225529657737e-6
t7874,-1.1907966849106751e-6,-1.4533832449029514e-6,-1.1575713137788455e-6,-1.1823313872412334e-6
t7875,-1.1581024095032993e-6,-1.4014262556889314e-6,-1.1306758122044936e-6,-1.1624980579846075e-6
t7876,-1.0527108440682612e-6,-1.2520602410246172e-6,-1.037881192290243e-6,-1.0864145518114009e-6
t7877,-8.880142099324467e-7,-1.0261455311346142e-6,-8.888899335735824e-7,-9.594051441305522e-7
t7878,-7.21447998942005e-7,-7.988772574276248e-7,-7.366084840924863e-7,-8.305016111190801e-7
t7879,-5.93899477667403e-7,-6.275716731170542e-7,-6.191871454081047e-7,-7.3033960878813e-7
t7880,-2.859279643188655e-7,-2.30607486082459e-7,-3.3965493559618044e-7,-5.048413821425871e-7
t7881,-1.659934561486318e-7,-5.619174129995631e-8,-2.3548594542085627e-7,-4.241402199426005e-7
t7882,-1.2095860594964084e-7,-2.0020687114486287e-8,-1.8368491481554394e-7,-3.509858760480861e-7
t7883,-1.0162671913239189e-7,-1.0948104056037169e-8,-1.5547787597041974e-7,-2.9598542989186273e-7
t7884,-9.747115635163342e-8,-8.730467833713536e-9,-1.493784154342303e-7,-2.848685607396366e-7
t7885,-8.979366137513773e-8,-7.00173446651546e-9,-1.4001352351665422e-7,-2.690534187204474e-7
t7886,-8.994461969166173e-8,-8.487350715509032e-9,-1.411034730764291e-7,-2.736989486528929e-7
t7887,-1.0159997417029389e-7,-1.3948125234638768e-8,-1.5781200009147809e-7,-3.1103960762501705e-7
t7888,-1.2117254381579152e-7,-2.862218913047523e-8,-1.8052331880499451e-7,-3.4396528434880745e-7
t7889,-1.5822825506975918e-7,-8.100173757409478e-8,-2.1479782770412607e-7,-3.7295214481772625e-7
t7890,-3.847195668424406e-7,-3.7896722914285504e-7,-4.163955671093645e-7,-5.362569155630162e-7
t7891,-6.925929521863371e-7,-7.80923288823822e-7,-7.026501380244785e-7,-7.825375238976147e-7
t7892,-7.054402243840715e-7,-7.967299406209219e-7,-7.148698101848174e-7,-7.941194515273394e-7
t7893,-6.843018127421636e-7,-7.663851838976216e-7,-6.95996401191641e-7,-7.793562095941834e-7
t7894,-6.818094510993905e-7,-7.676910238523033e-7,-6.921267063334899e-7,-7.717626144583047e-7
t7895,-6.847634238826364e-7,-7.820901832154048e-7,-6.920033994643293e-7,-7.632298664768146e-7
t7896,-7.057070083026794e-7,-8.076348602751869e-7,-7.119223464064181e-7,-7.808540645114458e-7
t7897,-7.057907699515527e-7,-8.035498700050418e-7,-7.132049257851143e-7,-7.83899300746682e-7
t7898,-6.936234225332738e-7,-7.831827986423279e-7,-7.031832308013867e-7,-7.774935061112264e-7
t7899,-6.785560653836096e-7,-7.589869915286436e-7,-6.906347544215279e-7,-7.685890178791679e-7
t7900,-6.491590012192202e-7,-7.152472471793985e-7,-6.651532499140499e-7,-7.501809946064721e-7
t7901,-6.174293677970031e-7,-6.662511819813629e-7,-6.378825367038993e-7,-7.322125002594976e-7
t7902,-5.696332270250199e-7,-5.972854097275875e-7,-5.958215205037517e-7,-7.027648277908271e-7
t7903,-4.91190390147815e-7,-4.912889032597542e-7,-5.251772411550321e-7,-6.476991526657646e-7
t7904,-2.747200053304619e-7,-2.1664891813007114e-7,-3.2890992372763945e-7,-4.858406214367338e-7
t7905,-1.6018858732879364e-7,-5.70532120788037e-8,-2.2817720642001436e-7,-4.0629533576144487e-7
t7906,-1.186614938956149e-7,-1.9490059431237953e-8,-1.8143642307398797e-7,-3.4538488360208724e-7
t7907,-1.028535488727664e-7,-1.1252307438754344e-8,-1.5764130093008355e-7,-2.983659738233387e-7
t7908,-9.725215763649128e-8,-8.90472028360928e-9,-1.5045947578897634e-7,-2.853250872552759e-7
t7909,-9.208383375223106e-8,-7.851012568423625e-9,-1.4336068638074944e-7,-2.724201249526095e-7
t7910,-9.196662219260354e-8,-9.50516866124593e-9,-1.4367436335483744e-7,-2.737221656217758e-7
t7911,-1.0460678171962641e-7,-1.5187223827890023e-8,-1.6262013147689692e-7,-3.1365450587990216e-7
t7912,-1.2308989743448226e-7,-2.9007492186100657e-8,-1.8553350367566028e-7,-3.502906734317567e-7
t7913,-1.5660750848108058e-7,-7.298928202288613e-8,-2.176703726636018e-7,-3.8008298869835996e-7
t7914,-3.5666137150998077e-7,-3.358839610753424e-7,-3.945865206293884e-7,-5.199319211579129e-7
t7915,-5.808682031127653e-7,-6.24826604180604e-7,-6.016321273176221e-7,-6.959380594704241e-7
t7916,-5.620075310361084e-7,-5.99116613763858e-7,-5.843689218871992e-7,-6.800772861835458e-7
t7917,-5.736333948665392e-7,-6.137428443849243e-7,-5.949472968522311e-7,-6.887805575947975e-7
t7918,-6.030386409715274e-7,-6.57082356412758e-7,-6.210749875278503e-7,-7.068441618070574e-7
t7919,-6.276009561360996e-7,-7.015718166762865e-7,-6.400049631982147e-7,-7.124860809899767e-7
t7920,-6.773797841299805e-7,-7.579349294687066e-7,-6.891324572758885e-7,-7.638286813684161e-7
t7921,-6.998160854426781e-7,-7.866009088281151e-7,-7.104438311572856e-7,-7.843018101557022e-7
t7922,-7.45372964131188e-7,-8.459648767223113e-7,-7.531943799263735e-7,-8.233655649788834e-7
t7923,-8.065486553490216e-7,-9.248010014813975e-7,-8.10672694779644e-7,-8.766527639409803e-7
t7924,-8.196378590829123e-7,-9.385017762338649e-7,-8.242814874496221e-7,-8.932780832801303e-7
t7925,-7.525081030553973e-7,-8.437929237760837e-7,-7.642493987130672e-7,-8.459304590586388e-7
t7926,-7.08071957855492e-7,-7.784117868614361e-7,-7.254545881607996e-7,-8.171635803328402e-7
t7927,-6.914475055420486e-7,-7.505920484228883e-7,-7.125108101393425e-7,-8.113626153821767e-7
t7928,-3.60001107674841e-7,-3.2081465343590747e-7,-4.080653854601629e-7,-5.617667758423493e-7
t7929,-1.8484306638646697e-7,-8.179837289047167e-8,-2.563317374917177e-7,-4.423049480881085e-7
t7930,-1.420508028652349e-7,-3.426236928185049e-8,-2.116917627094993e-7,-3.959453028990314e-7
t7931,-1.1854438382520728e-7,-1.9441254046479514e-8,-1.7775081766207368e-7,-3.317198359085983e-7
t7932,-1.1222677539001238e-7,-1.5562565055453267e-8,-1.709412582626787e-7,-3.1715352667058056e-7
t7933,-1.0702696976675757e-7,-1.3976087350046899e-8,-1.6395242374806076e-7,-3.0663426401710053e-7
t7934,-1.0602919916652873e-7,-1.4830816567637282e-8,-1.6288170334170246e-7,-3.0586771447832754e-7
t7935,-1.1650206214597171e-7,-2.0460159585382548e-8,-1.7814511026265556e-7,-3.384623500816703e-7
t7936,-1.4384954155220728e-7,-3.8232675665535453e-8,-2.1326539754462965e-7,-3.9254848050898866e-7
t7937,-2.0133802189282587e-7,-1.20408381401399e-7,-2.6585667105303286e-7,-4.387822770999439e-7
t7938,-5.805358086265307e-7,-6.097965995569572e-7,-6.080367507053796e-7,-7.166772019943315e-7
t7939,-1.1926973012097517e-6,-1.4138285757474908e-6,-1.1773815113477707e-6,-1.2212138684264713e-6
t7940,-1.3693903980972052e-6,-1.640957620660447e-6,-1.3407488947126597e-6,-1.3674235059976497e-6
t7941,-1.726025662069846e-6,-2.0970551675735598e-6,-1.66836665365196e-6,-1.6607310191292329e-6
t7942,-2.359931526084968e-6,-2.8868327207171275e-6,-2.2408367661747835e-6,-2.1583177635874316e-6
t7943,-3.271869396704244e-6,-3.946356763910186e-6,-3.0590696095877374e-6,-2.859864755115137e-6
t7944,-4.067535733849261e-6,-4.827562451991078e-6,-3.7901180247878606e-6,-3.491866582193748e-6
t7945,-4.633970645496406e-6,-5.442737007192106e-6,-4.315761043706761e-6,-3.953070448648818e-6
t7946,-5.0319558120465644e-6,-5.8697750397547825e-6,-4.68912774953788e-6,-4.2824866573043265e-6
t7947,-5.2439421263101416e-6,-6.101683084278583e-6,-4.89174506765921e-6,-4.467043669793305e-6
t7948,-5.24009265145548e-6,-6.128711832941156e-6,-4.894421630996705e-6,-4.4843549514339455e-6
t7949,-4.999760372956299e-6,-5.882657952161033e-6,-4.675347435877849e-6,-4.29969845799718e-6
t7950,-4.5701696751513835e-6,-5.429037625055225e-6,-4.2813626011925284e-6,-3.957629896507024e-6
t7951,-3.914789828698006e-6,-4.708585400559712e-6,-3.6766465221871156e-6,-3.4329766394889935e-6
t7952,-7.501623460951176e-7,-8.231072878171633e-7,-7.695715556218722e-7,-8.743340020708643e-7
t7953,-2.1480575584172156e-7,-1.2449111152872636e-7,-2.805872815228397e-7,-4.633800353457468e-7
t7954,-1.489922724047696e-7,-4.6190444427721577e-8,-2.1556061212268354e-7,-3.9625260115628994e-7
t7955,-1.1995391900506352e-7,-2.4196804701321173e-8,-1.7908160541383776e-7,-3.3673754918673523e-7
t7956,-1.0579839917593135e-7,-1.6695819821715e-8,-1.5819775245565618e-7,-3.009118032480069e-7
t7957,-9.804153307908872e-8,-1.3356955262895938e-8,-1.4837662177304942e-7,-2.8646227065553395e-7
t7958,-9.821578160291846e-8,-1.262827113279028e-8,-1.5049631136645606e-7,-2.9568896490116907e-7
t7959,-1.0538926517045498e-7,-1.7375538605534892e-8,-1.5973797216226248e-7,-3.11323043813269e-7
t7960,-1.1929685394683538e-7,-3.378666597790419e-8,-1.7359003751098058e-7,-3.229075903356323e-7
t7961,-1.6986943565915597e-7,-1.04825483080179e-7,-2.1878729787717735e-7,-3.572349744002277e-7
t7962,-4.4813247795187685e-7,-4.676386171765415e-7,-4.7061786881952445e-7,-5.536444999186152e-7
t7963,-7.295986362471749e-7,-8.446828498571258e-7,-7.321160086306144e-7,-7.809825833948452e-7
t7964,-7.789854436840299e-7,-9.071083615255007e-7,-7.782505240715477e-7,-8.238560917661294e-7
t7965,-9.499848050896237e-7,-1.1301718782946383e-6,-9.371363410144936e-7,-9.685621244161578e-7
t7966,-1.2463385153256311e-6,-1.5166254435928984e-6,-1.2088577311714467e-6,-1.2097323924563568e-6
t7967,-9.534875960956408e-7,-1.167265656113061e-6,-9.311774437388082e-7,-9.57061578863447e-7
t7968,-8.131650087561612e-7,-9.783517774909455e-7,-8.006572242418589e-7,-8.399252511311264e-7
t7969,-1.0319105097395925e-6,-1.2645940000920689e-6,-9.99527583661142e-7,-1.0172162997255048e-6
t7970,-1.4364922171875907e-6,-1.7825108043841691e-6,-1.3682794271639599e-6,-1.3456121662791365e-6
t7971,-2.415750874555913e-6,-2.9498742783749035e-6,-2.2724564624399964e-6,-2.1512729631553187e-6
t7972,-2.5106970811184345e-6,-3.0653932709372854e-6,-2.3721433663122846e-6,-2.254983324952625e-6
t7973,-2.4256647778979226e-6,-2.9693776016440147e-6,-2.30206442866786e-6,-2.205936408439676e-6
t7974,-2.3359965037527924e-6,-2.8621706581411737e-6,-2.22466198156447e-6,-2.142805848033181e-6
t7975,-2.2244113789298527e-6,-2.729379982091965e-6,-2.1256683006332224e-6,-2.060220833264253e-6
t7976,-6.590475481590777e-7,-7.105825605893009e-7,-6.802939894088084e-7,-7.8314488734347e-7
t7977,-2.1559667234099878e-7,-1.326034372413512e-7,-2.761436429376115e-7,-4.5016147623539205e-7
t7978,-1.5121025509167627e-7,-5.17272892952086e-8,-2.1296364999647155e-7,-3.878338313551283e-7
t7979,-1.2522812378370327e-7,-2.9955205064557505e-8,-1.8336735583996694e-7,-3.4803534740271673e-7
t7980,-1.1470535539899373e-7,-2.35635848910036e-8,-1.676598902711363e-7,-3.15756263546828e-7
t7981,-1.0517426903342572e-7,-1.7617793261125093e-8,-1.570208669322839e-7,-3.018448024752672e-7
t7982,-1.0430058040355687e-7,-1.6406853304890822e-8,-1.574864990684142e-7,-3.084160733858613e-7
t7983,-1.1092676345034083e-7,-2.348470305803717e-8,-1.6560978301637976e-7,-3.178315506602953e-7
t7984,-1.314557918520783e-7,-4.946327406672712e-8,-1.8533734679932106e-7,-3.3744474592804296e-7
t7985,-2.019470395112324e-7,-1.4923232511997455e-7,-2.473357662419052e-7,-3.8474454877214356e-7
t7986,-6.091287482800528e-7,-6.840387430892587e-7,-6.21017375136467e-7,-6.912883497038223e-7
t7987,-1.018571517980022e-6,-1.233845211135196e-6,-9.998053080045078e-7,-1.0265240274459472e-6
t7988,-9.958296528238436e-7,-1.1976900654156512e-6,-9.792919196846962e-7,-1.0102334805104887e-6
t7989,-9.957412628389315e-7,-1.1951604188078617e-6,-9.790908554879222e-7,-1.011760431428738e-6
t7990,-1.0100279030598757e-6,-1.2076493161662728e-6,-9.917882976573261e-7,-1.0235126106658156e-6
t7991,-6.898313624893341e-7,-8.138894848795306e-7,-6.914797888359966e-7,-7.490661207696375e-7
t7992,-6.523886702565082e-7,-7.689745559419384e-7,-6.553750814928064e-7,-7.163277151374268e-7
t7993,-7.020240187231581e-7,-8.363831244293131e-7,-7.005399844593922e-7,-7.558174849139759e-7
t7994,-8.93650815570715e-7,-1.0889891178655223e-6,-8.784266876424094e-7,-9.16508300742199e-7
t7995,-1.263607004459004e-6,-1.5471523324027465e-6,-1.2216848526418659e-6,-1.2269521085144543e-6
t7996,-1.4370279159806214e-6,-1.7567466154149344e-6,-1.3878227904589309e-6,-1.3867212839976619e-6
t7997,-1.4042384831280324e-6,-1.7033059564944714e-6,-1.3644057336760424e-6,-1.3761786276334755e-6
t7998,-1.3409498135826178e-6,-1.6161648492496966e-6,-1.3103980002457864e-6,-1.3336302251657058e-6
t7999,-1.2701064448630067e-6,-1.5198270857029464e-6,-1.24771590319368e-6,-1.2825030971872543e-6
t8000,-4.961533563741584e-7,-4.974565378874206e-7,-5.28616908119789e-7,-6.570984046651581e-7
t8001,-1.9307207030995957e-7,-9.89745293140831e-8,-2.5635450701285365e-7,-4.360598075862822e-7
t8002,-1.440560961158333e-7,-4.080306647395983e-8,-2.068541490179997e-7,-3.8582768732367266e-7
t8003,-1.213350539853494e-7,-2.4171399016496946e-8,-1.7856321101135115e-7,-3.4111997418317144e-7
t8004,-1.1244442046700972e-7,-2.012018161956989e-8,-1.6570527024675752e-7,-3.1421042096571094e-7
t8005,-1.0753467078480953e-7,-1.8687981175391965e-8,-1.5984109730747695e-7,-3.060419048380143e-7
t8006,-1.0666240757832966e-7,-1.7721635481673168e-8,-1.6059822845220776e-7,-3.129340172195191e-7
t8007,-1.1529832397101759e-7,-2.6842497941452133e-8,-1.7032054570944218e-7,-3.261091759821627e-7
t8008,-1.35680651770888e-7,-5.654541511462035e-8,-1.897884115551134e-7,-3.4224390682938725e-7
t8009,-2.3152945884200803e-7,-1.896864935846233e-7,-2.728729634563427e-7,-4.076078577081891e-7
t8010,-8.563034653473073e-7,-1.0169518206030405e-6,-8.506634698545291e-7,-9.015164447743488e-7
t8011,-1.6939595465089383e-6,-2.101953924960053e-6,-1.620599037793128e-6,-1.5843658878028033e-6
t8012,-1.6030851459438867e-6,-1.9825138221451755e-6,-1.5383563632679207e-6,-1.5133177305129938e-6
t8013,-1.5621906507914172e-6,-1.9149208369516e-6,-1.5011817058746563e-6,-1.4822672562365723e-6
t8014,-1.477468073947407e-6,-1.8105519066934925e-6,-1.4216176766037444e-6,-1.4099930022368845e-6
t8015,-8.612852210552981e-7,-1.0468734781821447e-6,-8.494747070194304e-7,-8.936010120927311e-7
t8016,-6.806978627318731e-7,-8.082640363014059e-7,-6.802089032243e-7,-7.397313262330269e-7
t8017,-8.154918603520947e-7,-9.878576348991932e-7,-8.038776552090247e-7,-8.499632310329271e-7
t8018,-1.156294970714057e-6,-1.4335591348655835e-6,-1.117702160000297e-6,-1.1313200699047878e-6
t8019,-2.05316125707265e-6,-2.5248015309917928e-6,-1.942580918089981e-6,-1.8686276335425726e-6
t8020,-2.3636069247584115e-6,-2.890253929752801e-6,-2.238459399888419e-6,-2.1437760148871414e-6
t8021,-2.349783978000276e-6,-2.8755398684956807e-6,-2.247067688666284e-6,-2.1784805904129418e-6
t8022,-2.129469535970077e-6,-2.6087932713431815e-6,-2.048380877249634e-6,-2.008214405664029e-6
t8023,-1.8390583161765256e-6,-2.244933085207551e-6,-1.7829920831252028e-6,-1.7777172650592315e-6
t8024,-5.604207184159932e-7,-5.690579215158229e-7,-5.920555614893048e-7,-7.288089100484264e-7
t8025,-2.0792232796267216e-7,-1.0283296443854355e-7,-2.717446866008878e-7,-4.6523790296456927e-7
t8026,-1.5101789350242423e-7,-4.001366993658116e-8,-2.1459938061770024e-7,-4.023575690528204e-7
t8027,-1.210582070420327e-7,-2.127869939257787e-8,-1.756162668156136e-7,-3.329801084291619e-7
t8028,-1.107792936969003e-7,-1.582505307041267e-8,-1.618305979309975e-7,-3.060051559802589e-7
t8029,-1.0353390917895376e-7,-1.4134198658204851e-8,-1.5296079426880067e-7,-2.9187583419109896e-7
t8030,-1.0622348448613197e-7,-1.6342597583772096e-8,-1.5675149745996377e-7,-3.035694626409671e-7
t8031,-1.1775945475698934e-7,-2.354315764139526e-8,-1.7188190009205576e-7,-3.3311671104748423e-7
t8032,-1.3600540650044114e-7,-4.4556264423756035e-8,-1.9088491780337742e-7,-3.52748073069976e-7
t8033,-2.0139228483865408e-7,-1.3711121564124397e-7,-2.497981631186985e-7,-4.020816790786195e-7
t8034,-7.585946443447895e-7,-8.643967074950553e-7,-7.651948528506204e-7,-8.386027123476576e-7
t8035,-1.635998798387479e-6,-2.015157230150912e-6,-1.5774572868781866e-6,-1.563907951762781e-6
t8036,-1.6134253712583579e-6,-1.9856900293359223e-6,-1.5579490496639454e-6,-1.5503900158918451e-6
t8037,-1.5325560851613979e-6,-1.8791425673336862e-6,-1.4847697716243815e-6,-1.4895154446249987e-6
t8038,-1.4357542245690004e-6,-1.7545637180382753e-6,-1.3942661065889386e-6,-1.4082334790343416e-6
t8039,-1.3573049077329133e-6,-1.6631520748699412e-6,-1.3157340111171065e-6,-1.329145492129185e-6
t8040,-1.4471992788341208e-6,-1.7812782071021215e-6,-1.3970379943150688e-6,-1.398637295770679e-6
t8041,-1.6822147718414473e-6,-2.076012410188962e-6,-1.6119602480106055e-6,-1.589701607576747e-6
t8042,-2.0700574659700933e-6,-2.5528103109329973e-6,-1.9666437140237228e-6,-1.9017590480606002e-6
t8043,-2.564502206868068e-6,-3.141650859718104e-6,-2.4219849755700033e-6,-2.305048922368281e-6
t8044,-3.063955211959482e-6,-3.725711513693207e-6,-2.887937662083628e-6,-2.7202524062521998e-6
t8045,-3.317340389930582e-6,-4.022071364915634e-6,-3.12851080582397e-6,-2.9381770055974708e-6
t8046,-3.2419621221091725e-6,-3.942080246573009e-6,-3.066226150652167e-6,-2.8897244022071663e-6
t8047,-2.918784050610863e-6,-3.565320703650119e-6,-2.7710949270704e-6,-2.6362812754094413e-6
t8048,-7.683556700475411e-7,-8.453492038923903e-7,-7.854121947923364e-7,-8.877792441083314e-7
t8049,-2.277624872201164e-7,-1.3794130877809962e-7,-2.90045962958983e-7,-4.755600771959911e-7
t8050,-1.602092452933551e-7,-5.176597207034832e-8,-2.238348421810668e-7,-4.0822831984254805e-7
t8051,-1.322742566997811e-7,-2.8385815472799482e-8,-1.9159573641357428e-7,-3.6321101813886604e-7
t8052,-1.177006687188021e-7,-2.0646580248617545e-8,-1.7231668208024267e-7,-3.277864657729428e-7
t8053,-1.115638135730575e-7,-1.8873852889689536e-8,-1.6481774825992328e-7,-3.1683729658721116e-7
t8054,-1.1323666936351916e-7,-2.061210948156011e-8,-1.6708554599334765e-7,-3.2650305942659443e-7
t8055,-1.2085138192896897e-7,-2.7689165625257448e-8,-1.7593506985677174e-7,-3.385536468227728e-7
t8056,-1.4503311383704988e-7,-5.651360925167835e-8,-1.9980242259671965e-7,-3.6114700905456637e-7
t8057,-2.294648034065814e-7,-1.7415864590138028e-7,-2.7522179597656403e-7,-4.226798193107255e-7
t8058,-1.081745798925479e-6,-1.2944975069148525e-6,-1.0663602680764224e-6,-1.1058494076245323e-6
t8059,-3.278859857336902e-6,-3.970023677360317e-6,-3.092463565518729e-6,-2.88550293609616e-6
t8060,-3.7428420596204446e-6,-4.4951876190911745e-6,-3.5238515812622955e-6,-3.264838784990255e-6
t8061,-3.969816084466183e-6,-4.757099406696965e-6,-3.7370957673272086e-6,-3.4562087414596554e-6
t8062,-3.965850194444638e-6,-4.745739276831159e-6,-3.726797532913189e-6,-3.4459084575545393e-6
t8063,-3.6456015929648846e-6,-4.371511935577593e-6,-3.418257604126655e-6,-3.164338375941761e-6
t8064,-3.1676759636592215e-6,-3.835164191498291e-6,-2.9759790636036735e-6,-2.7795329307958184e-6
t8065,-2.7246970399213477e-6,-3.3271133923616e-6,-2.5703335645603097e-6,-2.4322461378420017e-6
t8066,-2.3438512836096356e-6,-2.876010427655471e-6,-2.221631600570831e-6,-2.1319477810956206e-6
t8067,-2.0270491420194305e-6,-2.4892707998720654e-6,-1.9352621874774497e-6,-1.8862340238682764e-6
t8068,-1.7050045520752197e-6,-2.08543267408356e-6,-1.6427347521914473e-6,-1.6319461409916376e-6
t8069,-1.4193133130189947e-6,-1.7139074170729312e-6,-1.3848720441249764e-6,-1.4095453671371219e-6
t8070,-1.2098763067793468e-6,-1.4350308305048406e-6,-1.194524189362089e-6,-1.2456899325153756e-6
t8071,-1.0480431026928897e-6,-1.2172216775908255e-6,-1.0462615991032893e-6,-1.1171795724590907e-6
t8072,-4.767889565820812e-7,-4.640255801470897e-7,-5.150859594143859e-7,-6.591094828886032e-7
t8073,-2.1042348555414176e-7,-1.0887938042744258e-7,-2.787066309294469e-7,-4.70544914293175e-7
t8074,-1.5843798986882122e-7,-4.106037122444496e-8,-2.2830288306879144e-7,-4.235173398425856e-7
t8075,-1.3102954912736507e-7,-2.2438105397056547e-8,-1.9375705227561542e-7,-3.664202697382093e-7
t8076,-1.1822291900689932e-7,-1.69309397684885e-8,-1.7777307206735268e-7,-3.373157091277086e-7
t8077,-1.1319154018478852e-7,-1.5889403252074123e-8,-1.7168682716057932e-7,-3.2591949955191055e-7
t8078,-1.23073860371935e-7,-2.1412864860997216e-8,-1.8585821536382006e-7,-3.5652720368204734e-7
t8079,-1.4095190636538988e-7,-3.6229098445266855e-8,-2.0669361987433005e-7,-3.870950725756129e-7
t8080,-1.6819456593187745e-7,-7.435824263334075e-8,-2.3146653433340789e-7,-4.0990480677185216e-7
t8081,-2.7689852710784625e-7,-2.2502078831894018e-7,-3.284187089224377e-7,-4.906674865508361e-7
t8082,-1.0701323814541648e-6,-1.2601971349156087e-6,-1.0622998180287586e-6,-1.122611741209284e-6
t8083,-2.0617769173414673e-6,-2.5309859726473178e-6,-1.974807251636613e-6,-1.937450867830969e-6
t8084,-2.2161684303125044e-6,-2.72110565921931e-6,-2.115550476797057e-6,-2.063396940972447e-6
t8085,-2.1874690740614104e-6,-2.6866682021397915e-6,-2.0904454834530257e-6,-2.0416208674539153e-6
t8086,-1.998594753493031e-6,-2.455327410281147e-6,-1.9121185272319454e-6,-1.8774477751433737e-6
t8087,-1.6557979482751553e-6,-2.0314847319458827e-6,-1.5905644340271097e-6,-1.5829260764079127e-6
t8088,-1.2686562550752568e-6,-1.5350735589984339e-6,-1.2371620038599562e-6,-1.2680851538360342e-6
t8089,-9.0841613990784e-7,-1.0578380126216456e-6,-9.065589637762378e-7,-9.734279515576032e-7
t8090,-6.698996611769968e-7,-7.402388830857506e-7,-6.860430201620016e-7,-7.792593080081956e-7
t8091,-5.57246246438016e-7,-5.897957682400789e-7,-5.822795552698709e-7,-6.928012296483287e-7
t8092,-5.31060397747719e-7,-5.522593798726238e-7,-5.597943698404941e-7,-6.788849518982362e-7
t8093,-5.789352608708426e-7,-6.087889269395498e-7,-6.061476070410286e-7,-7.256181092624278e-7
t8094,-6.669257759622695e-7,-7.16310854881868e-7,-6.909309262935202e-7,-8.049329218870105e-7
t8095,-7.348472088730248e-7,-7.989926237161776e-7,-7.563067777558672e-7,-8.691830204053836e-7
t8096,-5.798165708842186e-7,-5.934750119074601e-7,-6.138405960371345e-7,-7.509610270746319e-7
t8097,-3.2256129790370834e-7,-2.620994811821843e-7,-3.8121246244907447e-7,-5.663725953763401e-7
t8098,-2.2706956105412374e-7,-1.2856550241782005e-7,-2.9814842500702985e-7,-5.01506138698183e-7
t8099,-2.0066588644900548e-7,-7.96021459653428e-8,-2.7624394307963825e-7,-4.899917801790753e-7
t8100,-1.8946877688790885e-7,-6.474637156839974e-8,-2.658658186232591e-7,-4.7648619887838166e-7
t8101,-1.842576626644778e-7,-6.828988038515483e-8,-2.5895038627827594e-7,-4.606809416111749e-7
t8102,-1.8803286806648113e-7,-8.146980479657173e-8,-2.6065459387261263e-7,-4.5480270180245956e-7
t8103,-2.0948482298572076e-7,-1.1713013019157245e-7,-2.790319898271476e-7,-4.676553136688074e-7
t8104,-2.8267758815486655e-7,-2.203138493505909e-7,-3.419491026378575e-7,-5.154629565801584e-7
t8105,-5.388455487519056e-7,-5.491885870031166e-7,-5.731177080497514e-7,-7.025204289671957e-7
t8106,-1.430074388755245e-6,-1.7232120918435375e-6,-1.4005666247162261e-6,-1.4348034567641178e-6
t8107,-1.8644957740099948e-6,-2.2799556559951883e-6,-1.7995775443519673e-6,-1.7926685259334081e-6
t8108,-1.7510280510198066e-6,-2.1340624567563435e-6,-1.6968302274182692e-6,-1.7041719324747761e-6
t8109,-1.6120974623337919e-6,-1.953080649712416e-6,-1.5699931749041156e-6,-1.5932845501477527e-6
t8110,-1.5270606220809516e-6,-1.8492182188861053e-6,-1.4855557217580678e-6,-1.5093635224121274e-6
t8111,-1.5328587513354652e-6,-1.8699120963613338e-6,-1.480962236768522e-6,-1.489905180416768e-6
t8112,-1.629627247811113e-6,-1.9956150101902623e-6,-1.5666479179949995e-6,-1.5616578618715524e-6
t8113,-1.7938536587645382e-6,-2.203180130885996e-6,-1.7159664165744005e-6,-1.692839607441042e-6
t8114,-1.95720056915034e-6,-2.404605643101681e-6,-1.863723713941389e-6,-1.8241346287461345e-6
t8115,-2.0552148078803542e-6,-2.524371417938657e-6,-1.9553590947708614e-6,-1.9078960302087794e-6
t8116,-2.0031211065205645e-6,-2.45850590418472e-6,-1.9140455359093254e-6,-1.8780819973838549e-6
t8117,-1.7599872441829436e-6,-2.150319017545864e-6,-1.697446857241995e-6,-1.694352464714768e-6
t8118,-1.370423418098882e-6,-1.6442728670493899e-6,-1.3439368854557368e-6,-1.385151110999787e-6
t8119,-1.0014024347487083e-6,-1.1523045118554843e-6,-1.004131282406831e-6,-1.0862668147415259e-6
t8120,-5.343590335284886e-7,-5.386094482206062e-7,-5.689121537930011e-7,-7.060375019004317e-7
t8121,-2.333561860242143e-7,-1.4652974838755033e-7,-2.9879275176091317e-7,-4.854498155831218e-7
t8122,-1.5786127725906512e-7,-4.646244348235474e-8,-2.2609336705224409e-7,-4.1214286170029956e-7
t8123,-1.2288588482476097e-7,-1.901755340867024e-8,-1.845611315311766e-7,-3.572202129351766e-7
t8124,-1.040518802928789e-7,-1.098831560283276e-8,-1.5725285438271597e-7,-3.0687517486771354e-7
t8125,-9.65920176760489e-8,-9.050455158903317e-9,-1.4744946767915624e-7,-2.896083280407044e-7
t8126,-9.799689119562715e-8,-1.0419231532227557e-8,-1.496920144258305e-7,-2.982047796569349e-7
t8127,-1.0708544664226638e-7,-1.699759472697879e-8,-1.6134466183278446e-7,-3.206371119011564e-7
t8128,-1.2353000317417722e-7,-3.418294157783239e-8,-1.7834993552599177e-7,-3.4059900559498004e-7
t8129,-1.656308317586629e-7,-9.489050869590544e-8,-2.1669903050499517e-7,-3.7342760953264003e-7
t8130,-4.35485520165225e-7,-4.4693294240805026e-7,-4.6045430855003697e-7,-5.714676153241168e-7
t8131,-6.815022025500633e-7,-7.716206671391818e-7,-6.901475083145207e-7,-7.708627353522205e-7
t8132,-6.680751711510141e-7,-7.510334718320017e-7,-6.782686014870615e-7,-7.624365007118871e-7
t8133,-6.641991559676534e-7,-7.431443938471402e-7,-6.751071507063721e-7,-7.613603449474429e-7
t8134,-6.579434667916978e-7,-7.34604642793962e-7,-6.692804467391155e-7,-7.552994197707077e-7
t8135,-6.418160062175775e-7,-7.241120030896164e-7,-6.516507800680531e-7,-7.310811042571327e-7
t8136,-6.585284017192676e-7,-7.496079011339818e-7,-6.664290576295719e-7,-7.415783087566024e-7
t8137,-6.953536028936113e-7,-7.960752490421852e-7,-7.013422900692074e-7,-7.735331406973582e-7
t8138,-7.276105978076742e-7,-8.344984090094822e-7,-7.325157004520401e-7,-8.033543615732381e-7
t8139,-7.383231740094968e-7,-8.398903859580605e-7,-7.45106311091259e-7,-8.199526174524782e-7
t8140,-7.342479168765097e-7,-8.249559361472486e-7,-7.44723563438242e-7,-8.270570058010416e-7
t8141,-7.35244937765845e-7,-8.177167315411929e-7,-7.482648661845061e-7,-8.378142408531032e-7
t8142,-7.290109547004923e-7,-8.023256132365234e-7,-7.451850688070299e-7,-8.418071661979356e-7
t8143,-7.256852561977856e-7,-7.927592095908811e-7,-7.438425367230461e-7,-8.453844260428503e-7
t8144,-3.726586169915713e-7,-3.3447455923612666e-7,-4.170817495274127e-7,-5.737945027960233e-7
t8145,-1.8607240781697553e-7,-8.107486242823963e-8,-2.510958391613348e-7,-4.3969332270402797e-7
t8146,-1.399608090656673e-7,-3.1559755617363905e-8,-2.028143903385633e-7,-3.849703388670784e-7
t8147,-1.1406963734746649e-7,-1.7321327382118425e-8,-1.6935140897023036e-7,-3.269530650572085e-7
t8148,-1.044974757678348e-7,-1.3083151034852003e-8,-1.5513515027304333e-7,-2.9888536679275023e-7
t8149,-9.884107453952037e-8,-1.1832455423015785e-8,-1.4810022804613644e-7,-2.851385963947977e-7
t8150,-1.0180627998780952e-7,-1.375313328818028e-8,-1.528219818083351e-7,-2.9927726824457537e-7
t8151,-1.1131439870348379e-7,-1.9813815044294812e-8,-1.6456165397753568e-7,-3.231524557122835e-7
t8152,-1.2839206941445805e-7,-3.8397334107483396e-8,-1.833774380928631e-7,-3.4526989787627995e-7
t8153,-1.71712041096346e-7,-1.0173139670005547e-7,-2.2220566498057454e-7,-3.772638343513514e-7
t8154,-4.61203392663735e-7,-4.789029006947813e-7,-4.846363336811739e-7,-5.896857472084124e-7
t8155,-7.707495225039137e-7,-8.897922083273471e-7,-7.741708717776586e-7,-8.459697968683442e-7
t8156,-7.364717721201029e-7,-8.407467351621291e-7,-7.426229900769723e-7,-8.192005919179027e-7
t8157,-7.199164641401271e-7,-8.148474857358538e-7,-7.28081804614141e-7,-8.067887416288253e-7
t8158,-7.196649760624099e-7,-8.149652407014675e-7,-7.274419634884769e-7,-8.041920001516192e-7
t8159,-7.08461179609215e-7,-8.114054765368163e-7,-7.140351918839613e-7,-7.835836702148271e-7
t8160,-7.311897825202752e-7,-8.423468591492867e-7,-7.349963461246198e-7,-8.000237689888599e-7
t8161,-7.775048260555824e-7,-9.018616568906485e-7,-7.786566499734432e-7,-8.402561356242072e-7
t8162,-8.261067943220156e-7,-9.618170858949732e-7,-8.250904520227636e-7,-8.840325968862954e-7
t8163,-8.754750766144062e-7,-1.018491845482154e-6,-8.737118668024196e-7,-9.33108265474712e-7
t8164,-8.85629556164019e-7,-1.0220172185350651e-6,-8.867217563988922e-7,-9.534140232961963e-7
t8165,-8.693734609886965e-7,-9.899187600795765e-7,-8.752037549938317e-7,-9.518161005324596e-7
t8166,-8.310350181284324e-7,-9.31610740787726e-7,-8.41964305127285e-7,-9.293108886779153e-7
t8167,-7.851312651105126e-7,-8.649237937549149e-7,-8.007408671101847e-7,-8.975956194719684e-7
t8168,-3.7407822859762447e-7,-3.3432230200473447e-7,-4.170928542082428e-7,-5.766484850159735e-7
t8169,-1.8478204776457729e-7,-7.7441311236503e-8,-2.486245067801594e-7,-4.3775002205360425e-7
t8170,-1.3911735652109304e-7,-3.0865204863496215e-8,-2.0112140269257762e-7,-3.82498349193881e-7
t8171,-1.1359485932028862e-7,-1.6984282309931227e-8,-1.6820357284744783e-7,-3.2467644394699076e-7
t8172,-1.0413416778012024e-7,-1.2553511656696581e-8,-1.5475538050665587e-7,-2.9586011307346173e-7
t8173,-9.767506923384906e-8,-1.0977430380668784e-8,-1.4698993545320945e-7,-2.845224862786902e-7
t8174,-9.898755424930076e-8,-1.2097963011789102e-8,-1.4993041315583295e-7,-2.926023276742199e-7
t8175,-1.0786801507191609e-7,-1.7260556357760643e-8,-1.6190130113478882e-7,-3.192300321288571e-7
t8176,-1.232705427867542e-7,-3.150959205999405e-8,-1.784773664512558e-7,-3.381912373921239e-7
t8177,-1.5596786669600954e-7,-7.78502053263644e-8,-2.0872420396498788e-7,-3.6366618443960094e-7
t8178,-3.2457526375187756e-7,-3.000846603338826e-7,-3.580304467242599e-7,-4.785656915804585e-7
t8179,-4.368617683868784e-7,-4.4385886148985996e-7,-4.6125227478307764e-7,-5.629350871248322e-7
t8180,-3.9303845304246904e-7,-3.8636187501324156e-7,-4.208040116385938e-7,-5.299131693622776e-7
t8181,-3.7314779600909785e-7,-3.585651464117888e-7,-4.035797239427936e-7,-5.188805329055363e-7
t8182,-3.6361627929083916e-7,-3.4898933410772006e-7,-3.942471267357745e-7,-5.093261861176698e-7
t8183,-3.6531894341704156e-7,-3.5871580529587073e-7,-3.938783436322792e-7,-5.004861052647071e-7
t8184,-3.851924836596346e-7,-3.8618101270847096e-7,-4.121365274868865e-7,-5.151776743168372e-7
t8185,-4.024549477931528e-7,-4.07843282502281e-7,-4.289212957572407e-7,-5.305683398627803e-7
t8186,-4.180142075707384e-7,-4.2580416778588955e-7,-4.4405867733739507e-7,-5.470997575156962e-7
t8187,-4.290443441256508e-7,-4.3464374253175966e-7,-4.565145427279768e-7,-5.639993860166213e-7
t8188,-4.413376311236824e-7,-4.422680423859132e-7,-4.709901912571831e-7,-5.86802867286929e-7
t8189,-4.393561946512863e-7,-4.2695104328020185e-7,-4.739444629282799e-7,-6.030309106301888e-7
t8190,-4.135349401672065e-7,-3.8843164757402156e-7,-4.5213598906375287e-7,-5.928616285099502e-7
t8191,-3.64349662506301e-7,-3.204178580864696e-7,-4.08909948011287e-7,-5.674748239220053e-7
t8192,-2.286207597383818e-7,-1.3653708119283973e-7,-2.9034078407952245e-7,-4.773113448609826e-7
t8193,-1.5511809469628337e-7,-3.312624435807984e-8,-2.2136364281823205e-7,-4.1691286984558666e-7
t8194,-1.0292074778434767e-7,-9.075573872023123e-9,-1.5400712203003598e-7,-2.951471852451277e-7
t8195,-9.43325603772477e-8,-5.599696413519047e-9,-1.411416430442739e-7,-2.7067452312962036e-7
t8196,-9.153932546134228e-8,-4.468789092915155e-9,-1.373104843999886e-7,-2.6322489413824993e-7
t8197,-8.393539920346165e-8,-2.285942371377077e-9,-1.273017875450107e-7,-2.462253767329219e-7
t8198,-8.022635945354056e-8,-1.5440308595203972e-9,-1.223895573252496e-7,-2.381946079230581e-7
t8199,-8.299951406047516e-8,-2.9666879707576686e-9,-1.26979535859591e-7,-2.506285398503418e-7
t8200,-1.0387741526680727e-7,-1.1048310147942336e-8,-1.5686303161886646e-7,-3.1342803861466576e-7
t8201,-1.3129678998137543e-7,-3.9403449859575685e-8,-1.8596483091348623e-7,-3.4446584635592577e-7
t8202,-2.136169524819321e-7,-1.5626561281569786e-7,-2.5819517001464004e-7,-4.0356674719575245e-7
t8203,-2.937007388893654e-7,-2.5966511969397216e-7,-3.29204328220061e-7,-4.590549319319139e-7
t8204,-2.895248181874203e-7,-2.5369319875073303e-7,-3.254893705604565e-7,-4.558889793828861e-7
t8205,-2.8624189359499055e-7,-2.4810173019786984e-7,-3.241586311369707e-7,-4.5921857188888565e-7
t8206,-2.8875047143610434e-7,-2.5307467066055703e-7,-3.2636696780694985e-7,-4.6015156583832144e-7
t8207,-2.8317840366782857e-7,-2.5362293378957983e-7,-3.1947482305902513e-7,-4.4496315627252104e-7
t8208,-2.751602867934034e-7,-2.459750766660574e-7,-3.1146288589203474e-7,-4.353216411977435e-7
t8209,-2.7079050977619844e-7,-2.38681289226688e-7,-3.089826931700073e-7,-4.348915091380227e-7
t8210,-2.741808871050148e-7,-2.4105975674384425e-7,-3.129582583842423e-7,-4.416486307149586e-7
t8211,-2.8250476124903706e-7,-2.468414850722345e-7,-3.2292118900428975e-7,-4.5445765473056546e-7
t8212,-2.8447556676391495e-7,-2.4118827645607557e-7,-3.2782309906995444e-7,-4.7062918621912873e-7
t8213,-2.81464294950864e-7,-2.2937508272907904e-7,-3.2938475585285957e-7,-4.836942947920098e-7
t8214,-2.775241343682338e-7,-2.1790285762855186e-7,-3.275857915282463e-7,-4.909543863178088e-7
t8215,-2.638154945617774e-7,-1.945904366684134e-7,-3.177959928367962e-7,-4.900785500261101e-7
t8216,-1.9659668267267538e-7,-9.550165844786148e-8,-2.6026470695137105e-7,-4.468560936464187e-7
t8217,-1.441497466188363e-7,-2.4619386792093107e-8,-2.1028550354652528e-7,-4.0206490358152077e-7
t8218,-9.839467518470888e-8,-6.979884873978776e-9,-1.4795186002379143e-7,-2.8655682487497626e-7
t8219,-9.12809724416928e-8,-4.501020364779529e-9,-1.3715040715591156e-7,-2.6388866962624e-7
t8220,-8.748346159197851e-8,-3.222442061618288e-9,-1.3182730728388638e-7,-2.552194137683404e-7
t8221,-7.934918850251721e-8,-9.722459290739226e-10,-1.2213048115234003e-7,-2.3779652338937743e-7
t8222,-7.630607440469975e-8,-4.146659943235466e-10,-1.1764128274214595e-7,-2.3033030713394638e-7
t8223,-7.948681490747218e-8,-2.058826159298464e-9,-1.2330018739770152e-7,-2.4354215827659815e-7
t8224,-1.0003633822930571e-7,-1.0006230062119564e-8,-1.53093184447374e-7,-3.051074320194326e-7
t8225,-1.253833164315715e-7,-3.433191816574842e-8,-1.7882207651619267e-7,-3.3497670431043546e-7
t8226,-2.0204289225947103e-7,-1.4279912771975406e-7,-2.4778559114782977e-7,-3.902680986694863e-7
t8227,-2.7526202318458237e-7,-2.3822242759105794e-7,-3.121590669825941e-7,-4.43237632532032e-7
t8228,-2.73370214291179e-7,-2.350914794285827e-7,-3.1085223258433643e-7,-4.437460680557775e-7
t8229,-2.7194070918755953e-7,-2.308610739894034e-7,-3.111531594832088e-7,-4.4773130867756355e-7
t8230,-2.7241250630079413e-7,-2.3354023143462002e-7,-3.117864928228699e-7,-4.47187667284589e-7
t8231,-2.681307556930198e-7,-2.346779544932554e-7,-3.0623049549011037e-7,-4.3421027922168713e-7
t8232,-2.6621594927567797e-7,-2.318145462899681e-7,-3.048448300728439e-7,-4.3446910184695456e-7
t8233,-2.6578409398935975e-7,-2.2898434642195763e-7,-3.0639906600819493e-7,-4.3861845524495176e-7
t8234,-2.6168331626560916e-7,-2.21078283436734e-7,-3.04017306944409e-7,-4.401674683462319e-7
t8235,-2.596115800814482e-7,-2.1493926443537173e-7,-3.045287544358298e-7,-4.4487240625474916e-7
t8236,-2.6073152430470973e-7,-2.112425513520249e-7,-3.0807992247289704e-7,-4.5381413365963265e-7
t8237,-2.5467808142251086e-7,-1.9575097419049348e-7,-3.068288329248839e-7,-4.6279329898103655e-7
t8238,-2.40309599034244e-7,-1.7026959269135928e-7,-2.9701920665996453e-7,-4.6593531366985805e-7
t8239,-2.2950247260710158e-7,-1.4973851566383574e-7,-2.90153337581811e-7,-4.6691556961216455e-7
t8240,-1.8051150756436422e-7,-7.098321817001636e-8,-2.4906279506099665e-7,-4.371458094717325e-7
t8241,-1.3102792983963166e-7,-1.6933322579183772e-8,-1.9781900076995258e-7,-3.821780262591279e-7
t8242,-1.0141435996644105e-7,-7.998137855773099e-9,-1.5343326656098805e-7,-2.922475584904266e-7
t8243,-1.0204477667504185e-7,-7.751795250461639e-9,-1.513823760771665e-7,-2.8822337010775664e-7
t8244,-9.804624722256818e-8,-6.589414906459836e-9,-1.4649620381528826e-7,-2.7910065572343946e-7
t8245,-9.208383411858329e-8,-4.992519250552428e-9,-1.3991159652347878e-7,-2.672303665740914e-7
t8246,-8.883394646876547e-8,-4.4690379688986995e-9,-1.359754681334384e-7,-2.6088988176247735e-7
t8247,-9.592399585582641e-8,-6.894971578924896e-9,-1.478960008810293e-7,-2.892017741818949e-7
t8248,-1.2178104369384923e-7,-1.8021881020313385e-8,-1.8440135037194925e-7,-3.571935175635198e-7
t8249,-1.548527333695986e-7,-5.883454200188188e-8,-2.165072832558108e-7,-3.8914981465240116e-7
t8250,-2.300436878861368e-7,-1.649059948159698e-7,-2.833274959410579e-7,-4.4408257538665854e-7
t8251,-2.866656049440415e-7,-2.358330505660605e-7,-3.333003742422972e-7,-4.864831714915209e-7
t8252,-2.8686902684873717e-7,-2.3606890257464071e-7,-3.3496691820525136e-7,-4.894197569769104e-7
t8253,-2.79717732965182e-7,-2.26613801820821e-7,-3.2836752061882986e-7,-4.846992996477049e-7
t8254,-2.6903992052073035e-7,-2.2028917703432959e-7,-3.1656132720939646e-7,-4.665582140405803e-7
t8255,-2.6094685272997096e-7,-2.193199744030849e-7,-3.0536729669401176e-7,-4.4566078103588467e-7
t8256,-2.598931244164804e-7,-2.180748695089917e-7,-3.0465997373224583e-7,-4.4492964577134434e-7
t8257,-2.6685069354135544e-7,-2.242447732688429e-7,-3.1240257082337137e-7,-4.5230864992697743e-7
t8258,-2.6907438826536954e-7,-2.2511623674060656e-7,-3.1621544601794466e-7,-4.594329814636846e-7
t8259,-2.6441179168250284e-7,-2.1570182100511176e-7,-3.1453289868950295e-7,-4.637977286901934e-7
t8260,-2.5339699561670344e-7,-1.9762625156720866e-7,-3.0681571800876274e-7,-4.6418973933631235e-7
t8261,-2.4614091046788514e-7,-1.8216908971584806e-7,-3.0379164819130455e-7,-4.694300239771216e-7
t8262,-2.3583690675355087e-7,-1.605373738279094e-7,-2.976647041602991e-7,-4.726829738823879e-7
t8263,-2.2510215981289087e-7,-1.3786374921184158e-7,-2.9144614775072703e-7,-4.765779115408947e-7
t8264,-1.7984530950354543e-7,-6.337783304381796e-8,-2.5402857540035115e-7,-4.4943950446060194e-7
t8265,-1.2452665070070887e-7,-1.327572889506656e-8,-1.9331821058452074e-7,-3.7794374969984345e-7
t8266,-1.0143573343922982e-7,-7.781564085138678e-9,-1.5528504083237895e-7,-2.950253014435785e-7
t8267,-1.0452871196315531e-7,-8.614344183290648e-9,-1.57429751178294e-7,-2.9757638764703996e-7
t8268,-1.0221885364835649e-7,-8.038443206422318e-9,-1.5525872104927299e-7,-2.9254167492740423e-7
t8269,-9.608527982023925e-8,-6.059286038182247e-9,-1.467406235231808e-7,-2.7972756530439377e-7
t8270,-9.164070726666465e-8,-4.859715559998908e-9,-1.4248416917062039e-7,-2.711456424378649e-7
t8271,-9.071096785867558e-8,-4.5108443349684125e-9,-1.4081533830058752e-7,-2.6926053972124433e-7
t8272,-9.4873192051504e-8,-5.567362529782706e-9,-1.481192269657186e-7,-2.8420124155893387e-7
t8273,-1.300220620524044e-7,-1.7209709799713888e-8,-1.9900507751776378e-7,-3.8503885764865634e-7
t8274,-1.8028445309697988e-7,-7.836850435966371e-8,-2.4892762349406987e-7,-4.3179396415711096e-7
t8275,-2.2512075626094346e-7,-1.4316453292459474e-7,-2.872367884085825e-7,-4.6340837836342985e-7
t8276,-2.3240679568303918e-7,-1.5211245659763738e-7,-2.947001713784409e-7,-4.7107321058294305e-7
t8277,-2.405066325424063e-7,-1.6249741742659754e-7,-3.0185323882234894e-7,-4.796246658634881e-7
t8278,-2.407385506321285e-7,-1.7399578994245186e-7,-2.9832418435355126e-7,-4.6502659540602346e-7
t8279,-2.404423311864797e-7,-1.8931228260170884e-7,-2.915979861654703e-7,-4.3991246678344647e-7
t8280,-2.441762198346825e-7,-1.94065149632796e-7,-2.953477520737475e-7,-4.426733335763835e-7
t8281,-2.452635467481262e-7,-1.9649784514213402e-7,-2.956738485571953e-7,-4.4186525147233803e-7
t8282,-2.4593139146821413e-7,-1.9616435658909434e-7,-2.9694547366210825e-7,-4.4411572112396335e-7
t8283,-2.434330770194983e-7,-1.9624170306482303e-7,-2.9264740456523813e-7,-4.3719423145329763e-7
t8284,-2.523993313014978e-7,-2.0111521047352597e-7,-3.027361412815681e-7,-4.534934296857897e-7
t8285,-2.653762389018898e-7,-2.0199814368671991e-7,-3.2176076531166526e-7,-4.883045407937341e-7
t8286,-2.671245496385539e-7,-1.9703714214652048e-7,-3.263534065952426e-7,-5.039689561271227e-7
t8287,-2.576668213701608e-7,-1.775787883312426e-7,-3.205638004119674e-7,-5.070737023294773e-7
t8288,-1.9665193209710973e-7,-8.729647807593099e-8,-2.66512958039199e-7,-4.625608471519264e-7
t8289,-1.3830263351679697e-7,-1.938921591314773e-8,-2.076713008871615e-7,-3.9977018733381354e-7
t8290,-9.821001918144512e-8,-7.024455579419017e-9,-1.5005113964252084e-7,-2.861240894505804e-7
t8291,-9.172535222084433e-8,-4.6182175821645544e-9,-1.3983618809207548e-7,-2.6892472669244196e-7
t8292,-8.710895054986124e-8,-3.122082178974641e-9,-1.3268522275417136e-7,-2.5657284270161164e-7
t8293,-7.985510429627242e-8,-1.0199982318891965e-9,-1.2338304114599317e-7,-2.407379337679819e-7
t8294,-7.587875843201236e-8,-9.030285031799513e-11,-1.1768191515010934e-7,-2.3160278465124308e-7
t8295,-7.990694929756809e-8,-1.709672266327478e-9,-1.248918550089567e-7,-2.491197114796689e-7
t8296,-1.0014258787668084e-7,-9.847031103470081e-9,-1.5347356526949973e-7,-3.067121415097038e-7
t8297,-1.214455769052925e-7,-3.2529302689751876e-8,-1.7521883324605858e-7,-3.308265305569235e-7
t8298,-1.890003374202774e-7,-1.290753086907677e-7,-2.3538305492459061e-7,-3.782370441890844e-7
t8299,-2.666578815070716e-7,-2.3029960767777982e-7,-3.038282719121552e-7,-4.33903483244202e-7
t8300,-2.81908869682355e-7,-2.47092572935969e-7,-3.1858214039497434e-7,-4.4901824027315336e-7
t8301,-2.8784412821147936e-7,-2.5265024579607827e-7,-3.2520164384749607e-7,-4.583509996818744e-7
t8302,-2.9219815528395314e-7,-2.595151874868061e-7,-3.2974489004365416e-7,-4.6264270356450355e-7
t8303,-2.933642986575275e-7,-2.6920817513243684e-7,-3.2840303864211075e-7,-4.510237439637375e-7
t8304,-2.994195175313942e-7,-2.793636002316054e-7,-3.3304202621930097e-7,-4.5154917626165834e-7
t8305,-3.0288114233072437e-7,-2.8241594150612305e-7,-3.371656445734233e-7,-4.570410750317807e-7
t8306,-3.064638997640863e-7,-2.8434602685675393e-7,-3.418050186814345e-7,-4.6343927059384657e-7
t8307,-3.035397321193543e-7,-2.7495012665335907e-7,-3.4189386450685873e-7,-4.7330762606819834e-7
t8308,-2.9720068379307417e-7,-2.5883474664177903e-7,-3.3994971826381975e-7,-4.811901137670273e-7
t8309,-2.8416007673175656e-7,-2.3518171650360518e-7,-3.327945692592172e-7,-4.846461736498591e-7
t8310,-2.6742633543860944e-7,-2.0637189770426545e-7,-3.205397022010288e-7,-4.848895021885237e-7
t8311,-2.487428706463545e-7,-1.7543658626175993e-7,-3.0640056915237936e-7,-4.800198794164424e-7
t8312,-1.8735566161958013e-7,-8.008765571689294e-8,-2.553240414273315e-7,-4.454375208074786e-7
t8313,-1.3215044685610994e-7,-1.8098420856032473e-8,-1.9760733581169262e-7,-3.8580118277341326e-7
t8314,-9.581474458284003e-8,-6.398086125230654e-9,-1.4590424696566777e-7,-2.8002959180100046e-7
t8315,-8.929619253337399e-8,-4.0023534874615535e-9,-1.3605514219569663e-7,-2.624259381670854e-7
t8316,-8.642661569723552e-8,-3.0685687258287617e-9,-1.3224887932249109e-7,-2.5395140700873306e-7
t8317,-8.0586089153877e-8,-1.5602190672220519e-9,-1.2471876646579834e-7,-2.427721120804342e-7
t8318,-7.796366257380785e-8,-1.3182136119292159e-9,-1.2107627556910167e-7,-2.3506453262180796e-7
t8319,-8.504807366037882e-8,-4.3539471775758576e-9,-1.3231293393758998e-7,-2.6272479731063906e-7
t8320,-1.0748681191802262e-7,-1.5238000737748337e-8,-1.6213557518601385e-7,-3.191933677040416e-7
t8321,-1.365181707398563e-7,-5.004725631911901e-8,-1.906513621237198e-7,-3.4808987330371854e-7
t8322,-2.841971096455736e-7,-2.49305452822279e-7,-3.2140434391729283e-7,-4.529390540436949e-7
t8323,-4.845803051438109e-7,-5.077731263499365e-7,-5.064155411943767e-7,-6.070123991718473e-7
t8324,-5.218298968710041e-7,-5.555600531068564e-7,-5.415289688144172e-7,-6.408947631031103e-7
t8325,-5.4093852322296e-7,-5.77765527003626e-7,-5.60253923008922e-7,-6.591335980305407e-7
t8326,-5.288302950302734e-7,-5.636147469166733e-7,-5.490085226756826e-7,-6.49896566207196e-7
t8327,-4.982584719907918e-7,-5.329778514083196e-7,-5.180889858396449e-7,-6.140992045915505e-7
t8328,-4.827517586343975e-7,-5.14972227283513e-7,-5.032084606466772e-7,-6.00692811202848e-7
t8329,-4.700509174871159e-7,-4.957064545728377e-7,-4.921702056644496e-7,-5.923705918935314e-7
t8330,-4.3661126309896057e-7,-4.492246305923768e-7,-4.6234930941059153e-7,-5.710420964125724e-7
t8331,-4.089804343521744e-7,-4.0969062663815225e-7,-4.3880490636751705e-7,-5.56563855119662e-7
t8332,-3.8935472475060556e-7,-3.7691752445755405e-7,-4.2379990944029753e-7,-5.537070651270073e-7
t8333,-3.704018299766466e-7,-3.436662186959522e-7,-4.0969328286898805e-7,-5.526550185569704e-7
t8334,-3.461024216984288e-7,-3.0573358808378963e-7,-3.904567723422811e-7,-5.462788701189595e-7
t8335,-3.217606287471772e-7,-2.6903693817904793e-7,-3.705476578633697e-7,-5.370995711023735e-7
t8336,-2.427253140196757e-7,-1.5718568190674924e-7,-3.032346677351421e-7,-4.914162341177975e-7
t8337,-1.7276846055611258e-7,-5.4039800812135695e-8,-2.397523194317884e-7,-4.3571280236796183e-7
t8338,-1.315679129087548e-7,-1.8892789933786523e-8,-1.9437976117827225e-7,-3.8032310714663173e-7
t8339,-1.058197496324059e-7,-9.042330263618547e-9,-1.5817815882693354e-7,-3.0594770966684406e-7
t8340,-9.734788982268534e-8,-6.413915976842349e-9,-1.4609926143510686e-7,-2.8373953361107066e-7
t8341,-9.144755421046855e-8,-5.145169495834051e-9,-1.3895385789322666e-7,-2.726829900563935e-7
t8342,-9.746214655301827e-8,-8.396027379880833e-9,-1.4815551408656847e-7,-2.951431041508876e-7
t8343,-1.1500890883748259e-7,-1.9621306413667068e-8,-1.6963200151213226e-7,-3.3682112472880866e-7
t8344,-1.354186942286966e-7,-4.8986317589778286e-8,-1.8965462613079354e-7,-3.5150263405295805e-7
t8345,-1.9338669588980995e-7,-1.30896153172632e-7,-2.411664736749196e-7,-3.9425109320004993e-7
t8346,-3.9640104580373517e-7,-3.9377893971034283e-7,-4.2421043753267383e-7,-5.409701331349548e-7
t8347,-4.93168249047693e-7,-5.181655310438478e-7,-5.147981552969188e-7,-6.182682561638396e-7
t8348,-4.444047226640944e-7,-4.525821022564041e-7,-4.695566739541902e-7,-5.813912879448037e-7
t8349,-3.9766681163534397e-7,-3.8904075211807663e-7,-4.2741551812589254e-7,-5.481726171799718e-7
t8350,-3.450290736129878e-7,-3.241538529738213e-7,-3.7908095333600494e-7,-5.064157233186705e-7
t8351,-3.006800750292366e-7,-2.7474410019445386e-7,-3.360339665074271e-7,-4.593027447966329e-7
t8352,-2.7660811309998e-7,-2.4804076410052815e-7,-3.130450193458707e-7,-4.3613610794391425e-7
t8353,-2.6266859163362483e-7,-2.2943194633141975e-7,-3.0154688773550124e-7,-4.2733959745900364e-7
t8354,-2.530767598645029e-7,-2.152796728145562e-7,-2.938240204494003e-7,-4.2496460167667125e-7
t8355,-2.467790982932245e-7,-2.0194676744563343e-7,-2.910381424216102e-7,-4.2933286782794455e-7
t8356,-2.400624565597067e-7,-1.8476158400988373e-7,-2.8915269963135365e-7,-4.399713394814881e-7
t8357,-2.372986063983498e-7,-1.6668530970744303e-7,-2.933218066583678e-7,-4.583615180666997e-7
t8358,-2.330229471247025e-7,-1.5422803093258357e-7,-2.9219135802700063e-7,-4.661282098999115e-7
t8359,-2.2391394030118067e-7,-1.3365096418348003e-7,-2.8592198702300347e-7,-4.710782456530502e-7
t8360,-1.859465324113792e-7,-6.200019101218834e-8,-2.5579268541835655e-7,-4.55429542214299e-7
t8361,-1.288906595019112e-7,-1.3695056252490692e-8,-1.9171379998851967e-7,-3.757796793659761e-7
t8362,-1.0020209451390512e-7,-6.910618851964251e-9,-1.4877423502439538e-7,-2.833572428478579e-7
t8363,-9.654994450018285e-8,-5.754596845408441e-9,-1.429234814407705e-7,-2.7314391686700205e-7
t8364,-9.064201296539209e-8,-3.996330809935291e-9,-1.3576110847167365e-7,-2.6086453499443024e-7
t8365,-8.230549582185842e-8,-1.5037319560525278e-9,-1.2509184861066115e-7,-2.4377387477647827e-7
t8366,-7.82968858994511e-8,-3.964597531397927e-10,-1.1986509142383663e-7,-2.353352069007415e-7
t8367,-7.791940952908912e-8,-5.292119552428298e-10,-1.2028345576017806e-7,-2.3707763516638498e-7
t8368,-9.686303693764918e-8,-6.284427552837974e-9,-1.4903621523383146e-7,-3.0051518611063494e-7
t8369,-1.3110023234168417e-7,-3.665818396061806e-8,-1.8692932363098846e-7,-3.4625424963857054e-7
t8370,-1.8610102374695212e-7,-1.169785675463638e-7,-2.3530148955859687e-7,-3.868052739245294e-7
t8371,-2.22881303108953e-7,-1.6708877474446215e-7,-2.670888212382057e-7,-4.102438482393369e-7
t8372,-2.2316638869034062e-7,-1.6581293064592582e-7,-2.6759801163657144e-7,-4.139080614644863e-7
t8373,-2.200490615177482e-7,-1.5935389235271804e-7,-2.66611530107243e-7,-4.151166821679947e-7
t8374,-2.1819720108502614e-7,-1.5888262336525298e-7,-2.6498742422817015e-7,-4.1284219543193593e-7
t8375,-2.1398194264203935e-7,-1.6265424555018558e-7,-2.588099097354908e-7,-3.9824933392562545e-7
t8376,-2.15493010096845e-7,-1.634141318719258e-7,-2.616394647211392e-7,-4.027396482039418e-7
t8377,-2.1942371051969042e-7,-1.666124092351019e-7,-2.661471101538433e-7,-4.1064495060787233e-7
t8378,-2.2488310084443092e-7,-1.7092579988505611e-7,-2.7282699583556745e-7,-4.19296537561085e-7
t8379,-2.3286395550573625e-7,-1.7614297616185662e-7,-2.823273510689591e-7,-4.331176620354014e-7
t8380,-2.412671131641877e-7,-1.7763438278605896e-7,-2.935486795483149e-7,-4.534395708733375e-7
t8381,-2.484786452539947e-7,-1.7712031649087428e-7,-3.038184754145588e-7,-4.7504382849212197e-7
t8382,-2.540562224683293e-7,-1.763486063698347e-7,-3.114210274258224e-7,-4.895628184983051e-7
t8383,-2.5564677392664736e-7,-1.711523563602806e-7,-3.1590833002541835e-7,-4.996284297430212e-7
t8384,-2.176857745317472e-7,-1.1386755908803421e-7,-2.8311735811391673e-7,-4.7449535073744106e-7
t8385,-1.6572258856791735e-7,-3.760174940046966e-8,-2.342665882364419e-7,-4.35600785847668e-7
t8386,-1.1737580636979904e-7,-1.1940551499365998e-8,-1.7332552289518602e-7,-3.388119448637318e-7
t8387,-1.0359882527765589e-7,-7.613098279389157e-9,-1.5366320607377654e-7,-2.9813058135478735e-7
t8388,-9.528725434645905e-8,-5.158314949662074e-9,-1.4307357667631248e-7,-2.786557193755801e-7
t8389,-8.714946822768861e-8,-2.936825931830261e-9,-1.3323891142475e-7,-2.6175215321231606e-7
t8390,-8.495800215280372e-8,-2.573593892146769e-9,-1.3049844391128948e-7,-2.5635791643610715e-7
t8391,-9.159046837488435e-8,-4.6444539821644665e-9,-1.4053708580630152e-7,-2.82363001560457e-7
t8392,-1.0962035690454174e-7,-1.2308204288127479e-8,-1.648602505374111e-7,-3.2562138803181094e-7
t8393,-1.3077865146462522e-7,-3.4891949030053026e-8,-1.8707258378202168e-7,-3.4803837506916963e-7
t8394,-1.8745801572492048e-7,-1.1716616835975274e-7,-2.377288377329758e-7,-3.919449960077766e-7
t8395,-2.345786771148268e-7,-1.806982928471613e-7,-2.7883135419407913e-7,-4.248578588781832e-7
t8396,-2.4266091188035236e-7,-1.9014692401941276e-7,-2.87121632625186e-7,-4.3431023023529746e-7
t8397,-2.446682599476071e-7,-1.9061497721191791e-7,-2.8999925382875887e-7,-4.392026147783237e-7
t8398,-2.423456103694786e-7,-1.9153656379084216e-7,-2.8748139870218424e-7,-4.331463063541723e-7
t8399,-2.430950999797538e-7,-1.9958530359556396e-7,-2.860895740661289e-7,-4.2258610690014714e-7
t8400,-2.4584378817528633e-7,-2.029981523155887e-7,-2.890995689965996e-7,-4.243877942159125e-7
t8401,-2.476436220556342e-7,-2.0204663182527076e-7,-2.921286297707277e-7,-4.319551761753208e-7
t8402,-2.4793746288681643e-7,-1.9978386355993345e-7,-2.9397291083500714e-7,-4.368290784817148e-7
t8403,-2.4546415302916245e-7,-1.9254598323171783e-7,-2.9384334084483694e-7,-4.417607072991348e-7
t8404,-2.4398700206063653e-7,-1.8381323011287145e-7,-2.952524756395033e-7,-4.5146842578415595e-7
t8405,-2.393129269517258e-7,-1.7046198452953628e-7,-2.951723053593693e-7,-4.602784731309527e-7
t8406,-2.3527055055933614e-7,-1.5726388043804077e-7,-2.94515201839626e-7,-4.676465999881282e-7
t8407,-2.2837097745274586e-7,-1.4202443693008452e-7,-2.9048910918938587e-7,-4.71992066695753e-7
t8408,-1.9591660761644495e-7,-7.774496371739581e-8,-2.6687353379259267e-7,-4.6712094515186147e-7
t8409,-1.470079216841516e-7,-1.949385170034194e-8,-2.1727900818565948e-7,-4.1793852368785633e-7
t8410,-1.055628017717701e-7,-8.600680964494501e-9,-1.5715167374613577e-7,-3.0061713129838734e-7
t8411,-1.0613298693170995e-7,-8.778997280052938e-9,-1.562483326345991e-7,-2.973377602264163e-7
t8412,-1.014541403458722e-7,-7.375322349713115e-9,-1.511872467315189e-7,-2.878276370729791e-7
t8413,-9.416395350946263e-8,-5.275104991861686e-9,-1.4273730983812774e-7,-2.7137502704372024e-7
t8414,-8.972778985279061e-8,-4.055829006420436e-9,-1.3729713750877988e-7,-2.622857341086311e-7
t8415,-9.027950263110541e-8,-4.43569292390409e-9,-1.3769789716302236e-7,-2.64035724202288e-7
t8416,-1.0633220394970277e-7,-9.354310385758261e-9,-1.625493433913713e-7,-3.178400365293711e-7
t8417,-1.4880813086960033e-7,-3.55410137616422e-8,-2.147473314700622e-7,-3.983424878480734e-7
t8418,-2.5182431242470614e-7,-1.7989564139114415e-7,-3.0785684843858207e-7,-4.771922776232762e-7
t8419,-4.039737261189069e-7,-3.7357960961000565e-7,-4.4521001521309126e-7,-5.922213605141935e-7
t8420,-4.378528345533579e-7,-4.172273171796266e-7,-4.7651175409544635e-7,-6.183851281234673e-7
t8421,-4.684971708839879e-7,-4.5560420002988615e-7,-5.045342341889933e-7,-6.413132730728519e-7
t8422,-4.933471015471418e-7,-4.934293466158078e-7,-5.258739194045279e-7,-6.503589639613943e-7
t8423,-5.02516215343904e-7,-5.157338225572791e-7,-5.307815747475322e-7,-6.415181272764934e-7
t8424,-4.983410416045681e-7,-5.190698009277404e-7,-5.240338888523348e-7,-6.259440161223731e-7
t8425,-4.927395682884975e-7,-5.093723109268064e-7,-5.197701923146154e-7,-6.244367952384329e-7
t8426,-4.976582596598566e-7,-5.138571383709602e-7,-5.257358088242123e-7,-6.336481795611911e-7
t8427,-5.06547822352398e-7,-5.22488735870501e-7,-5.35037153058505e-7,-6.461777521074094e-7
t8428,-5.104768410523748e-7,-5.243531355880598e-7,-5.406080868281741e-7,-6.548439817674897e-7
t8429,-5.111605772848029e-7,-5.200222914620279e-7,-5.432286120156921e-7,-6.644081442736351e-7
t8430,-4.827904486394863e-7,-4.76925981703701e-7,-5.19306691456003e-7,-6.537434100226784e-7
t8431,-4.188133743558476e-7,-3.894597225197226e-7,-4.6309245262303636e-7,-6.130032156973466e-7
t8432,-2.2336247678240414e-7,-1.279787481355081e-7,-2.9349385532693113e-7,-4.832688795579604e-7
t8433,-1.4095599060797526e-7,-2.1690435349870152e-8,-2.146014048632859e-7,-4.0908372877766553e-7
t8434,-1.0359106545866456e-7,-8.892457909561784e-9,-1.5831537909016133e-7,-2.9837139089777044e-7
t8435,-1.0586636290972874e-7,-9.133495386040196e-9,-1.5941724411449343e-7,-2.991072256858153e-7
t8436,-1.0363141437390083e-7,-8.517090378767122e-9,-1.5736438210020012e-7,-2.942429069781612e-7
t8437,-9.76406815880279e-8,-6.789520667272146e-9,-1.4981457377683542e-7,-2.8417289851947547e-7
t8438,-9.442190507816892e-8,-5.78469005854998e-9,-1.460849097503616e-7,-2.763920308732009e-7
t8439,-9.470057473321093e-8,-6.3080432597255395e-9,-1.4656039527081283e-7,-2.7839891677383743e-7
t8440,-1.1245252038690489e-7,-1.2427350940023854e-8,-1.7450948572219896e-7,-3.3975702159193417e-7
t8441,-1.5692739852326826e-7,-4.5493110864526134e-8,-2.2774381799315458e-7,-4.1626804486251375e-7
t8442,-2.9668108637748685e-7,-2.400460461175944e-7,-3.511548841986541e-7,-5.209028905918397e-7
t8443,-4.881715931830021e-7,-4.845008027899708e-7,-5.244925791794287e-7,-6.635272214114966e-7
t8444,-5.039219170198299e-7,-5.035243543927885e-7,-5.386234698618305e-7,-6.751115314281439e-7
t8445,-4.975574459822035e-7,-4.938588493039168e-7,-5.335707903744106e-7,-6.718851756580445e-7
t8446,-4.762345120806338e-7,-4.752004567371113e-7,-5.108140333252027e-7,-6.409823884952514e-7
t8447,-4.4175489071610886e-7,-4.4491690286058947e-7,-4.7343365233440573e-7,-5.887968798338419e-7
t8448,-4.384742700454681e-7,-4.4318744448627466e-7,-4.7002459459401146e-7,-5.825852705686373e-7
t8449,-4.4794582793939627e-7,-4.5602029557057636e-7,-4.781493365797403e-7,-5.881556486674292e-7
t8450,-4.509005290777678e-7,-4.5971154539710596e-7,-4.807424724621991e-7,-5.907526960317862e-7
t8451,-4.528574383818897e-7,-4.5916836050162825e-7,-4.834452811740324e-7,-5.96928689753036e-7
t8452,-4.387312977628176e-7,-4.3483826964028037e-7,-4.7361071732824446e-7,-5.980009069344037e-7
t8453,-4.074041511687937e-7,-3.876638244017466e-7,-4.477106636582714e-7,-5.846999365638489e-7
t8454,-3.5807407462448297e-7,-3.1872604156549495e-7,-4.0577421276179644e-7,-5.611806054093602e-7
t8455,-3.1148596627444473e-7,-2.541707835497264e-7,-3.6759949896024876e-7,-5.378604462689906e-7
t8456,-2.079504330850765e-7,-1.1283217310119201e-7,-2.7722340467675646e-7,-4.6647353696512356e-7
t8457,-1.4641859625301523e-7,-2.874077252244527e-8,-2.180730477668072e-7,-4.109976803465376e-7
t8458,-1.0472262447970053e-7,-1.062969002493493e-8,-1.6115911770395457e-7,-3.0910260712368313e-7
t8459,-9.455783385907894e-8,-6.481418781901985e-9,-1.455634163351763e-7,-2.7837600249814446e-7
t8460,-9.148030690624774e-8,-5.17464485050479e-9,-1.39788465671406e-7,-2.7009328738096156e-7
t8461,-8.386095907744254e-8,-3.176499650800336e-9,-1.29628237978268e-7,-2.5165757692984435e-7
t8462,-8.067060413612472e-8,-2.963852981778678e-9,-1.2535277923498043e-7,-2.436788134505677e-7
t8463,-8.599293626890889e-8,-5.845441540834816e-9,-1.346919417141937e-7,-2.6787563051158515e-7
t8464,-1.0807835043440172e-7,-1.6895784511119875e-8,-1.6476687487647515e-7,-3.2360194811013836e-7
t8465,-1.390524847586728e-7,-5.494136536196548e-8,-1.952242209862798e-7,-3.5670171801773115e-7
t8466,-3.0378995361254896e-7,-2.7606693165879723e-7,-3.404240850241765e-7,-4.7167098913989197e-7
t8467,-5.198210050125212e-7,-5.53986492445938e-7,-5.401992857126109e-7,-6.372037392178158e-7
t8468,-4.996814383193158e-7,-5.252501267693955e-7,-5.219297020291643e-7,-6.210591309819911e-7
t8469,-4.7358693458045907e-7,-4.882983422648865e-7,-4.98466628312411e-7,-6.024439423960859e-7
t8470,-4.3324620211593375e-7,-4.361293165891047e-7,-4.6090275620325455e-7,-5.67687621104068e-7
t8471,-3.912944711024513e-7,-3.9021036391719824e-7,-4.1998663183204237e-7,-5.247320023668507e-7
t8472,-3.814527175722879e-7,-3.8071427395134983e-7,-4.102637950143896e-7,-5.159297483995976e-7
t8473,-3.987665151325203e-7,-4.0221135326163237e-7,-4.273359566339689e-7,-5.329887694688796e-7
t8474,-4.1364712794280803e-7,-4.194932482692862e-7,-4.4210821971737447e-7,-5.495866321775853e-7
t8475,-4.3292751392540835e-7,-4.386610896713362e-7,-4.623672501513127e-7,-5.744901161493527e-7
t8476,-4.3923090543657e-7,-4.380843323837228e-7,-4.7173633903480873e-7,-5.907781005370585e-7
t8477,-4.2400077577680734e-7,-4.113769087566965e-7,-4.6088696196145363e-7,-5.909571485882996e-7
t8478,-4.0675668012035e-7,-3.833679986111174e-7,-4.4660957856589626e-7,-5.872357961838416e-7
t8479,-3.8901563208324254e-7,-3.5573027843462375e-7,-4.3226300359442466e-7,-5.818996939249007e-7
t8480,-2.3420056448469343e-7,-1.5055525595543677e-7,-2.971071922900681e-7,-4.784893043673778e-7
t8481,-1.546004013634214e-7,-3.732116705050824e-8,-2.2356617930771052e-7,-4.138266216340194e-7
t8482,-1.0982499917980923e-7,-1.3653201350960298e-8,-1.666217869537454e-7,-3.200696608435876e-7
t8483,-9.664316196347523e-8,-7.892280807541309e-9,-1.468459956704013e-7,-2.8083276496565735e-7
t8484,-9.435861443726346e-8,-6.632880104765508e-9,-1.4315663500254794e-7,-2.7560759567265234e-7
t8485,-8.839472301634664e-8,-5.186135371223172e-9,-1.3563296935930836e-7,-2.6121752880702105e-7
t8486,-8.553363708034611e-8,-5.2371894997812265e-9,-1.31588357175294e-7,-2.549867197394395e-7
t8487,-9.340768443591396e-8,-8.463214249660648e-9,-1.4411275615161917e-7,-2.868224257978682e-7
t8488,-1.1178938887985526e-7,-1.8696996060420466e-8,-1.6738606011677796e-7,-3.2789949491872056e-7
t8489,-1.4133108705711348e-7,-5.6915766875544066e-8,-1.9703750147084035e-7,-3.5585406919159254e-7
t8490,-2.6921785685876025e-7,-2.3063520994583915e-7,-3.091349990823792e-7,-4.456510586983073e-7
t8491,-4.021475768887377e-7,-3.997652111088723e-7,-4.3027319357492974e-7,-5.430532295104157e-7
t8492,-4.00513206729895e-7,-3.957926356133699e-7,-4.294209035065992e-7,-5.425226240322471e-7
t8493,-3.9125534652098225e-7,-3.819337166212676e-7,-4.221293292047392e-7,-5.400376330683264e-7
t8494,-3.802283637795717e-7,-3.693971764676915e-7,-4.123241906652094e-7,-5.304524949922812e-7
t8495,-3.768187563890972e-7,-3.729410593097871e-7,-4.064716981842311e-7,-5.170584831877946e-7
t8496,-3.872966059854795e-7,-3.872581527762833e-7,-4.1612857547797495e-7,-5.2393006946023e-7
t8497,-4.013975383583306e-7,-4.039949045142043e-7,-4.298714306143947e-7,-5.375689674905883e-7
t8498,-3.994497897255603e-7,-3.990955069802645e-7,-4.2954452857459076e-7,-5.403215050201437e-7
t8499,-3.956521455434364e-7,-3.890756775053956e-7,-4.285449064193434e-7,-5.464159065284489e-7
t8500,-4.0238498549967364e-7,-3.8943410125166224e-7,-4.3889621461686564e-7,-5.664973509485482e-7
t8501,-4.111556706811155e-7,-3.9161722967403617e-7,-4.5062832335701704e-7,-5.872211430019761e-7
t8502,-4.1452818948121746e-7,-3.885744214772297e-7,-4.56436000612337e-7,-6.01309311704402e-7
t8503,-3.951844771382911e-7,-3.582576742665599e-7,-4.408564309393009e-7,-5.950838636152763e-7
t8504,-2.426568974302489e-7,-1.5987036055007886e-7,-3.0566545549291006e-7,-4.891489501997535e-7
t8505,-1.615368739058246e-7,-4.375905167586017e-8,-2.3174851028371203e-7,-4.2626902715267915e-7
t8506,-1.2066450001725738e-7,-1.782355342837484e-8,-1.828019183827957e-7,-3.51583978569176e-7
t8507,-1.013343072165863e-7,-9.877536111697378e-9,-1.5417085002467063e-7,-2.931619180314211e-7
t8508,-9.858388419892739e-8,-8.728345920613134e-9,-1.5007765747704478e-7,-2.8640012510410744e-7
t8509,-9.272971040686991e-8,-7.745440449772229e-9,-1.427655857597011e-7,-2.7357444403295404e-7
t8510,-9.384177808994066e-8,-9.873627891229406e-9,-1.4458658428742279e-7,-2.8066888719549147e-7
t8511,-1.0628385258689582e-7,-1.6180097894295382e-8,-1.6299123672157878e-7,-3.186346462586763e-7
t8512,-1.2643394943901882e-7,-3.3443146877332405e-8,-1.8559278390638377e-7,-3.4987554629035294e-7
t8513,-1.7259073908488212e-7,-9.839148572286511e-8,-2.2805261914129455e-7,-3.859828713410962e-7
t8514,-4.172561988018228e-7,-4.1840911430331436e-7,-4.4714522996487676e-7,-5.612183036116085e-7
t8515,-6.081351151124283e-7,-6.669412683476762e-7,-6.246439283796893e-7,-7.153889750837044e-7
t8516,-5.504848676000368e-7,-5.893610128546988e-7,-5.711338593225925e-7,-6.691214925720338e-7
t8517,-4.816078705540692e-7,-4.966375558385602e-7,-5.08075988369874e-7,-6.171941068187299e-7
t8518,-4.1945030720284244e-7,-4.189034469008963e-7,-4.4974752446337385e-7,-5.651501989298246e-7
t8519,-3.8447784478633846e-7,-3.818695623826762e-7,-4.152946918984695e-7,-5.268568807252572e-7
t8520,-3.8896401908878587e-7,-3.8950949127462185e-7,-4.1892281204763536e-7,-5.276491420468947e-7
t8521,-4.082709424721423e-7,-4.1306529091541126e-7,-4.3746584080079883e-7,-5.45487834560108e-7
t8522,-4.2261977094577726e-7,-4.289490296058375e-7,-4.5200286144279375e-7,-5.602947262522591e-7
t8523,-4.2147801171433806e-7,-4.2147295077044e-7,-4.536100809776604e-7,-5.674682785385616e-7
t8524,-4.0360385361121166e-7,-3.906127801433533e-7,-4.406582897612784e-7,-5.666148302608569e-7
t8525,-3.823556352388354e-7,-3.5099020402811386e-7,-4.269791810002759e-7,-5.74017991961087e-7
t8526,-3.641113798233901e-7,-3.219802390158618e-7,-4.13173266321926e-7,-5.687036557776791e-7
t8527,-3.4616670699362825e-7,-2.9328704406985176e-7,-3.994193330065417e-7,-5.647032138024127e-7
t8528,-2.209782076714967e-7,-1.203422546647114e-7,-2.9250728003651575e-7,-4.865379968453146e-7
t8529,-1.5428249137753194e-7,-3.291133412900386e-8,-2.2802197659749952e-7,-4.26925110420159e-7
t8530,-1.1152229119920556e-7,-1.3874211805317261e-8,-1.694208336987399e-7,-3.182242216364287e-7
t8531,-1.0318842737311207e-7,-9.803152247482825e-9,-1.5718910970848834e-7,-2.967691304026744e-7
t8532,-1.0059800250662015e-7,-8.751350304016805e-9,-1.537144987946265e-7,-2.9116979196379857e-7
t8533,-9.415996391537719e-8,-7.499978634613319e-9,-1.4511576830204866e-7,-2.7595228067754196e-7
t8534,-9.361999350936865e-8,-9.200937353714185e-9,-1.447099749588655e-7,-2.727282762780262e-7
t8535,-1.0844916759632418e-7,-1.6538899650959005e-8,-1.668000779987759e-7,-3.2393180123791486e-7
t8536,-1.3156458919929517e-7,-3.6401065932428725e-8,-1.9430149635014014e-7,-3.625552979254061e-7
t8537,-1.8196074921323616e-7,-1.0735335016118107e-7,-2.3957658524712703e-7,-4.021909091497372e-7
t8538,-5.009289989217953e-7,-5.214602157532657e-7,-5.275211023299186e-7,-6.367878983719103e-7
t8539,-8.191821039748779e-7,-9.433841445576369e-7,-8.233305377747194e-7,-8.977388231313164e-7
t8540,-7.034313422331319e-7,-7.882522353972657e-7,-7.154090593656508e-7,-8.03751272489477e-7
t8541,-6.433622318708503e-7,-7.061914274801323e-7,-6.600836694203246e-7,-7.570870382682379e-7
t8542,-6.247728898877516e-7,-6.841723264726367e-7,-6.421003891207037e-7,-7.388632629960172e-7
t8543,-6.327928393477886e-7,-7.041374989242242e-7,-6.463607267406465e-7,-7.34111602133274e-7
t8544,-6.589466932725175e-7,-7.424068813230487e-7,-6.696521693291592e-7,-7.510221088833755e-7
t8545,-6.888622393744742e-7,-7.798305305142422e-7,-6.981106378761198e-7,-7.762775547283834e-7
t8546,-7.240311679976651e-7,-8.234946131249373e-7,-7.31710962608608e-7,-8.083129226259631e-7
t8547,-7.321076188324656e-7,-8.280080467682937e-7,-7.415670321635255e-7,-8.206692477570967e-7
t8548,-6.635065348315572e-7,-7.274559933761288e-7,-6.810491683935164e-7,-7.749547137503549e-7
t8549,-5.481044389412604e-7,-5.685134233710283e-7,-5.768263269846718e-7,-6.949242662061792e-7
t8550,-4.5588681123327077e-7,-4.4426749469564996e-7,-4.941224620318761e-7,-6.32582990915824e-7
t8551,-4.0339791691142866e-7,-3.7238354911610605e-7,-4.483935312360749e-7,-6.012126631109581e-7
t8552,-2.3926422848788587e-7,-1.5490090776247357e-7,-3.0402272468879054e-7,-4.911465292845125e-7
t8553,-1.5821589210785786e-7,-3.901110599103637e-8,-2.296729070777897e-7,-4.286711930028825e-7
t8554,-1.139162586066916e-7,-1.4553842703626572e-8,-1.7342900078551378e-7,-3.3478730791113356e-7
t8555,-1.0164205060321848e-7,-8.87597442719871e-9,-1.5537686292422005e-7,-2.956810612092435e-7
t8556,-9.661857768807574e-8,-7.0498017834788084e-9,-1.4821311415127486e-7,-2.839748954720829e-7
t8557,-8.900699748594348e-8,-5.151968897509649e-9,-1.3855161153165688e-7,-2.6716640406696723e-7
t8558,-8.810929006121849e-8,-5.99456439548841e-9,-1.3784902858610898e-7,-2.641332848899366e-7
t8559,-1.011060556083614e-7,-1.1523412861350617e-8,-1.5706753671018413e-7,-3.0717769842234126e-7
t8560,-1.2419657110574483e-7,-2.8943583910508958e-8,-1.846785583458803e-7,-3.4432456641843713e-7
t8561,-1.7363257977557533e-7,-9.669218738753301e-8,-2.2951033940186325e-7,-3.822466546960758e-7
t8562,-4.774184626038245e-7,-4.907030042632563e-7,-5.037213318781309e-7,-6.03943642686453e-7
t8563,-8.084885377317898e-7,-9.265911181222802e-7,-8.123207329675733e-7,-8.758378015248895e-7
t8564,-8.15280290770759e-7,-9.341039605425215e-7,-8.191709605812479e-7,-8.83701215916768e-7
t8565,-7.703485886367242e-7,-8.710170221161869e-7,-7.783910322939993e-7,-8.51393194814361e-7
t8566,-7.21089916915709e-7,-8.086844890420689e-7,-7.31701044973673e-7,-8.082429592788946e-7
t8567,-6.833133067311104e-7,-7.67163238116995e-7,-6.93863272367073e-7,-7.678439725778272e-7
t8568,-6.538882764558363e-7,-7.271734545405472e-7,-6.671832566996427e-7,-7.461082799265468e-7
t8569,-6.353001426038701e-7,-6.990947909866144e-7,-6.513021383867354e-7,-7.342807369800232e-7
t8570,-5.973786790014378e-7,-6.46338743741901e-7,-6.172729330617961e-7,-7.072520786750871e-7
t8571,-5.578329426937724e-7,-5.91593697250818e-7,-5.821441599489331e-7,-6.792508218889587e-7
t8572,-5.181014368338432e-7,-5.346116969866318e-7,-5.475508403699027e-7,-6.568155826923154e-7
t8573,-4.7349527062010244e-7,-4.698833236200389e-7,-5.097409963198228e-7,-6.340820700026756e-7
t8574,-4.215612490023218e-7,-3.976026299843412e-7,-4.6487198339912944e-7,-6.043567970326134e-7
t8575,-3.5990676101228224e-7,-3.147240230163302e-7,-4.108670910853391e-7,-5.683505597591384e-7
t8576,-2.4531421255052276e-7,-1.6088002806506716e-7,-3.1399796128034175e-7,-4.975730023220558e-7
t8577,-1.6485465192660543e-7,-4.143684189152232e-8,-2.4228871100610564e-7,-4.418660024715808e-7
t8578,-1.1153432164355681e-7,-1.1620969720499372e-8,-1.7387167840928095e-7,-3.338433455119705e-7
t8579,-1.0494098693729392e-7,-9.211417670989709e-9,-1.613963882478063e-7,-3.0327630571405893e-7
t8580,-1.0026159898375621e-7,-7.701483650035177e-9,-1.5537247422305638e-7,-2.9226887788693345e-7
t8581,-9.396872218986587e-8,-5.8727303992966326e-9,-1.4743512274229615e-7,-2.803961932909888e-7
t8582,-9.044160859651476e-8,-5.0485683218999714e-9,-1.430893227858147e-7,-2.7199618859942477e-7
t8583,-9.505309560145341e-8,-6.925399493316243e-9,-1.5084308717713388e-7,-2.896337115668439e-7
t8584,-1.2508034893151688e-7,-1.970187474914028e-8,-1.9413091999858536e-7,-3.7363428217662994e-7
t8585,-1.5865509025688283e-7,-6.01028303627375e-8,-2.2847642476915668e-7,-4.0644246341729996e-7
t8586,-2.6583730874157785e-7,-2.069036921256407e-7,-3.2160632400634527e-7,-4.819986333984242e-7
t8587,-3.6951350165654236e-7,-3.366465768805407e-7,-4.141961664474745e-7,-5.58168039013994e-7
t8588,-3.8882487559676977e-7,-3.61162929057928e-7,-4.312173118842851e-7,-5.698683292061973e-7
t8589,-3.858657201522379e-7,-3.575030846055586e-7,-4.2848831853142305e-7,-5.682148501600708e-7
t8590,-3.462353997996848e-7,-3.140231110517303e-7,-3.9045883169706376e-7,-5.310003070142304e-7
t8591,-3.3273878282041767e-7,-3.067300110405383e-7,-3.735206533125907e-7,-5.035555185542079e-7
t8592,-3.3840144743620293e-7,-3.1442181863392264e-7,-3.787948036624111e-7,-5.082313304406035e-7
t8593,-3.272217513092834e-7,-2.9854746369765317e-7,-3.6993242488239645e-7,-5.066726278728161e-7
t8594,-3.3683524387371e-7,-3.089580801081227e-7,-3.8000763305482396e-7,-5.177238815123007e-7
t8595,-4.1966073122530133e-7,-4.101598035263411e-7,-4.5634249900969766e-7,-5.839313265902501e-7
t8596,-5.68949267382327e-7,-5.978456978901473e-7,-5.960574208717153e-7,-7.077190617307466e-7
t8597,-7.271503771047373e-7,-7.991313501430687e-7,-7.452879495279319e-7,-8.439369004590418e-7
t8598,-9.677633834918967e-7,-1.1107523638133728e-6,-9.722364649918194e-7,-1.0546984837231295e-6
t8599,-1.212338990063908e-6,-1.4300372189858934e-6,-1.2017726931917156e-6,-1.2677677144000015e-6
t8600,-1.0253140510048274e-6,-1.1784895504911497e-6,-1.0307065727204005e-6,-1.119647660254369e-6
t8601,-4.4997190584608244e-7,-4.229752443254002e-7,-4.980991487321499e-7,-6.63990083416701e-7
t8602,-2.4610452656966133e-7,-1.532437688419015e-7,-3.1845169396922994e-7,-5.185558776292193e-7
t8603,-2.005242873907135e-7,-7.61439548101298e-8,-2.8027124289761353e-7,-4.949617280081204e-7
t8604,-1.7463689319369522e-7,-4.811760738909362e-8,-2.540845920234419e-7,-4.6407945379162247e-7
t8605,-1.5591313172621826e-7,-3.811639397497098e-8,-2.3216454667239006e-7,-4.295100928451267e-7
t8606,-1.5028224819554872e-7,-3.716560380554474e-8,-2.2466761003043845e-7,-4.2029078393198934e-7
t8607,-1.6412235938529035e-7,-5.09280512937125e-8,-2.4014895938500773e-7,-4.328862286367164e-7
t8608,-2.069698057347862e-7,-1.0913616323253238e-7,-2.792790863080886e-7,-4.668767724474041e-7
t8609,-3.4632590925129857e-7,-2.976182590685906e-7,-4.0096255871604483e-7,-5.62306774319595e-7
t8610,-1.1443335490568637e-6,-1.3414599424605728e-6,-1.1386928103968398e-6,-1.1957633155216053e-6
t8611,-1.5034130768493412e-6,-1.8118894650440827e-6,-1.4696341195761267e-6,-1.4920752432886584e-6
t8612,-1.3045953537446406e-6,-1.5494551031959452e-6,-1.2876591720247097e-6,-1.3310692914968834e-6
t8613,-1.1707890444729164e-6,-1.370860015032862e-6,-1.1644181743626454e-6,-1.2226517865155318e-6
t8614,-1.11799283546619e-6,-1.3110730245837154e-6,-1.1107211421879922e-6,-1.1658152299016342e-6
t8615,-1.0426091605936036e-6,-1.2286663070884407e-6,-1.033056394223228e-6,-1.080593211810807e-6
t8616,-9.58170476265364e-7,-1.12142475667878e-6,-9.530066402311241e-7,-1.005202721326498e-6
t8617,-8.739133574686133e-7,-1.0105287519012036e-6,-8.746592557715838e-7,-9.359621785992748e-7
t8618,-8.000441999034301e-7,-9.121878667163149e-7,-8.063627597450893e-7,-8.754848615219164e-7
t8619,-7.643726882084433e-7,-8.614064525383005e-7,-7.746591260691153e-7,-8.508365754364142e-7
t8620,-7.724717038365317e-7,-8.648094903198109e-7,-7.847230439386963e-7,-8.681710241591797e-7
t8621,-7.699705561674882e-7,-8.466798588539291e-7,-7.881519256008669e-7,-8.846787890832137e-7
t8622,-7.413638700141021e-7,-8.016129375182212e-7,-7.643085523240452e-7,-8.704433060526912e-7
t8623,-7.232719223498568e-7,-7.728672928406672e-7,-7.497995775246486e-7,-8.644452994621435e-7
t8624,-4.007505499967748e-7,-3.584066976637336e-7,-4.532045159893045e-7,-6.199954133897359e-7
t8625,-1.9989323950638268e-7,-8.607975241458938e-8,-2.752620543457508e-7,-4.779754768518435e-7
t8626,-1.5423478707437937e-7,-3.818442338966228e-8,-2.2757056193539282e-7,-4.2014608332023424e-7
t8627,-1.3013899565798288e-7,-2.4266810772649555e-8,-1.9514635534362047e-7,-3.7053553372442925e-7
t8628,-1.2030975511943697e-7,-2.0677164105674424e-8,-1.8136298645067562e-7,-3.445000223390819e-7
t8629,-1.1556214210586989e-7,-2.0218384943364594e-8,-1.74701855539493e-7,-3.32840755805168e-7
t8630,-1.202027765845741e-7,-2.4944668552404725e-8,-1.8054241756300849e-7,-3.4580179367833874e-7
t8631,-1.3077910525175925e-7,-3.7250954871952226e-8,-1.9088401876146022e-7,-3.545316313346663e-7
t8632,-1.588838299576502e-7,-8.004085169240502e-8,-2.1597052681495255e-7,-3.7530843312583857e-7
t8633,-2.7973305333450426e-7,-2.4455191240018003e-7,-3.2139464095081486e-7,-4.591819775428076e-7
t8634,-1.070582268451617e-6,-1.2853181410215708e-6,-1.0541178605841971e-6,-1.0947665564930633e-6
t8635,-1.5641933752443031e-6,-1.923905370083581e-6,-1.5076560287344817e-6,-1.499385239970111e-6
t8636,-1.2824734439460425e-6,-1.5580361486644309e-6,-1.2511697905283017e-6,-1.2747667248998932e-6
t8637,-1.062848958210437e-6,-1.2656482474177984e-6,-1.0492617955746624e-6,-1.0969957154678526e-6
t8638,-9.58457732354728e-7,-1.1278301618713897e-6,-9.518689428823135e-7,-1.0084372561227812e-6
t8639,-8.386377623300188e-7,-9.811547635812538e-7,-8.36540592339393e-7,-8.958201188860211e-7
t8640,-7.444785075177179e-7,-8.600928021994763e-7,-7.479289114199125e-7,-8.132476195314828e-7
t8641,-6.841889672931118e-7,-7.76284431710333e-7,-6.928312224238245e-7,-7.651232434212602e-7
t8642,-6.348559629033298e-7,-7.06526528448551e-7,-6.480991976378056e-7,-7.280315414049518e-7
t8643,-5.859329344521647e-7,-6.348160866749199e-7,-6.051901723366153e-7,-6.967856224164381e-7
t8644,-5.378975763322893e-7,-5.631908097535503e-7,-5.636790384536095e-7,-6.694318782201723e-7
t8645,-4.892849263178919e-7,-4.938228986220758e-7,-5.216474806266081e-7,-6.432757343536316e-7
t8646,-4.940026454174465e-7,-4.942194148118174e-7,-5.283978096495308e-7,-6.561953119704586e-7
t8647,-5.067525490052193e-7,-5.054285082239743e-7,-5.42083901882126e-7,-6.759377473091413e-7
t8648,-3.3904648742861357e-7,-2.8666827231507486e-7,-3.917861702639435e-7,-5.621529997979121e-7
t8649,-1.895161128455021e-7,-8.084677406603568e-8,-2.613070593125665e-7,-4.543936071986885e-7
t8650,-1.4812298549144635e-7,-3.555536910692066e-8,-2.1767320935962278e-7,-4.062274275242842e-7
t8651,-1.2840504881241151e-7,-2.3836688401164922e-8,-1.921878184241647e-7,-3.689492272323518e-7
t8652,-1.1539993364367862e-7,-1.8166277707752717e-8,-1.7385061778426312e-7,-3.332661812149294e-7
t8653,-1.075801852451871e-7,-1.5987756438265692e-8,-1.6445675365165464e-7,-3.161991106297777e-7
t8654,-1.0957398420472182e-7,-1.8263836747503632e-8,-1.6774766763631692e-7,-3.244304069102848e-7
t8655,-1.2072064410973348e-7,-2.7298027450236322e-8,-1.80789761974357e-7,-3.4586854993012216e-7
t8656,-1.42724935405811e-7,-5.531060563738802e-8,-2.0231239413141244e-7,-3.678735029136072e-7
t8657,-2.2240784655114786e-7,-1.6746272459273433e-7,-2.732883788969096e-7,-4.2546367494931375e-7
t8658,-6.918112747348612e-7,-7.7886389656548e-7,-7.04424191437594e-7,-7.886465601853458e-7
t8659,-9.571458078179092e-7,-1.1321116544893856e-6,-9.503765697675004e-7,-1.0091230530683726e-6
t8660,-8.473626738427846e-7,-9.834763483961943e-7,-8.488429613650187e-7,-9.187783801661053e-7
t8661,-7.535120999748101e-7,-8.539201029015313e-7,-7.625045509300109e-7,-8.432348486404254e-7
t8662,-6.776568524894231e-7,-7.550504085905913e-7,-6.913362361647674e-7,-7.784780326117516e-7
t8663,-6.24155918266654e-7,-6.937964034412498e-7,-6.382926034291448e-7,-7.220179642326662e-7
t8664,-6.3590407230885e-7,-7.11993504880749e-7,-6.485987869401463e-7,-7.288755557253741e-7
t8665,-6.713636071461641e-7,-7.558411942299094e-7,-6.826847641141133e-7,-7.620857386606313e-7
t8666,-7.050799622859175e-7,-7.966305051344828e-7,-7.153982557274844e-7,-7.952093575741588e-7
t8667,-7.378831499299924e-7,-8.347603389368763e-7,-7.480223152366846e-7,-8.289725265617886e-7
t8668,-7.482237740793768e-7,-8.383153062616857e-7,-7.612239229871128e-7,-8.484811559792014e-7
t8669,-7.121297744781063e-7,-7.796371029632777e-7,-7.313818144911371e-7,-8.311116271788167e-7
t8670,-6.442761664005369e-7,-6.825635284097855e-7,-6.708809962038583e-7,-7.858137630213514e-7
t8671,-5.628607112009596e-7,-5.709005563260712e-7,-5.974685827591942e-7,-7.282490799461855e-7
t8672,-2.937152743604191e-7,-2.280026782844116e-7,-3.534271821421183e-7,-5.317086615326574e-7
t8673,-1.7247533338878532e-7,-5.707566311799763e-8,-2.462880348235486e-7,-4.423474221594732e-7
t8674,-1.2632420217960077e-7,-2.1830342618475153e-8,-1.9156327008988195e-7,-3.652380601404005e-7
t8675,-1.0598933685864336e-7,-1.2731383020719069e-8,-1.6273606393496434e-7,-3.0867283460192314e-7
t8676,-1.0152162202711909e-7,-1.0584664176504018e-8,-1.5534460137040563e-7,-2.9460560132799947e-7
t8677,-9.525585130348618e-8,-9.228733466257791e-9,-1.4757322009618014e-7,-2.8179774583150257e-7
t8678,-9.561619927921784e-8,-1.1034217654480141e-8,-1.4882361950879877e-7,-2.881093120271026e-7
t8679,-1.0796580986368058e-7,-1.7416217419063643e-8,-1.6658767875744757e-7,-3.242642934411218e-7
t8680,-1.2714001523016915e-7,-3.432307399119384e-8,-1.8806964381399164e-7,-3.548256321514401e-7
t8681,-1.6573130452858637e-7,-8.974008006269335e-8,-2.2437020397405458e-7,-3.863176146174881e-7
t8682,-3.9856619579876114e-7,-3.9486941003772507e-7,-4.3080895425264573e-7,-5.513602212243381e-7
t8683,-6.41028271800998e-7,-7.095691231783019e-7,-6.560527109888405e-7,-7.453855755774518e-7
t8684,-6.197587138728536e-7,-6.799162034487266e-7,-6.36569358956788e-7,-7.291241492943026e-7
t8685,-6.061966731461381e-7,-6.591691739283069e-7,-6.250097644211441e-7,-7.205534577602197e-7
t8686,-5.901773150947323e-7,-6.413585053438383e-7,-6.09280208423885e-7,-7.048837278107965e-7
t8687,-5.733998619336854e-7,-6.283324235784002e-7,-5.907363672363562e-7,-6.810040642229334e-7
t8688,-5.499425985979892e-7,-6.000674839015161e-7,-5.686163910992676e-7,-6.612451868927833e-7
t8689,-5.277616809658295e-7,-5.699286718133663e-7,-5.487365676762322e-7,-6.449668533414757e-7
t8690,-4.976210837070542e-7,-5.290379418805935e-7,-5.217280479375852e-7,-6.25784259293153e-7
t8691,-4.597631661404158e-7,-4.749302959025226e-7,-4.889354002707082e-7,-6.049054058808979e-7
t8692,-4.345630704503926e-7,-4.340115595799379e-7,-4.695406006822597e-7,-5.977335925118786e-7
t8693,-3.9603166978694205e-7,-3.7093253289925097e-7,-4.403871169181246e-7,-5.908013808765078e-7
t8694,-3.651752015136453e-7,-3.2515763736994734e-7,-4.1541915168850765e-7,-5.784466158698057e-7
t8695,-3.387458223375087e-7,-2.8494615419682964e-7,-3.9440517403995514e-7,-5.679739328949846e-7
t8696,-2.3216450356679118e-7,-1.3624482909619338e-7,-3.044547430565799e-7,-5.01472043520693e-7
t8697,-1.5798864178789633e-7,-3.391959354877254e-8,-2.356707841160973e-7,-4.3842189406688354e-7
t8698,-1.1132955495161087e-7,-1.2748575215098578e-8,-1.7178115918031096e-7,-3.2419853924316135e-7
t8699,-1.0268391935198529e-7,-9.014197165991548e-9,-1.5945993116957606e-7,-3.00781241314556e-7
t8700,-1.0038988565689854e-7,-8.106101016174844e-9,-1.5573358358531658e-7,-2.945559833231769e-7
t8701,-9.31097233665891e-8,-6.167745895231055e-9,-1.4585097232230356e-7,-2.774741218097563e-7
t8702,-8.964072552228496e-8,-5.864515229341745e-9,-1.4169127115754765e-7,-2.7028677524040846e-7
t8703,-1.0193266854146797e-7,-1.1112499609348536e-8,-1.6107654521490332e-7,-3.158404277734281e-7
t8704,-1.2507928036159433e-7,-2.6537013210631397e-8,-1.901547090826757e-7,-3.6071309668929886e-7
t8705,-1.661824324159852e-7,-8.414114983809763e-8,-2.2916941487107148e-7,-3.945399837135334e-7
t8706,-3.215667284759045e-7,-2.9039531247013457e-7,-3.6445055172651323e-7,-5.020235925776245e-7
t8707,-4.383362036348935e-7,-4.3917391837896657e-7,-4.7066150396154307e-7,-5.892323048885003e-7
t8708,-4.4027988644494215e-7,-4.408585138702044e-7,-4.7284038481831637e-7,-5.926521690933935e-7
t8709,-4.4920568441957507e-7,-4.5012797395829906e-7,-4.818498384562675e-7,-6.007990407359044e-7
t8710,-4.770771521015245e-7,-4.879193522908878e-7,-5.073424346438709e-7,-6.212312438691329e-7
t8711,-5.307136468497675e-7,-5.656175712747194e-7,-5.538469184127937e-7,-6.498098877388276e-7
t8712,-6.620867106625171e-7,-7.407302756320726e-7,-6.74687057173227e-7,-7.515937838689042e-7
t8713,-8.70704006135088e-7,-1.0148747879019924e-6,-8.686185635066497e-7,-9.241329638917851e-7
t8714,-1.0686651762742264e-6,-1.2741027724687517e-6,-1.0520276035819238e-6,-1.092426515646813e-6
t8715,-1.222416164319121e-6,-1.4706139685575925e-6,-1.196094627386608e-6,-1.2278484327790626e-6
t8716,-1.385196671586968e-6,-1.6734756922927207e-6,-1.3506002400285652e-6,-1.374864089214567e-6
t8717,-1.4957263154492339e-6,-1.7927310609557566e-6,-1.4676333733490828e-6,-1.5066964638658253e-6
t8718,-1.5593270550322135e-6,-1.870793778040689e-6,-1.529879794551044e-6,-1.5681126274192854e-6
t8719,-1.5596774376970425e-6,-1.866939610136655e-6,-1.5330931127195037e-6,-1.5767659697584943e-6
t8720,-5.967504223820768e-7,-5.95945737056058e-7,-6.374103689632953e-7,-7.873739478690767e-7
t8721,-2.346283835537893e-7,-1.1701676892438831e-7,-3.1171045395392944e-7,-5.261563336524652e-7
t8722,-1.6356442685299278e-7,-4.2202231425049504e-8,-2.3816399029150814e-7,-4.400329010118905e-7
t8723,-1.339770893209997e-7,-2.5366840086671548e-8,-1.985900334650521e-7,-3.694951907679687e-7
t8724,-1.1990839155294936e-7,-2.023754736088276e-8,-1.8032398595319581e-7,-3.362942462951856e-7
t8725,-1.1111827909144956e-7,-1.8633740772639645e-8,-1.7086042617821925e-7,-3.2138320849462e-7
t8726,-1.1665960457771614e-7,-2.2833886993973657e-8,-1.7915396757709644e-7,-3.396369695452505e-7
t8727,-1.2805580997504582e-7,-3.2627145001656513e-8,-1.9280314786927557e-7,-3.6044535360052826e-7
t8728,-1.6112130331690345e-7,-7.62801535798569e-8,-2.2438515364695167e-7,-3.9098726333987886e-7
t8729,-2.964571907881273e-7,-2.5900988942059083e-7,-3.4312377694193786e-7,-4.882016038286969e-7
t8730,-1.4334230203529116e-6,-1.7463873313614419e-6,-1.3930412921577956e-6,-1.4102560127249213e-6
t8731,-3.344956677358894e-6,-4.049075192357888e-6,-3.146454202358105e-6,-2.9590396352207387e-6
t8732,-4.12179243447884e-6,-4.920976048388878e-6,-3.870272652799476e-6,-3.604747121183781e-6
t8733,-7.350548994224242e-6,-8.391038527116052e-6,-6.92099186984797e-6,-6.313585865972689e-6
t8734,-8.206996951077218e-6,-9.275805958789106e-6,-7.737265819655859e-6,-7.052677372809609e-6
t8735,-8.738386644818376e-6,-9.814579436750049e-6,-8.248548111603312e-6,-7.525069722833102e-6
t8736,-9.033916095924642e-6,-1.0126200203430303e-5,-8.526480300859038e-6,-7.785104349492012e-6
t8737,-9.156321838611268e-6,-1.0279005089931017e-5,-8.652510944268534e-6,-7.898629440023801e-6
t8738,-9.17646621720101e-6,-1.0312450873396461e-5,-8.668240176534342e-6,-7.912840575085189e-6
t8739,-9.086391849264166e-6,-1.023729872349462e-5,-8.578776648007783e-6,-7.835713847712407e-6
t8740,-8.885894320939948e-6,-1.005716788349741e-5,-8.392248788829502e-6,-7.65782338824718e-6
t8741,-8.578230660038819e-6,-9.770751319110431e-6,-8.097599593663803e-6,-7.399683673181312e-6
t8742,-8.174007974597585e-6,-9.38007384227828e-6,-7.714820479362366e-6,-7.0504967593912414e-6
t8743,-7.680022673323001e-6,-8.879562430278824e-6,-7.246564649429591e-6,-6.6357357660777316e-6
t8744,-7.0744984780304055e-6,-8.246539116754435e-6,-6.670046596290685e-6,-6.116295121616025e-6
t8745,-6.255888176353842e-6,-7.369353504349964e-6,-5.896833120534993e-6,-5.428651418976095e-6
t8746,-4.529952509402776e-6,-5.452836846754559e-6,-4.280117969466829e-6,-4.0069132996952935e-6
t8747,-2.3639230940468935e-6,-2.8740964998035482e-6,-2.2853068405587184e-6,-2.2588589062276595e-6
t8748,-9.005495689401559e-7,-9.824272908380017e-7,-9.204684843156778e-7,-1.0419506066520975e-6
t8749,-3.266316084408121e-7,-2.6226033948706007e-7,-3.830056476054539e-7,-5.859144563345874e-7
t8750,-2.2811496055680716e-7,-1.4532942599020618e-7,-2.914279610047737e-7,-4.978817825564388e-7
t8751,-1.9398155886548115e-7,-1.0609487655679778e-7,-2.572858075513565e-7,-4.6077665134249555e-7
t8752,-1.8905723796033203e-7,-1.0549728555646122e-7,-2.5221159081136106e-7,-4.537742953737464e-7
t8753,-1.792556821074905e-7,-9.510000481003412e-8,-2.413266700614638e-7,-4.476690212638144e-7
t8754,-2.0860410704995318e-7,-1.3817699718237003e-7,-2.6730039116517794e-7,-4.7203967255014267e-7
t8755,-2.5988225612787577e-7,-2.0641663030106018e-7,-3.121043262017613e-7,-5.12947385110112e-7
t8756,-5.075175791087449e-7,-5.182573447044996e-7,-5.351399669264106e-7,-6.875356961042219e-7
t8757,-3.1797177147458134e-7,-2.6423905291215934e-7,-3.707608427534457e-7,-5.33251107447745e-7
t8758,-3.08016688967961e-7,-2.572097712797288e-7,-3.5969251584283736e-7,-5.176286724323008e-7
t8759,-2.9694689201086613e-7,-2.507712457040059e-7,-3.463066095494728e-7,-4.97735469754048e-7
t8760,-2.86260983960298e-7,-2.385771392610159e-7,-3.364339759129619e-7,-4.88283170999718e-7
